Frame,root_translateX,root_translateY,root_translateZ,root_rotateX,root_rotateY,root_rotateZ,left_hip_pitch_joint_dof,left_hip_roll_joint_dof,left_hip_yaw_joint_dof,left_knee_joint_dof,left_ankle_pitch_joint_dof,left_ankle_roll_joint_dof,right_hip_pitch_joint_dof,right_hip_roll_joint_dof,right_hip_yaw_joint_dof,right_knee_joint_dof,right_ankle_pitch_joint_dof,right_ankle_roll_joint_dof,waist_yaw_joint_dof,waist_roll_joint_dof,waist_pitch_joint_dof,left_shoulder_pitch_joint_dof,left_shoulder_roll_joint_dof,left_shoulder_yaw_joint_dof,left_elbow_joint_dof,left_wrist_roll_joint_dof,left_wrist_pitch_joint_dof,left_wrist_yaw_joint_dof,right_shoulder_pitch_joint_dof,right_shoulder_roll_joint_dof,right_shoulder_yaw_joint_dof,right_elbow_joint_dof,right_wrist_roll_joint_dof,right_wrist_pitch_joint_dof,right_wrist_yaw_joint_dof
0,2.2027785778045654,-0.3346429765224457,78.68367004394531,0.06666049495079003,-2.40233910482793,172.32369869685488,4.0993814,7.0678368,5.468912,9.331711,-9.886779,-6.5319147,4.9090285,-4.954153,-14.83755,8.068462,-11.491903,3.0926518,0.2695689,2.9329872,8.269342,0.74142015,13.0980425,-35.886063,53.40151,-0.65187174,5.970326,12.259218,-6.647409,-10.636324,40.021675,63.445248,8.225607,1.919816,-9.278316
1,2.2018017768859863,-0.33883628249168396,78.68348693847656,0.07771524551582526,-2.3643042811084927,172.27926350944134,4.072812,7.0569625,5.516496,9.318419,-9.87805,-6.5114226,4.8655667,-4.963255,-14.773399,8.04644,-11.514323,3.1220086,0.29978877,2.924814,8.259898,0.7488976,13.113776,-35.882027,53.379738,-0.6371376,5.9620485,12.248959,-6.684062,-10.635362,40.0414,63.466743,8.232896,1.9062201,-9.248235
2,2.199392557144165,-0.34281718730926514,78.6833267211914,0.08854558035056294,-2.3267856547269443,172.23705619261403,4.0460587,7.0463915,5.5620637,9.305983,-9.870189,-6.4900303,4.8235765,-4.9720945,-14.712404,8.023599,-11.538305,3.1497693,0.3032347,2.9123173,8.255723,0.7936554,13.158832,-35.851242,53.309868,-0.6212919,5.95492,12.233966,-6.729903,-10.634905,40.09621,63.48483,8.254909,1.8922614,-9.220271
3,2.2024424076080322,-0.3492140471935272,78.68285369873047,0.09987678047950621,-2.2882216623002583,172.19044951026913,4.020129,7.035347,5.611631,9.29105,-9.860414,-6.47053,4.7783947,-4.981295,-14.644992,8.0021515,-11.558897,3.1804452,0.3169747,2.9029157,8.25021,0.8240117,13.190875,-35.82846,53.2598,-0.60598,5.9483094,12.223091,-6.7753763,-10.6371,40.142467,63.50567,8.270364,1.879732,-9.191569
4,2.209861993789673,-0.3566953241825104,78.68436431884766,0.11334261817830922,-2.2468267721658486,172.1328090710979,3.9962628,7.0225973,5.6712875,9.27111,-9.84714,-6.4556026,4.7272406,-4.9913626,-14.56192,7.979043,-11.568267,3.2185605,0.33573124,2.8957255,8.245012,0.8519663,13.219781,-35.808346,53.21548,-0.59540457,5.9448023,12.220615,-6.832928,-10.642379,40.200546,63.538322,8.284061,1.8700526,-9.163853
5,2.206444263458252,-0.36226823925971985,78.68553161621094,0.12761257103911805,-2.2074995254549212,172.06126421852676,3.9836073,7.0091295,5.743262,9.240683,-9.827684,-6.4470453,4.6774716,-5.001381,-14.459168,7.9507914,-11.563629,3.2742665,0.3663044,2.8950357,8.244245,0.87451977,13.239144,-35.79765,53.181427,-0.589547,5.9468136,12.237325,-6.9047904,-10.649763,40.268932,63.590546,8.289595,1.8629159,-9.137311
6,2.210908889770508,-0.3776721656322479,78.68852233886719,0.14094193764511204,-2.1695791007480585,171.97995193898007,3.9764075,6.997035,5.8234234,9.207624,-9.806309,-6.4432163,4.629664,-5.009565,-14.342973,7.9156594,-11.546951,3.3424566,0.41455764,2.8992755,8.245938,0.8800581,13.24744,-35.79963,53.169697,-0.58520806,5.9515886,12.265842,-6.983941,-10.655887,40.32779,63.657387,8.281276,1.857288,-9.109523
7,2.216127395629883,-0.3911413848400116,78.69141387939453,0.15443724688078986,-2.1221070277935503,171.89261875728016,3.9614701,6.9843907,5.9095845,9.170435,-9.781635,-6.44133,4.567015,-5.0164523,-14.219029,7.8832664,-11.523429,3.404616,0.43104094,2.9077082,8.241727,0.9168797,13.263648,-35.775024,53.12984,-0.587085,5.958112,12.291924,-7.0801134,-10.674224,40.44664,63.725964,8.3013315,1.8558611,-9.087775
8,2.223174810409546,-0.40213704109191895,78.69503784179688,0.1685957015816812,-2.055276144740183,171.80270432462024,3.9257295,6.9702277,5.999778,9.127913,-9.751638,-6.4388757,4.4717717,-5.0228505,-14.092231,7.8649745,-11.497975,3.4417844,0.47260356,2.9124413,8.220575,0.91775846,13.270879,-35.771824,53.125282,-0.59321606,5.9620934,12.295725,-7.1741185,-10.687965,40.511738,63.795567,8.305579,1.8579144,-9.06272
9,2.2390456199645996,-0.41751810908317566,78.70035552978516,0.17659467639927118,-1.9572007365203121,171.71066440629443,3.8548143,6.962478,6.094091,9.078863,-9.713677,-6.4419465,4.3238077,-5.0232797,-13.965219,7.868789,-11.463404,3.4309542,0.50584584,2.9262502,8.173471,0.926559,13.275645,-35.76228,53.11159,-0.6063795,5.970746,12.277698,-7.2855234,-10.701645,40.578526,63.875256,8.321747,1.8707628,-9.03849
10,2.2433676719665527,-0.4352453947067261,78.7076644897461,0.18058791918398676,-1.8365021132487362,171.61377603235118,3.7593598,6.958931,6.194312,9.025124,-9.670102,-6.449556,4.134638,-5.0208454,-13.832991,7.893153,-11.4227705,3.387377,0.5488405,2.9410994,8.106701,0.9205042,13.278088,-35.75622,53.114647,-0.6236248,5.980257,12.239988,-7.403116,-10.712997,40.626553,63.961243,8.332294,1.890123,-9.012351
11,2.2470383644104004,-0.45009371638298035,78.71381378173828,0.19711830130135327,-1.712466880668799,171.51437883496175,3.663481,6.940216,6.2979474,8.966405,-9.624141,-6.448282,3.9342053,-5.032739,-13.692842,7.935269,-11.398196,3.3495066,0.5626188,2.9482932,8.039547,0.9313894,13.282132,-35.73149,53.102505,-0.64557827,5.984834,12.194078,-7.5321093,-10.736605,40.71299,64.04103,8.371855,1.9077985,-8.992682
12,2.259852647781372,-0.4636305272579193,78.70684051513672,0.2728562144365119,-1.5962024335114195,171.40477667538062,3.6026642,6.8517394,6.4190626,8.864109,-9.558936,-6.4191303,3.3295064,-5.2118483,-13.491142,8.886512,-11.8799095,3.3631923,0.5951981,2.892487,7.975287,0.9263686,13.287215,-35.727257,53.10555,-0.6668603,5.9789667,12.145787,-7.649474,-10.756785,40.769722,64.110275,8.410072,1.9140633,-8.981293
13,2.2549610137939453,-0.46858522295951843,78.69851684570312,0.3832578965425829,-1.5000820398603671,171.2961493277924,3.5666256,6.7218657,6.5376368,8.762971,-9.495562,-6.35723,2.7495625,-5.428892,-13.279274,9.851038,-12.402349,3.438026,0.6201661,2.8008525,7.926731,0.9182878,13.298257,-35.74062,53.109493,-0.70370996,5.9570293,12.097201,-7.754626,-10.7824135,40.81668,64.16515,8.471202,1.8984051,-8.996396
14,2.2535171508789062,-0.47260886430740356,78.68716430664062,0.5118008385999824,-1.4153048506726889,171.18876449413443,3.542603,6.569766,6.652752,8.66685,-9.435601,-6.2728705,2.2173145,-5.65836,-13.062212,10.748651,-12.913626,3.5476496,0.6474055,2.6896126,7.8947206,0.9156103,13.333792,-35.77636,53.087032,-0.75656533,5.9254713,12.042617,-7.833181,-10.836236,40.843678,64.17181,8.548038,1.8706162,-9.027308
15,2.25445556640625,-0.47956231236457825,78.67223358154297,0.6482179312038642,-1.3431680823442687,171.08355792073866,3.5357263,6.406609,6.765889,8.569918,-9.381431,-6.183611,1.7255197,-5.887657,-12.838415,11.597146,-13.420168,3.6699445,0.67535585,2.5677648,7.871264,0.9028026,13.372989,-35.825016,53.07431,-0.80018836,5.8905325,11.984581,-7.9187407,-10.880164,40.85991,64.18634,8.615555,1.8428388,-9.044144
16,2.2542123794555664,-0.4913029670715332,78.65483093261719,0.7824441666562025,-1.2851451751568965,170.98151297711152,3.552088,6.2440343,6.8784924,8.465757,-9.335699,-6.1078134,1.2781042,-6.1005754,-12.607107,12.390686,-13.918209,3.7833138,0.69600135,2.4484198,7.8549366,0.8738128,13.402503,-35.868645,53.08866,-0.8085163,5.8578515,11.923098,-8.026152,-10.907961,40.886894,64.2219,8.656635,1.8298833,-9.014576
17,2.248335599899292,-0.4980790913105011,78.63628387451172,0.9122201929495395,-1.2449095647564596,170.88535566569854,3.5964658,6.0840793,6.986125,8.3525,-9.301637,-6.0521593,0.8779242,-6.2895217,-12.365851,13.132668,-14.407795,3.8803165,0.7070203,2.3309472,7.854915,0.8578322,13.451307,-35.916107,53.080326,-0.77498347,5.836176,11.862266,-8.125403,-10.949345,40.913845,64.21986,8.653532,1.8458667,-8.911016
18,2.2344465255737305,-0.5037102699279785,78.60847473144531,1.024897542635261,-1.2175156539971508,170.79749124477786,3.5342088,5.9570727,7.0699515,8.502208,-9.417976,-6.008741,0.51004845,-6.44839,-12.122165,13.844764,-14.901334,3.9723694,0.7062287,2.2273328,7.872322,0.8568808,13.5320215,-35.96613,53.036724,-0.71350545,5.818719,11.795436,-8.214826,-11.01376,40.937042,64.17369,8.621843,1.8789997,-8.752473
19,2.2113735675811768,-0.509338915348053,78.58059692382812,1.1280985407688524,-1.1968990989131814,170.71015164641383,3.4055235,5.8506503,7.1478977,8.819166,-9.628494,-5.968331,0.17228942,-6.592043,-11.878916,14.515456,-15.396101,4.0700345,0.70472103,2.1388447,7.8841476,0.81240124,13.571177,-36.00908,53.06487,-0.6308003,5.7964015,11.724842,-8.342704,-11.045176,40.98508,64.19006,8.591783,1.9123579,-8.591822
20,2.1851115226745605,-0.5277807712554932,78.54813385009766,1.2261054654466523,-1.1757621266064455,170.61626687942618,3.2691686,5.753242,7.238271,9.164658,-9.853611,-5.9220634,-0.14399372,-6.73252,-11.639473,15.14531,-15.894862,4.184414,0.71574116,2.0574129,7.920578,0.78875786,13.674262,-36.039516,53.01491,-0.55934376,5.7727966,11.634502,-8.462574,-11.131741,41.09378,64.147545,8.613647,1.941923,-8.470239
21,2.1509132385253906,-0.5389823317527771,78.51726531982422,1.3213230623249375,-1.1626000798459093,170.51974206874942,3.1385627,5.6616225,7.3414235,9.531475,-10.089978,-5.8656936,-0.41773534,-6.8688397,-11.404862,15.720492,-16.4169,4.3213964,0.741564,1.9828908,7.971981,0.7326509,13.781227,-36.06345,52.987217,-0.4931851,5.7339993,11.516157,-8.596714,-11.227576,41.260033,64.11159,8.682801,1.9596964,-8.419084
22,2.1270968914031982,-0.5638200044631958,78.48538970947266,1.4150464705599148,-1.1579512863504589,170.42135648970358,3.02136,5.572945,7.4545755,9.9037285,-10.334558,-5.804144,-0.6532574,-6.999023,-11.172622,16.250074,-16.955637,4.4756675,0.77611226,1.9136071,8.036919,0.6548252,13.893969,-36.0823,52.97215,-0.42491576,5.6851926,11.377423,-8.741349,-11.334805,41.47372,64.07417,8.783863,1.9726465,-8.408371
23,2.0992419719696045,-0.5865622162818909,78.4515380859375,1.4999012493770498,-1.142865804169052,170.31177289288843,2.874974,5.496672,7.578573,10.321761,-10.600926,-5.743388,-0.886083,-7.1210747,-10.946143,16.744186,-17.469273,4.640143,0.82148474,1.8625411,8.102856,0.56702256,14.011483,-36.077335,52.9461,-0.35026634,5.6430187,11.241522,-8.912506,-11.456448,41.73134,64.04871,8.916994,1.9848409,-8.394507
24,2.0613293647766113,-0.6137641668319702,78.41716766357422,1.5689045337251624,-1.0982833551864466,170.1814431250246,2.6633208,5.4411707,7.7154026,10.814544,-10.899081,-5.689181,-1.1505389,-7.234022,-10.7282,17.211363,-17.915163,4.8075867,0.87924165,1.8422191,8.156804,0.48021212,14.130922,-36.029106,52.88781,-0.264813,5.6237755,11.131815,-9.127523,-11.596346,42.030922,64.05058,9.082955,2.0003176,-8.333862
25,2.034330368041992,-0.6478607058525085,78.38169860839844,1.6281221275966067,-1.0161912730508635,170.01720325005044,2.3876195,5.3996153,7.878511,11.3669815,-11.226424,-5.644541,-1.4676968,-7.3467927,-10.511393,17.665121,-18.281248,4.982121,0.95565206,1.850931,8.192563,0.39193115,14.2488785,-35.93569,52.805393,-0.16738702,5.6453204,11.048106,-9.388438,-11.757261,42.37334,64.08154,9.342469,2.0179856,-8.208399
26,2.0029075145721436,-0.6933957934379578,78.34427642822266,1.6795966769637265,-0.9079404234228341,169.82744752809302,2.0636182,5.3695965,8.062969,11.972059,-11.580172,-5.60555,-1.8152424,-7.4579206,-10.296543,18.09867,-18.590576,5.165908,1.0484275,1.8833686,8.218005,0.2958289,14.364487,-35.80631,52.7094,-0.059890557,5.6941957,10.980184,-9.685674,-11.940509,42.762054,64.13075,9.6774235,2.0373294,-8.043112
27,1.9634885787963867,-0.7470614910125732,78.30792999267578,1.7100863433670777,-0.7837752271117364,169.63510622457196,1.6766514,5.3670497,8.242534,12.67143,-11.969416,-5.567439,-2.1593413,-7.5489674,-10.098693,18.481283,-18.852795,5.348646,1.1466851,1.9480808,8.242311,0.1979775,14.479329,-35.63877,52.580414,0.05886131,5.739781,10.936363,-10.011664,-12.145243,43.191628,64.18652,9.962626,2.0640388,-7.858748
28,1.9395997524261475,-0.8094426989555359,78.26937866210938,1.7063482479658723,-0.6540597428468317,169.4633038798604,1.2086998,5.408418,8.39031,13.51367,-12.406871,-5.525303,-2.4740887,-7.603847,-9.932267,18.799646,-19.07978,5.519715,1.2383188,2.0526226,8.273839,0.10504861,14.597152,-35.43081,52.398045,0.18850903,5.751843,10.924824,-10.364107,-12.370565,43.66132,64.24392,10.075839,2.102343,-7.675982
29,1.9060132503509521,-0.8799949884414673,78.2328872680664,1.6624596933490778,-0.5008134007431119,169.323690579371,0.62471145,5.503317,8.501976,14.520345,-12.908008,-5.4713125,-2.7776601,-7.6174517,-9.808263,19.050102,-19.267042,5.681769,1.3172209,2.2026198,8.296866,0.009679101,14.721748,-35.186844,52.166393,0.33333907,5.716052,10.955202,-10.751139,-12.614315,44.16457,64.321014,9.951443,2.1510532,-7.465766
30,1.8729782104492188,-0.9530772566795349,78.19781494140625,1.586592091898146,-0.3256638075783346,169.202017805578,-0.049574513,5.6404123,8.5901375,15.649889,-13.458897,-5.4095683,-3.075971,-7.5993423,-9.716619,19.241613,-19.41087,5.8386164,1.3900357,2.3911984,8.312676,-0.08655911,14.854477,-34.906788,51.889427,0.49055392,5.6511674,11.020431,-11.172587,-12.875885,44.705902,64.41705,9.665171,2.206824,-7.228053
31,1.8337541818618774,-1.0225098133087158,78.16439819335938,1.4855285070420023,-0.1682434102154636,169.0818028923164,-0.7504441,5.807827,8.652177,16.87723,-14.0278845,-5.353001,-3.3199441,-7.554155,-9.640558,19.367323,-19.521418,5.98093,1.4645057,2.6099286,8.355964,-0.15892155,14.994658,-34.57809,51.541054,0.6538361,5.576705,11.103234,-11.606351,-13.155618,45.297783,64.48815,9.307187,2.2715673,-7.0273433
32,1.8146414756774902,-1.1149154901504517,78.1227798461914,1.3661654127225078,-0.06792227120165897,168.94696619717962,-1.4102818,5.9931755,8.686513,18.167938,-14.581616,-5.3150263,-3.461246,-7.485611,-9.563662,19.421156,-19.609343,6.099248,1.5473008,2.8508213,8.461013,-0.18371956,15.140716,-34.187508,51.096447,0.81653565,5.5120254,11.186364,-12.0331955,-13.455593,45.954407,64.49324,8.967827,2.348373,-6.928103
33,1.7828630208969116,-1.2078227996826172,78.08106994628906,1.2149382926462178,-0.05000277414728143,168.78620227580714,-1.9927082,6.2177277,8.714097,19.524046,-15.120495,-5.3060336,-3.460946,-7.3741775,-9.482266,19.379347,-19.671314,6.1760225,1.641288,3.1352327,8.65478,-0.15148339,15.291181,-33.71334,50.53269,0.98817325,5.4745684,11.256247,-12.461266,-13.779214,46.71831,64.42753,8.637132,2.4577637,-6.9806914
34,1.734576940536499,-1.301987648010254,78.04547882080078,1.0324209975327725,-0.08852482789036638,168.61074195657793,-2.5378146,6.480643,8.727873,20.954235,-15.655508,-5.31639,-3.3523378,-7.223225,-9.4050045,19.249142,-19.7014,6.2208476,1.7394599,3.4615505,8.912931,-0.075360395,15.446274,-33.16467,49.86742,1.1697936,5.4499784,11.324643,-12.895851,-14.1268835,47.574673,64.30648,8.281076,2.5932364,-7.1386275
35,1.6679840087890625,-1.4068982601165771,78.01643371582031,0.8479884138777759,-0.14542481739369933,168.43866955964378,-3.0899086,6.734958,8.686314,22.42947,-16.170103,-5.330087,-3.1947107,-7.0726795,-9.333135,19.06976,-19.707596,6.265637,1.8382429,3.7869704,9.193689,0.032745723,15.606512,-32.580315,49.136623,1.3401406,5.4100733,11.412596,-13.307393,-14.493713,48.440063,64.11176,7.9480124,2.7185233,-7.3223243
36,1.5820245742797852,-1.5168038606643677,77.99506378173828,0.6914229719541091,-0.18245494797568135,168.28767338459653,-3.6937058,6.9313364,8.548972,23.92165,-16.647377,-5.331098,-3.0459445,-6.9631467,-9.2684555,18.87728,-19.695364,6.3424125,1.9372929,4.066892,9.454353,0.15893152,15.772583,-32.003147,48.380127,1.476533,5.3267336,11.541922,-13.669254,-14.873213,49.22587,63.83284,7.683637,2.7953174,-7.453302
37,1.5113333463668823,-1.6233527660369873,77.97766876220703,0.5631149622403325,-0.1909402886535965,168.17375839379443,-4.374045,7.0595217,8.284258,25.454746,-17.04708,-5.335162,-2.8910196,-6.895557,-9.228576,18.63064,-19.64576,6.4581404,2.0361764,4.2939906,9.678771,0.29833,15.945933,-31.447056,47.60827,1.556994,5.1777706,11.738885,-13.979449,-15.265008,49.940918,63.4655,7.503346,2.8036265,-7.5172844
38,1.4107131958007812,-1.7360992431640625,77.96925354003906,0.45053251659805915,-0.19049660472327906,168.08343630394722,-5.099985,7.1405334,7.9227858,27.027699,-17.388332,-5.3441973,-2.707779,-6.852274,-9.206608,18.324076,-19.56037,6.596553,2.1382658,4.488766,9.89075,0.45790163,16.126608,-30.89179,46.800907,1.5981951,4.9833417,11.985453,-14.252762,-15.670632,50.61569,63.021484,7.3784423,2.7661946,-7.5549803
39,1.3178271055221558,-1.8507946729660034,77.9590835571289,0.3638114300146656,-0.18568218261690383,167.99058788981426,-5.845317,7.172493,7.5160685,28.60088,-17.75363,-5.322212,-2.5490792,-6.846519,-9.168325,18.060173,-19.484213,6.7549386,2.2496328,4.6481514,10.107483,0.6408482,16.31183,-30.329485,45.953403,1.634619,4.7781096,12.237213,-14.489494,-16.084066,51.195435,62.516323,7.2930923,2.7083783,-7.571022
40,1.2368974685668945,-1.983330249786377,77.94528198242188,0.3130557412068947,-0.18115192431837257,167.86930325200592,-6.58091,7.1543446,7.1154194,30.129322,-18.226223,-5.2341385,-2.468753,-6.891951,-9.079414,17.943577,-19.46344,6.930689,2.3788638,4.7691665,10.344238,0.84650767,16.496674,-29.755249,45.066692,1.6999054,4.597154,12.45059,-14.691797,-16.49549,51.62081,61.973812,7.2274265,2.6549854,-7.5698547
41,1.1389981508255005,-2.117685317993164,77.93350982666016,0.30111509538372894,-0.1759474738640034,167.7203297579969,-7.2984095,7.0724,6.7156997,31.601364,-18.877457,-5.045498,-2.4364104,-6.991623,-8.944794,17.910015,-19.467148,7.1520367,2.5257738,4.8523006,10.594937,1.0751668,16.675856,-29.167727,44.138596,1.7974974,4.4491076,12.61372,-14.85494,-16.897284,51.858555,61.40038,7.172955,2.6106658,-7.540613
42,1.0410507917404175,-2.261322021484375,77.91356658935547,0.32259185705507165,-0.16831174673883695,167.55520979312104,-8.013724,6.928613,6.2959137,33.04345,-19.647617,-4.785125,-2.4394267,-7.138705,-8.77814,17.935677,-19.485706,7.4106174,2.6875794,4.8996735,10.852494,1.3217909,16.847569,-28.571117,43.17846,1.9105211,4.3153143,12.750976,-14.9849615,-17.287119,51.943638,60.799545,7.139415,2.5618758,-7.485289
43,0.9514452219009399,-2.410869598388672,77.88660430908203,0.37397799612639654,-0.1610906017868607,167.3634232626972,-8.73341,6.7488794,5.883407,34.465515,-20.420313,-4.5123067,-2.5577912,-7.33082,-8.558142,18.18304,-19.595102,7.647907,2.8680007,4.912305,11.131513,1.580139,17.01256,-27.967634,42.199764,2.0428035,4.1901965,12.873374,-15.099091,-17.661348,51.922054,60.1858,7.1384206,2.5065038,-7.427925
44,0.8453162312507629,-2.560757875442505,77.85035705566406,0.4522850486969889,-0.15692845000533945,167.1346087218757,-9.46326,6.561782,5.506438,35.875454,-21.079485,-4.285681,-2.871463,-7.565935,-8.262746,18.813705,-19.871906,7.8049865,3.0692105,4.8898816,11.446641,1.8457776,17.173464,-27.357748,41.213715,2.1983073,4.0683722,12.991618,-15.216158,-18.015547,51.83858,59.5768,7.177476,2.4423091,-7.3925567
45,0.7368344068527222,-2.714925765991211,77.79655456542969,0.5719565931141769,-0.14094386229990416,166.864623873622,-10.211509,6.3522096,5.179258,37.2546,-21.583292,-4.106982,-3.4078588,-7.866787,-7.888344,19.856716,-20.368263,7.9140296,3.29827,4.815161,11.785598,2.1255524,17.32771,-26.74269,40.22021,2.3633618,3.975725,13.119275,-15.322279,-18.342432,51.669247,58.97939,7.269636,2.37295,-7.40387
46,0.6510217785835266,-2.8779001235961914,77.71244812011719,0.7316824769348635,-0.115989380920872,166.55931692310358,-10.971794,6.1127734,4.8869658,38.60491,-21.997461,-3.94787,-4.123701,-8.227242,-7.4408207,21.223574,-21.030167,7.9887195,3.5507824,4.6924376,12.146023,2.418879,17.473846,-26.119242,39.21408,2.5409617,3.9062474,13.246994,-15.418991,-18.63729,51.402287,58.39495,7.4058394,2.297751,-7.4432254
47,0.581384539604187,-3.056138277053833,77.59683227539062,0.9086888991408338,-0.11110999493236427,166.22257752606149,-11.731121,5.8816757,4.6154475,39.970726,-22.369797,-3.8207042,-4.991017,-8.603619,-6.910061,22.898619,-21.774738,7.9428554,3.811799,4.5500927,12.558175,2.7136908,17.620966,-25.478952,38.194843,2.7593153,3.806724,13.350813,-15.552318,-18.901783,51.111565,57.83049,7.5692415,2.2081587,-7.4695587
48,0.5285590291023254,-3.2299790382385254,77.44910430908203,1.0826893009347769,-0.15565714075747578,165.85813862024577,-12.475456,5.693898,4.350394,41.393856,-22.746744,-3.737563,-5.9768047,-8.949797,-6.286523,24.860746,-22.516386,7.6919546,4.0631843,4.413319,13.05415,3.0076776,17.785324,-24.808725,37.148846,3.046989,3.624179,13.405364,-15.765126,-19.140396,50.873688,57.282707,7.7446146,2.096416,-7.441764
49,0.469020813703537,-3.4169490337371826,77.26651763916016,1.2708043562966087,-0.24778376329070442,165.44144004432434,-13.18315,5.5338345,4.108817,42.828316,-23.090305,-3.716196,-7.1510935,-9.250413,-5.505445,27.219166,-23.214996,7.0632615,4.3174243,4.260809,13.641133,3.3227067,17.977192,-24.10777,36.055363,3.3418124,3.3146033,13.367159,-16.052557,-19.351768,50.698097,56.740685,7.931707,1.9670933,-7.381294
50,0.4191872775554657,-3.60713791847229,77.04216766357422,1.4863474274344812,-0.37364964480323043,164.97820364985262,-13.865297,5.3829346,3.8953443,44.266087,-23.390041,-3.7420192,-8.488704,-9.519941,-4.5906014,29.908878,-23.894957,6.158231,4.5763993,4.077174,14.305888,3.6685824,18.19992,-23.374855,34.905586,3.6489851,2.9163709,13.260573,-16.400133,-19.533438,50.553814,56.206676,8.139825,1.8225336,-7.299076
51,0.39121732115745544,-3.793043613433838,76.76294708251953,1.6967385609674932,-0.5467084143707829,164.51866462047082,-14.560434,5.278849,3.6719863,45.811275,-23.737349,-3.780833,-9.806989,-9.761919,-3.6774778,32.64697,-24.576208,5.309954,4.8056207,3.9031262,15.049782,4.028484,18.461637,-22.597292,33.7006,4.0983863,2.499599,13.16262,-16.829838,-19.691584,50.45285,55.68938,8.364174,1.6520067,-7.1381197
52,0.3596959710121155,-3.9871890544891357,76.4328384399414,1.8612609718040625,-0.781676350915548,164.11308138102396,-15.308719,5.26636,3.3953755,47.569733,-24.224588,-3.8001957,-10.941139,-9.988899,-2.8991635,35.196236,-25.308521,4.84455,4.9666185,3.7848454,15.874616,4.3917236,18.772846,-21.76073,32.434715,4.8213263,2.1352308,13.150141,-17.366335,-19.839792,50.412334,55.193344,8.60517,1.445174,-6.840697
53,0.33883634209632874,-4.199536323547363,76.04512786865234,1.9878084133447085,-1.0709400972758645,163.76254851525627,-16.134792,5.328969,3.0433583,49.57351,-24.901228,-3.8280869,-11.9091625,-10.233367,-2.2810233,37.57828,-26.138628,4.9097815,5.0416384,3.7047248,16.780603,4.783726,19.138773,-20.873747,31.052101,5.9084415,1.8207343,13.235158,-18.010036,-19.991667,50.479317,54.66738,8.791247,1.178647,-6.36544
54,0.30540332198143005,-4.40310525894165,75.61392211914062,2.0847938003783093,-1.4113620991942413,163.44419825863343,-17.014606,5.4588423,2.6358628,51.766556,-25.711819,-3.8708742,-12.791677,-10.483057,-1.7628886,39.93188,-27.054708,5.310149,5.052726,3.650967,17.769823,5.2159476,19.559668,-19.936869,29.55671,7.2698693,1.5281984,13.380593,-18.740246,-20.152235,50.629387,54.100113,8.949829,0.86675376,-5.7511034
55,0.28531214594841003,-4.592626571655273,75.11802673339844,2.109864700037381,-1.8249794964938928,163.17380109766296,-17.91635,5.7161894,2.186392,54.123417,-26.590704,-3.8628364,-13.527981,-10.691966,-1.3470646,42.219204,-28.033175,5.852357,5.019258,3.6794693,18.845924,5.655059,20.039265,-18.926521,28.035162,8.766941,1.2921599,13.586595,-19.548985,-20.322071,50.76977,53.557217,9.227495,0.5573029,-5.0592294
56,0.2602178454399109,-4.78690767288208,74.57879638671875,2.022805269441541,-2.3342959230544538,162.9676422355287,-18.803802,6.1605644,1.7048823,56.606316,-27.470968,-3.7359447,-14.05015,-10.811734,-1.0327528,44.386555,-29.040413,6.344117,4.958914,3.8449104,20.012566,6.0658712,20.584682,-17.82087,26.575369,10.259615,1.1468987,13.85064,-20.429024,-20.498846,50.80472,53.1102,9.765485,0.3012231,-4.3500752
57,0.21982525289058685,-4.990347862243652,74.01592254638672,1.8191056356407986,-3.001722581668447,162.85911112061567,-19.657022,6.820629,1.1942375,59.303707,-28.37308,-3.4478421,-14.291114,-10.847485,-0.83873403,46.475693,-30.138386,6.7571645,4.8263454,4.161265,21.330956,6.412281,21.22159,-16.690804,25.180248,11.840331,1.1347138,14.241539,-21.383137,-20.679186,50.65076,52.769035,10.819616,0.09190871,-3.4730468
58,0.1959860622882843,-5.208186626434326,73.42838287353516,1.5160891165444552,-3.7965388185646827,162.83307449726445,-20.498442,7.664458,0.63113153,62.18781,-29.318142,-3.0371363,-14.302539,-10.81748,-0.76362544,48.49975,-31.323156,7.1859894,4.626351,4.590394,22.781502,6.7343435,21.95859,-15.530267,23.796051,13.532028,1.2348838,14.730847,-22.408642,-20.865633,50.366497,52.497074,12.235643,-0.07441095,-2.4492419
59,0.15462130308151245,-5.438028812408447,72.84587860107422,1.1062516063662668,-4.602297667731584,162.83389778795816,-21.362701,8.657588,-0.013657345,65.05332,-30.23578,-2.557967,-14.187262,-10.691912,-0.77334803,50.340416,-32.448536,7.622397,4.445429,5.117232,24.24511,7.1020217,22.761286,-14.190963,22.442778,15.095117,1.3765001,15.170843,-23.500885,-21.064436,50.089493,52.300076,13.552438,-0.16062362,-1.6002021
60,0.09665165841579437,-5.6658735275268555,72.29328918457031,0.5837156189416249,-5.303453348108532,162.80442621098024,-22.28865,9.760153,-0.76296836,67.701035,-31.055075,-2.0681052,-14.052208,-10.443329,-0.8303503,51.882828,-33.370552,8.058295,4.3711443,5.7413545,25.59693,7.5609984,23.565224,-12.517354,21.174397,16.298685,1.4762012,15.418776,-24.652006,-21.279297,49.960484,52.1798,14.307965,-0.15557504,-1.2499975
61,0.003763045882806182,-5.906843662261963,71.79147338867188,-0.1595521042516995,-5.924496987563366,162.76978012369284,-23.29816,11.08572,-1.6924801,70.158356,-31.789898,-1.5549116,-13.83147,-9.969561,-1.0146261,53.06354,-34.041325,8.471783,4.404044,6.6020775,26.849394,8.060597,24.304497,-10.428244,20.099981,17.197989,1.4861563,15.380073,-25.884985,-21.509995,50.05823,52.277424,14.330998,0.0144939,-1.6301837
62,-0.10452374070882797,-6.188650608062744,71.34188079833984,-1.0873507376228688,-6.508880946313997,162.75033098883821,-24.386787,12.605975,-2.7826548,72.49823,-32.46337,-0.99755657,-13.505736,-9.31475,-1.3099031,53.95123,-34.54201,8.871975,4.493337,7.6815276,28.034986,8.520706,24.958433,-8.024045,19.259726,17.898706,1.4444704,15.152729,-27.196474,-21.747396,50.31206,52.557053,13.888644,0.3152765,-2.5184512
63,-0.22530074417591095,-6.506864070892334,70.93728637695312,-1.9843293625906222,-6.972235726533108,162.6757097289196,-25.54539,14.065132,-3.8941233,74.60559,-33.019646,-0.44520375,-13.249162,-8.678163,-1.5376053,54.634815,-34.90892,9.297089,4.670266,8.742745,29.053106,8.948794,25.540699,-5.4284945,18.593987,18.239767,1.4014833,14.886893,-28.548462,-21.982807,50.64037,52.767117,13.186221,0.586016,-3.5569477
64,-0.3690918982028961,-6.837533473968506,70.58866119384766,-2.6327507568420927,-7.226193417590245,162.46874894171276,-26.751682,15.211387,-4.866664,76.3786,-33.405674,0.05174468,-13.235818,-8.2631,-1.5263988,55.209858,-35.18438,9.786122,4.9743,9.536796,29.793802,9.410651,26.086414,-2.7487893,17.997591,18.053991,1.4129732,14.727224,-29.885313,-22.209621,50.941395,52.64638,12.4036875,0.6561428,-4.3910575
65,-0.5527189373970032,-7.1982421875,70.30679321289062,-2.950134817412263,-7.114364928798053,162.0690871857009,-28.148685,15.987802,-5.6015487,77.80499,-33.614395,0.5270147,-13.701516,-8.143004,-1.1887484,55.760223,-35.38556,10.364052,5.57504,10.019295,29.793802,9.736986,26.605553,-0.16397247,17.82718,17.007591,1.5244764,14.706144,-31.00826,-22.421791,51.226948,52.318222,11.398566,0.41819447,-4.951625
66,-0.7895011305809021,-7.575685501098633,70.10223388671875,-3.051866115064759,-6.842164111669086,161.5313535438557,-29.537077,16.52106,-6.1638145,78.931625,-33.684742,0.9899702,-14.344271,-8.216606,-0.6248046,56.201996,-35.50337,11.009374,6.3070564,10.237745,29.793802,10.154226,27.100275,2.7023427,17.513561,15.268841,1.7048604,14.786064,-32.304104,-22.640697,51.497673,51.763657,10.088303,-0.025354901,-5.481929
67,-1.0692074298858643,-7.97603702545166,69.96668243408203,-3.045351614838486,-6.506436692008606,160.93347810179367,-30.829197,16.859434,-6.6721034,79.80326,-33.597095,1.3493782,-14.963054,-8.394896,0.043002225,56.419388,-35.507,11.68322,7.0617566,10.303415,29.793802,10.755545,27.590324,5.6867676,17.090435,13.44738,1.8807997,14.912845,-33.630844,-22.85736,51.715122,50.804558,8.879616,-0.5135066,-5.9369955
68,-1.3866468667984009,-8.411441802978516,69.8985366821289,-3.035286466004122,-6.209793057467602,160.35251396580804,-31.934574,17.047659,-7.2504597,80.463425,-33.329826,1.5120305,-15.354677,-8.592462,0.6899311,56.29657,-35.36423,12.3438425,7.760917,10.3452635,29.793802,11.573581,28.116785,8.567651,16.620789,12.14565,1.9880408,15.045499,-34.837208,-23.044655,51.79574,49.292675,8.158503,-0.89612865,-6.26198
69,-1.74563467502594,-8.85077953338623,69.91047668457031,-3.012465446136194,-5.97277144446809,159.7621747388405,-32.82391,17.07619,-7.909798,80.914,-32.848183,1.499166,-15.526208,-8.79764,1.3561432,55.85863,-35.08622,12.98182,8.428741,10.341708,29.793802,12.604538,28.705822,11.400984,16.165592,11.514063,1.973941,15.200098,-35.94816,-23.190592,51.716576,47.17045,8.329425,-1.1937915,-6.4150167
70,-2.1458404064178467,-9.305974960327148,69.99518585205078,-2.9311130237713843,-5.742973738177581,159.13779317219402,-33.535675,16.928247,-8.581839,81.137825,-32.173042,1.3384851,-15.564576,-9.059556,2.0914211,55.149185,-34.685036,13.615392,9.107234,10.223814,29.793802,13.8295,29.342854,14.271465,15.690575,11.204842,1.8855735,15.384076,-36.99633,-23.294512,51.481518,44.522755,9.06069,-1.4722042,-6.428561
71,-2.5953822135925293,-9.778485298156738,70.15039825439453,-2.837111383951933,-5.517746033540877,158.55745475266534,-34.076473,16.634981,-9.275349,81.13886,-31.372513,0.94790184,-15.388738,-9.388822,2.7807996,54.08258,-34.123283,14.243464,9.729611,10.037962,29.793802,15.282851,30.015463,17.024288,15.095633,11.073162,1.8092301,15.547031,-37.97442,-23.36238,51.20658,41.468193,9.809645,-1.6570294,-6.355192
72,-3.0872886180877686,-10.274409294128418,70.38929748535156,-2.7886295314354754,-5.228430069729927,158.09567536015876,-34.53986,16.23178,-10.01875,80.92914,-30.507595,0.24451977,-14.996499,-9.779199,3.3018827,52.572765,-33.35476,14.862747,10.276959,9.893579,29.498865,16.939869,30.738264,19.32857,14.479838,11.021214,1.8355846,15.6425295,-38.705837,-23.391262,51.01074,38.177757,10.027577,-1.6727298,-6.2276
73,-3.633284568786621,-10.780963897705078,70.70687103271484,-2.886249422198394,-4.892699739884114,157.7584527609104,-34.898926,15.789127,-10.931945,80.479805,-29.604128,-0.93945104,-14.303224,-10.034522,3.607018,50.506123,-32.364285,15.000033,10.735204,9.87585,28.950527,18.851551,31.532438,21.22279,13.764582,11.104411,2.0212414,15.622903,-39.133057,-23.374422,50.806046,34.47601,9.417843,-1.463081,-6.0761895
74,-4.242478370666504,-11.29613971710205,71.0970687866211,-3.0709700675957494,-4.536708452860501,157.51094870886305,-35.107773,15.264086,-11.971739,79.79707,-28.644783,-2.5105007,-13.3330145,-10.245856,3.7654395,47.949276,-31.168268,15.000033,11.118821,9.903191,28.266026,21.023163,32.39379,22.8628,12.932123,11.342866,2.3064651,15.525842,-39.327633,-23.318508,50.55168,30.312098,8.304511,-1.0821882,-5.8751497
75,-4.928569793701172,-11.822530746459961,71.55097961425781,-3.240075067331013,-4.150309337266689,157.34657039283812,-35.200405,14.622872,-12.996839,78.950195,-27.640772,-4.198489,-12.167172,-10.558551,3.8155804,45.035946,-29.745995,15.000033,11.439552,9.856796,27.4703,23.439,33.3125,24.236094,11.973898,11.554805,2.6054263,15.428956,-39.409187,-23.244474,50.378048,25.969082,7.0328374,-0.6266524,-5.587711
76,-5.6463541984558105,-12.364477157592773,72.04784393310547,-3.3442519233339656,-3.723119483926308,157.24708865735835,-35.235184,13.889631,-13.916348,78.024315,-26.598091,-5.7560277,-10.876595,-11.024043,3.773743,41.871162,-28.055613,15.000033,11.737881,9.685141,26.588095,26.06987,34.274723,25.31574,10.865495,11.564451,2.834325,15.413149,-39.383343,-23.16471,50.325264,21.667229,5.8209496,-0.18830292,-5.186703
77,-6.409668922424316,-12.910625457763672,72.58590698242188,-3.3743342570120682,-3.243630585638846,157.237750925586,-35.21177,13.02757,-14.759635,77.00063,-25.57461,-7.1872225,-9.337498,-11.651357,3.6100552,38.208496,-26.075575,15.000033,11.990411,9.361875,25.609867,29.059666,35.295635,26.113293,9.443329,11.251997,2.9931645,15.535058,-39.203045,-23.083992,50.408554,17.313812,4.715913,0.2564701,-4.610615
78,-7.205846786499023,-13.474620819091797,73.14544677734375,-3.3555192375812757,-2.7201452145305605,157.31781464740527,-35.108883,12.051034,-15.569333,75.84859,-24.555193,-8.599469,-7.549821,-12.379822,3.3019311,34.062553,-23.816313,15.000033,12.18303,8.918873,24.535162,32.405754,36.385086,26.693993,7.752887,10.738748,3.1170003,15.7417345,-38.86305,-23.010283,50.59226,12.80143,3.5898263,0.7343489,-3.8893366
79,-8.03026008605957,-14.046989440917969,73.71116638183594,-3.292258038289434,-2.170827960399686,157.43017177533233,-34.958538,11.055194,-16.272268,74.625404,-23.422543,-9.906739,-5.7815714,-13.166099,2.879612,29.945375,-21.28964,15.000033,12.367309,8.396705,23.404741,35.862896,37.51476,27.097513,6.0634055,10.217023,3.1773515,15.950204,-38.453606,-22.962526,50.86672,8.344473,2.423181,1.1619579,-3.138117
80,-8.865011215209961,-14.64541244506836,74.28079986572266,-3.1905293944352016,-1.61340111551229,157.51886389881062,-34.798424,10.125672,-16.79531,73.390945,-22.0518,-11.030446,-4.3293,-13.993494,2.3917658,26.41925,-18.533165,15.000033,12.5896635,7.840361,22.26384,39.195004,38.63377,27.34307,4.6172743,9.885921,3.14993,16.076889,-38.09016,-22.967424,51.2406,4.1734843,1.2123927,1.4613901,-2.4731116
81,-9.714305877685547,-15.256531715393066,74.8531494140625,-3.0373703936453924,-1.024956467190498,157.56855476976995,-34.679718,9.278201,-17.10296,72.149414,-20.248825,-11.941333,-3.2457507,-14.8998575,1.8409696,23.54898,-15.491848,15.000033,12.867017,7.2256618,21.102486,42.522682,39.71875,27.483198,3.3028514,9.8623295,2.9998393,16.032593,-37.830017,-23.046469,51.756844,0.23819219,-0.270394,1.6437912,-1.8214316
82,-10.547136306762695,-15.88696575164795,75.41669464111328,-2.8374988931761833,-0.4047455763165053,157.61185854135502,-34.58433,8.465196,-17.251757,70.87123,-18.121183,-12.699513,-2.4172125,-15.882392,1.2117876,21.119543,-12.193307,15.000033,13.16111,6.542758,19.917418,45.98303,40.764904,27.54223,1.9763038,10.032703,2.7496989,15.88525,-37.60929,-23.209715,52.407272,-3.581798,-1.9403661,1.7372597,-1.1561528
83,-11.36829948425293,-16.5546817779541,75.96534729003906,-2.6307715283050017,0.19504835273010385,157.66463244774442,-34.4445,7.681813,-17.300833,69.56335,-15.990049,-13.354207,-1.9246638,-16.892506,0.54730815,19.345364,-8.831745,15.000033,13.437737,5.8711805,18.768158,49.343063,41.743717,27.444946,0.8178491,10.255509,2.4645026,15.786248,-37.3558,-23.462326,53.11967,-7.1576266,-3.3296702,1.7097198,-0.6711959
84,-12.198187828063965,-17.26146697998047,76.50296783447266,-2.4580189228555733,0.7219687672518229,157.74029473969804,-34.186012,6.926823,-17.300854,68.23255,-14.178004,-13.939555,-1.8329815,-17.892115,-0.1015867,18.423233,-5.5981903,15.000033,13.660755,5.293909,17.717365,52.357433,42.62096,27.08659,-0.006877173,10.396013,2.2117755,15.884483,-37.014263,-23.805794,53.830715,-10.3432865,-3.9660127,1.5426863,-0.5629877
85,-13.040560722351074,-18.015565872192383,77.03717041015625,-2.347722599433435,1.1957369082467633,157.81591059904778,-33.8123,6.250318,-17.248402,66.84631,-12.72548,-14.554997,-2.147527,-18.870474,-0.73091143,18.27238,-2.2417529,15.000033,13.851263,4.844221,16.749668,55.060974,43.380913,26.416874,-0.54140586,10.468038,1.999653,16.293737,-36.634586,-24.242817,54.60261,-13.176066,-3.4103124,1.1797729,-0.99736154
86,-13.879178047180176,-18.794090270996094,77.56189727783203,-2.263563472045017,1.635974887974974,157.8880580076975,-33.361847,5.64436,-17.064081,65.4084,-11.464967,-15.000033,-2.8273504,-19.888374,-1.3286948,18.804905,1.2526778,15.000033,14.014394,4.4648376,15.848876,57.582474,44.027367,25.488749,-0.89630175,10.541606,1.7967427,16.909962,-36.248264,-24.772621,55.45678,-15.711958,-2.018122,0.6388282,-1.8278279
87,-14.720617294311523,-19.59610939025879,78.07060241699219,-2.129302536144597,1.985700486664227,158.0031418506991,-32.79727,4.9920855,-16.701578,63.975613,-10.400303,-15.000033,-3.8463311,-21.029024,-1.8100519,20.162287,4.3793116,15.000033,14.083227,4.0800657,15.0910015,59.792027,44.56149,24.333183,-1.0060939,10.562251,1.611252,17.549704,-35.76376,-25.382994,56.263878,-17.836851,-0.5184931,0.02533434,-2.7838612
88,-15.552997589111328,-20.442569732666016,78.53408813476562,-1.8727021854838375,2.1825018298555268,158.2162840538901,-32.054768,4.1052384,-16.322187,62.601017,-9.538843,-15.000033,-5.1376777,-22.328878,-2.047106,22.414598,6.6515546,15.000033,13.982457,3.611323,14.556309,61.54643,44.98758,22.974525,-0.80005044,10.471226,1.4496261,18.026478,-35.08916,-26.05386,56.891186,-19.42177,0.36676395,-0.5227848,-3.6081526
89,-16.4295597076416,-21.32518196105957,78.98543548583984,-1.363424349377997,2.1724092162718294,158.57273136855758,-31.070723,2.8281054,-15.779623,61.2584,-9.0463915,-14.484949,-6.780629,-23.959408,-1.82826,25.747255,8.073851,15.000033,13.649735,2.9512563,14.317653,62.82643,45.301605,21.322617,-0.25883645,10.199382,1.3302141,18.259293,-34.20525,-26.76361,57.335453,-20.449657,0.45072508,-1.0117545,-4.337081
90,-17.27138328552246,-22.17937469482422,79.42607879638672,-1.2788690956915323,2.051579476068271,158.87452175897158,-30.045073,1.9484236,-15.451603,60.135605,-9.014574,-13.351232,-8.5689745,-25.229395,-2.5972373,29.458588,9.174868,11.081115,13.289274,2.707309,14.126521,63.669926,45.50296,19.341904,0.5929359,9.793395,1.2439724,18.358255,-33.168587,-27.500349,57.665638,-20.9497,0.11424926,-1.4886043,-5.078628
91,-18.093769073486328,-23.018217086791992,79.81553649902344,-1.5068854604810946,1.8637706229176088,159.15507789661802,-29.013586,1.3770001,-15.274766,59.207,-9.021533,-12.126891,-10.183859,-26.258741,-4.021544,33.086304,9.741014,5.90716,12.897693,2.771596,13.977605,64.02589,45.606056,17.180313,1.7612877,9.352923,1.1549411,18.4143,-32.008503,-28.254982,57.835476,-20.884874,-0.48237488,-1.8557258,-5.6959877
92,-18.89779281616211,-23.83589744567871,80.14768981933594,-1.6692929307021778,1.6192859943255618,159.53363921926308,-27.939568,0.779793,-14.938334,58.29454,-8.538744,-10.949723,-11.40853,-27.242203,-5.3585625,36.422703,9.539042,1.8040838,12.391161,2.7686715,13.960032,63.86021,45.631264,15.01533,3.2397752,8.969693,1.02585,18.513958,-30.737093,-29.02178,57.77714,-20.237133,-1.1749848,-2.0221238,-6.047016
93,-19.692119598388672,-24.650081634521484,80.41899871826172,-1.783198395586313,1.3050879045692374,160.02171504244131,-26.837505,0.17446065,-14.415347,57.419125,-7.2047734,-9.874122,-12.202253,-28.014605,-6.362117,39.58326,8.204864,-0.72047174,11.783407,2.70958,14.071384,63.038647,45.550518,12.835165,5.2086654,8.778866,0.8565794,18.625942,-29.251633,-29.79997,57.36553,-18.98899,-2.080173,-1.8914099,-5.95931
94,-20.439428329467773,-25.465225219726562,80.6076431274414,-1.9031775728214362,0.9157779813265096,160.59228063967674,-25.699638,-0.39904916,-13.7454195,56.60844,-5.342788,-8.771509,-12.829157,-28.58087,-7.0490427,42.94836,5.8228335,-2.3344936,11.091894,2.6447465,14.304177,61.63831,45.335167,10.579109,7.5991774,8.680741,0.66446686,18.719057,-27.538733,-30.589338,56.644825,-17.181463,-3.233361,-1.546845,-5.5522113
95,-21.161645889282227,-26.251026153564453,80.72767639160156,-2.020522675898166,0.5040773329200788,161.21489542477713,-24.535862,-0.9109074,-12.950486,55.81419,-3.5463367,-7.6119866,-13.524994,-29.008522,-7.462152,46.579536,3.0197847,-3.4140062,10.330927,2.552793,14.627809,59.90086,45.017582,8.321567,10.06373,8.423268,0.43762618,18.882328,-25.74977,-31.38897,55.809753,-14.865733,-4.34712,-1.1646483,-5.1205864
96,-21.85627555847168,-27.035560607910156,80.76690673828125,-2.1150807742635642,0.11679434366208849,161.86537089628754,-23.337988,-1.3608605,-12.072728,54.979992,-2.4099157,-6.3788333,-14.439989,-29.376448,-7.726701,50.42208,0.47868678,-4.366032,9.5132675,2.4104114,15.009194,58.014313,44.671925,6.104586,12.300267,7.7458234,0.15997759,19.203356,-24.052538,-32.198288,55.060684,-12.054938,-5.128141,-0.9065594,-4.9632945
97,-22.535686492919922,-27.814800262451172,80.72453308105469,-2.169678650850165,-0.2506862437970604,162.54291778983506,-22.037737,-1.7342118,-11.0612135,54.020706,-2.0670598,-5.1252847,-15.560906,-29.721874,-7.9296,54.536674,-1.6910627,-5.1600738,8.66327,2.2048974,15.433614,55.897667,44.335037,3.862783,14.390817,6.237269,-0.22550866,19.79009,-22.41044,-33.02048,54.339462,-8.647835,-5.4981155,-0.81737775,-5.280049
98,-23.20830535888672,-28.595998764038086,80.60730743408203,-2.1939872548050547,-0.6197662394348693,163.259036575629,-20.638226,-2.0701067,-9.938319,52.978394,-2.2166357,-3.866654,-16.828335,-30.008888,-8.01937,58.966114,-3.8343182,-5.6356053,7.804251,1.9510314,15.897066,53.421257,43.99538,1.5511746,16.504763,4.1219625,-0.7151294,20.553703,-20.719156,-33.862705,53.546906,-4.663237,-5.615412,-0.8065487,-5.8765287
99,-23.898632049560547,-29.356935501098633,80.42406463623047,-2.1995645671556425,-0.9718917008873975,164.01202951027668,-19.242249,-2.4641232,-8.871795,51.999493,-2.7972698,-2.5380018,-18.259855,-30.194021,-7.9550047,63.531036,-5.8917236,-6.006066,6.9371467,1.6694206,16.385159,50.661125,43.66758,-0.78508884,18.48968,2.095393,-1.2151791,21.294344,-19.069517,-34.732216,52.835983,-0.2573701,-5.5412703,-0.8293413,-6.4606776
100,-24.546520233154297,-30.119211196899414,80.17041778564453,-2.1980802103710277,-1.287621507119843,164.8010379633046,-17.964796,-2.9975245,-8.026036,51.23656,-3.7463675,-1.061252,-19.86318,-30.219896,-7.69984,68.0144,-7.7777734,-6.4747114,6.057662,1.3805261,16.885878,47.689137,43.376446,-3.1042705,20.191162,0.84838486,-1.6014163,21.82834,-17.57347,-35.629448,52.368896,4.4413652,-5.3344765,-0.8363817,-6.7394824
101,-25.18256950378418,-30.867311477661133,79.85074615478516,-2.1860559088699523,-1.5404856724709381,165.6120567405153,-16.847755,-3.6768157,-7.403789,50.72456,-5.163194,0.7571855,-21.666811,-30.022573,-7.2155266,72.39475,-9.382415,-7.1094646,5.183451,1.0703516,17.361979,44.490612,43.118294,-5.448989,21.613882,0.61211056,-1.792031,22.122797,-16.31119,-36.55028,52.10114,9.579324,-4.904976,-0.8260777,-6.652047
102,-25.806987762451172,-31.60177230834961,79.4591293334961,-2.1543111008219338,-1.7486951141644944,166.45064382984683,-15.830139,-4.4851923,-6.966302,50.394264,-7.0500236,2.8042343,-23.63791,-29.620695,-6.576685,76.7558,-10.745365,-7.77349,4.319179,0.7272828,17.82275,41.034184,42.872227,-7.825349,22.816772,0.9871884,-1.8525835,22.277567,-15.199389,-37.497475,51.96552,15.173652,-4.254083,-0.8140292,-6.348465
103,-26.406326293945312,-32.339759826660156,79.00392150878906,-2.1093853553075057,-1.9594460474860533,167.34511946702793,-14.878242,-5.440142,-6.7961416,50.231697,-9.175996,4.7245855,-25.689919,-29.07246,-5.9112396,81.020004,-11.98887,-8.362957,3.4366436,0.38027716,18.327261,37.34175,42.647114,-10.157162,23.740366,1.7202046,-1.8693975,22.316532,-14.129027,-38.48113,52.097775,20.934027,-3.578879,-0.77199244,-5.8513484
104,-26.96912384033203,-33.07754898071289,78.48411560058594,-2.062091398782638,-2.219245663354734,168.32360443185638,-13.962645,-6.5318036,-6.946759,50.220547,-11.296183,6.1841025,-27.74304,-28.453194,-5.335257,85.11432,-13.252234,-8.791769,2.5101686,0.05787522,18.93232,33.42566,42.467575,-12.37951,24.32943,2.5588918,-1.9311723,22.261967,-13.009763,-39.51259,52.640133,26.600924,-3.0752194,-0.67678887,-5.184505
105,-27.508323669433594,-33.802433013916016,77.9260482788086,-2.0453138662148476,-2.5449593353522255,169.36746858571112,-13.117906,-7.731978,-7.471688,50.433887,-13.404876,7.0042415,-29.793861,-27.704195,-4.839494,89.05249,-14.566943,-8.980874,1.5633249,-0.21351187,19.668205,29.254934,42.35562,-14.53317,24.528885,3.5368125,-2.0821483,22.093374,-11.970559,-40.613453,53.816322,32.361942,-2.8006823,-0.5411316,-4.412907
106,-28.01181983947754,-34.522457122802734,77.3208236694336,-2.048490721481956,-2.908797093893128,170.47037217974065,-12.348488,-9.02689,-8.300648,50.862736,-15.602137,7.420583,-31.871044,-26.81735,-4.4013543,92.867516,-15.862629,-8.999034,0.60898465,-0.4641095,20.493158,24.833189,42.29815,-16.644526,24.36189,4.7505584,-2.2730649,21.807404,-11.043401,-41.790474,55.494106,38.30447,-2.6425235,-0.3692518,-3.505256
107,-28.496000289916992,-35.22929382324219,76.6769790649414,-2.0177575875903533,-3.292413305973506,171.67977805643167,-11.57721,-10.420151,-9.294608,51.364456,-17.803066,7.7235427,-33.95362,-25.967695,-4.089793,96.50675,-17.130512,-8.998819,-0.39025226,-0.7471737,21.34751,20.187391,42.27732,-18.662228,23.921179,6.0460944,-2.4519467,21.44972,-9.961495,-43.02799,57.254032,44.03563,-2.5623121,-0.13361187,-2.3365676
108,-28.967851638793945,-35.89847183227539,75.99972534179688,-1.899102121969331,-3.680412119365086,173.04372930544798,-10.722776,-11.927272,-10.337748,51.78596,-19.913982,8.197399,-36.02399,-25.330248,-3.9556696,99.90479,-18.354721,-9.13789,-1.4637116,-1.1150752,22.163832,15.319292,42.287086,-20.564318,23.316631,7.267315,-2.563642,21.060055,-8.433426,-44.303604,58.667355,49.172455,-2.5148997,0.18916784,-0.7786217
109,-29.423786163330078,-36.5295524597168,75.3045425415039,-1.644495843842339,-4.123845294421808,174.60069648147885,-9.752607,-13.636481,-11.455739,52.15099,-21.977669,8.896289,-38.081776,-25.028973,-3.9962735,103.12694,-19.553127,-9.474504,-2.5784833,-1.6025814,22.984926,10.040245,42.35424,-22.462317,22.581806,8.483081,-2.589261,20.60165,-6.2610273,-45.605972,59.691895,53.749134,-2.4474413,0.5902294,1.4031049
110,-29.906383514404297,-37.159873962402344,74.61540222167969,-1.2983818748618239,-4.62042431404273,176.31684036918745,-8.701896,-15.517561,-12.708855,52.52452,-24.018234,9.682684,-40.136604,-24.96374,-4.1658382,106.178444,-20.725374,-9.934273,-3.6839755,-2.1861353,23.799255,4.326373,42.47779,-24.463778,21.687471,9.717397,-2.5641906,20.062372,-3.545851,-46.942047,60.434986,57.96236,-2.4176764,1.051726,4.0743785
111,-30.416349411010742,-37.790306091308594,73.97109985351562,-0.9404122134789886,-5.074458126508531,178.13315156587734,-7.592929,-17.413527,-14.042911,52.80699,-25.906187,10.551808,-42.194363,-24.976435,-4.442051,108.889786,-21.812378,-10.469427,-4.8167887,-2.8205857,24.472158,-1.5467219,42.601074,-26.494291,20.637949,10.760485,-2.508958,19.521025,-0.4227687,-48.31094,60.68898,61.618263,-2.5628743,1.5762329,6.8136244
112,-30.98026466369629,-38.44337844848633,73.37080383300781,-0.6442852036595499,-5.386616611935794,179.99259816443424,-6.455001,-19.163721,-15.391554,52.895535,-27.51224,11.500468,-44.268238,-24.903688,-4.814119,111.08399,-22.742626,-11.025401,-6.0446124,-3.4392104,24.884604,-7.2885523,42.657898,-28.419443,19.448141,11.424833,-2.438261,19.065063,2.9714117,-49.708622,60.235962,64.47917,-3.0502937,2.1614401,9.207611
113,-31.583642959594727,-39.096519470214844,72.83220672607422,-0.35886023295533764,-5.523284287221729,-178.04605818899594,-5.3004932,-20.79469,-16.713543,52.77173,-28.877584,12.58904,-46.463913,-24.805256,-5.2588887,112.77135,-23.532671,-11.711843,-7.427894,-4.0567293,24.99566,-13.019753,42.630283,-30.277306,18.166222,11.639066,-2.3422725,18.706112,6.812275,-51.109818,58.860558,66.41911,-4.2189445,2.9312875,11.365764
114,-32.25129699707031,-39.74387741088867,72.39036560058594,-0.059579224220515786,-5.543856140743493,-175.9734786197304,-4.117532,-22.369192,-18.05151,52.49326,-30.03751,13.814643,-48.750465,-24.740936,-5.785604,114.02175,-24.190733,-12.514685,-8.979894,-4.6807013,24.869297,-18.784544,42.51265,-32.056732,16.768225,11.525294,-2.2150042,18.41598,11.341496,-52.476746,56.269993,67.4435,-6.2632904,3.824952,13.475473
115,-32.96847915649414,-40.381534576416016,72.06080627441406,0.14404572988981348,-5.477421382010414,-173.92043305285932,-2.9020808,-23.758322,-19.446352,52.06515,-30.861507,15.000033,-50.935734,-24.550388,-6.4576283,114.73597,-24.63061,-13.201005,-10.493541,-5.1208673,24.640398,-24.451578,42.23765,-33.77165,15.221216,11.176275,-2.067987,18.235584,15.71894,-53.85367,54.32057,67.912605,-7.0978518,4.539025,15.157874
116,-33.735992431640625,-41.063262939453125,71.85765838623047,0.034470980766300605,-5.285949688428976,-171.97766366657345,-1.7913017,-24.586395,-20.936806,51.59364,-31.301348,15.000033,-52.805702,-24.068243,-7.536252,114.7693,-24.751083,-13.596972,-12.293661,-5.2601233,24.231323,-29.348648,41.814877,-34.846962,13.544816,10.813454,-1.9302412,18.160233,20.140717,-55.178608,51.551487,67.71165,-7.944757,4.9115686,16.13478
117,-34.56671905517578,-41.79046630859375,71.79570770263672,-0.3298592001673891,-5.013352530745079,-170.12070564253833,-0.6460742,-25.093142,-22.610653,51.07018,-31.349724,15.000033,-54.322758,-23.316181,-8.905664,114.06105,-24.583923,-13.532561,-14.2610035,-5.106751,23.75935,-33.738174,41.26294,-35.471416,11.800554,10.346199,-1.7964716,18.239326,24.468082,-56.50651,48.68086,66.73624,-8.005264,4.8143554,15.93344
118,-35.454036712646484,-42.59944534301758,71.87077331542969,-0.8629337922318642,-4.643736422057513,-168.31825550330615,0.5319931,-25.34194,-24.397053,50.453693,-31.050304,15.000033,-55.603397,-22.359766,-10.4752655,112.68493,-24.168667,-13.132932,-16.419975,-4.7356625,23.19618,-37.717186,40.617546,-35.68627,10.021681,9.779014,-1.6607052,18.446053,28.870474,-57.822445,45.50572,64.987274,-7.6397333,4.399806,14.873107
119,-36.37580871582031,-43.48624038696289,72.06731414794922,-1.493276039538377,-4.175364113635032,-166.73677649977847,1.7200137,-25.325323,-26.042141,49.577553,-30.302273,15.000033,-56.726788,-21.132568,-12.0804205,110.7941,-23.456474,-12.50991,-18.563677,-4.1473756,22.556513,-41.23094,39.918964,-35.56934,8.243732,9.233491,-1.5330604,18.690771,33.325233,-59.088463,41.91078,62.870934,-6.771024,3.8559015,13.673842
120,-37.370094299316406,-44.46086502075195,72.38961791992188,-2.151047262173592,-3.616652034170795,-165.5430207789297,2.886498,-25.04631,-27.281866,48.279755,-29.003195,15.000033,-57.772087,-19.56941,-13.555718,108.54569,-22.396755,-11.775281,-20.510283,-3.360614,21.839697,-44.18512,39.210087,-35.175167,6.48758,8.847179,-1.42051,18.879438,37.757645,-60.23541,37.772377,60.833576,-5.357055,3.3823843,13.055764
121,-38.417396545410156,-45.4827880859375,72.80863189697266,-2.8611867502116257,-2.965950311992832,-164.8136757520339,4.0603485,-24.439598,-28.090414,46.474632,-27.212048,15.000033,-58.803143,-17.468477,-14.797409,105.88614,-20.923336,-10.862046,-22.22511,-2.3595283,21.037374,-46.53932,38.527485,-34.450466,4.7395673,8.702185,-1.3106779,18.961544,42.043972,-61.177837,32.94564,59.01266,-2.9881725,3.037176,13.319398
122,-39.500091552734375,-46.563289642333984,73.30359649658203,-3.6393486826406902,-2.2338107799505322,-164.45923019478914,5.2106085,-23.569239,-28.541,44.316998,-25.00474,15.000033,-59.76289,-14.91035,-15.867321,102.74546,-19.101892,-9.728794,-23.774372,-1.1581767,20.176659,-48.40869,37.89944,-33.445694,2.9812744,8.697328,-1.1988593,18.987934,46.121548,-61.8593,27.62107,57.29057,0.18902692,2.752792,14.04933
123,-40.63886260986328,-47.709190368652344,73.89280700683594,-4.4068335223803965,-1.4530015774369618,-164.39679502302133,6.229702,-22.635073,-28.534727,42.005215,-22.293432,15.000033,-60.542377,-12.249702,-16.8675,99.26345,-17.071785,-8.536414,-25.135695,0.16800126,19.293524,-49.908215,37.344906,-32.36018,1.2205958,8.702976,-1.1017343,19.014555,49.897865,-62.26437,22.276352,55.777237,3.3994606,2.5347297,14.866698
124,-41.822086334228516,-48.92136001586914,74.52896881103516,-5.092160086330438,-0.6498707520878453,-164.54012562051454,7.0302243,-21.814497,-28.00611,39.70192,-18.945774,15.000033,-61.0375,-9.832573,-17.926847,95.5856,-14.952286,-7.453704,-26.277515,1.5427771,18.40403,-51.138405,36.880817,-31.40101,-0.535289,8.572979,-1.0372424,19.097607,53.313843,-62.421185,17.389986,54.547005,5.866231,2.3230476,15.381836
125,-43.042449951171875,-50.16793441772461,75.20545959472656,-5.815604283772273,0.2612595709340431,-164.92902832775158,7.3416505,-21.112251,-27.036676,37.740883,-14.703019,15.000033,-61.263966,-7.573112,-19.185291,91.562874,-12.667435,-6.5164385,-27.182554,3.106229,17.473747,-52.072243,36.525677,-30.584923,-2.2913299,8.202288,-1.0031704,19.280987,56.22094,-62.37012,13.041423,53.684185,7.371123,2.0556602,15.501445
126,-44.28962707519531,-51.44248580932617,75.91480255126953,-6.564219235533906,1.251758079138247,-165.595790067579,7.27397,-20.486933,-25.636019,36.031216,-9.764193,15.000033,-61.262955,-5.3157473,-20.517277,87.177376,-10.183631,-5.640267,-27.837965,4.8078113,16.487997,-52.67672,36.28682,-29.83351,-4.0812974,7.6710567,-0.9916069,19.52509,58.546616,-62.149597,9.119699,53.172813,8.325362,1.7452302,15.402497
127,-45.56270217895508,-52.771461486816406,76.61682891845703,-7.089379976263885,2.1375146598000754,-166.42911994277597,7.388527,-19.943338,-23.637707,33.89811,-4.516125,15.000033,-60.960304,-3.2930157,-21.709358,82.77198,-7.648478,-4.8131685,-28.242039,6.310752,15.490048,-53.01421,36.14531,-29.188833,-5.931294,7.129182,-1.0116187,19.762436,60.490906,-61.82333,5.7183676,52.84644,8.900692,1.4045242,15.104325
128,-46.84511184692383,-54.15715026855469,77.27901458740234,-7.128546822272469,2.770068326687323,-167.2804460253788,8.361779,-19.467611,-20.886164,30.404968,0.8639227,15.000033,-60.3151,-1.792198,-22.582071,78.75252,-5.227656,-4.0345883,-28.443684,7.2768073,14.486595,-53.16012,36.06903,-28.701363,-7.8171835,6.730593,-1.069935,19.923845,62.239937,-61.452137,2.9802654,52.56106,9.290946,1.0516505,14.640138
129,-48.15555191040039,-55.611724853515625,77.89762878417969,-6.515092610464619,3.166054672843889,-168.1157691931632,10.991859,-19.048029,-17.049212,23.781841,7.499264,15.000033,-59.357742,-1.0900975,-23.111683,75.3389,-2.9021032,-3.3739378,-28.453993,7.5900884,13.401075,-53.14637,36.027176,-28.401787,-9.73187,6.52116,-1.188861,20.007647,63.910534,-61.119144,1.0312645,52.25391,9.437788,0.6636383,13.883725
130,-49.467655181884766,-56.98739242553711,78.51946258544922,-6.293421516481553,3.8067845772100894,-168.7410893489637,14.613172,-18.208448,-14.834683,14.898592,15.218746,8.095712,-58.03766,-0.6988685,-24.57964,71.51324,-0.28374457,-3.012678,-28.587633,8.353114,12.324006,-52.92718,36.010757,-28.242907,-11.636366,6.4354453,-1.3585942,20.04576,65.39518,-60.868137,-0.22415572,52.011448,9.2946615,0.24672064,12.875138
131,-50.71893310546875,-58.27155685424805,79.03194427490234,-7.077460682740386,4.755275622326122,-168.93293680112657,17.061546,-16.869314,-14.1202965,8.43821,20.83175,-2.0828178,-56.39967,-0.13648145,-27.45638,67.02148,2.5364726,-2.7871916,-29.154709,10.119869,11.521339,-52.5905,36.005844,-28.184307,-13.378145,6.41492,-1.5324099,20.012152,66.69267,-60.681145,-1.1118237,51.829285,9.076083,-0.14418176,11.916286
132,-51.94736099243164,-59.5104866027832,79.461181640625,-7.858064779971659,5.7192007707041785,-168.9034105579344,18.201015,-15.939332,-13.715763,5.1872897,23.652985,-10.545762,-54.682156,0.5622835,-30.248714,62.46071,5.1721735,-2.2985156,-29.891987,11.831413,10.715871,-52.089977,36.020752,-28.187668,-14.913728,6.4369555,-1.6736276,19.879303,67.750114,-60.46198,-1.8816273,51.72484,8.976773,-0.45389107,11.278862
133,-53.17239761352539,-60.74028015136719,79.81049346923828,-8.25258829498641,6.604881544481073,-168.73410301790057,18.246244,-15.659722,-12.323692,5.0455666,23.747116,-15.000033,-52.98037,1.203772,-32.523506,58.116512,7.601335,-1.4345255,-30.637716,13.120132,9.779241,-51.44779,36.070805,-28.286642,-16.250092,6.5277944,-1.776739,19.605032,68.63607,-60.11922,-2.618109,51.64247,9.019839,-0.64803106,11.075844
134,-54.367584228515625,-61.99607849121094,80.0541000366211,-8.149400330739516,7.492496799082064,-168.3266921357875,18.473955,-15.7794895,-9.593752,4.913365,23.236986,-15.000033,-51.43015,1.3927993,-34.3417,54.294926,9.764672,-0.27080885,-31.428684,13.99034,8.634265,-50.70929,36.141136,-28.502514,-17.430277,6.67281,-1.8603549,19.217514,69.4753,-59.640312,-3.3075175,51.5074,9.081139,-0.765737,11.127172
135,-55.57244873046875,-63.21104049682617,80.2773208618164,-7.809232276764682,8.208815388284247,-167.88550854102002,18.913618,-16.103281,-7.6156607,4.777892,22.44807,-15.000033,-49.69095,1.6157749,-35.799465,50.53696,11.647284,1.0294279,-32.231018,14.535444,7.473941,-49.693363,36.190845,-28.728975,-18.4331,6.8721895,-1.9323285,18.780386,69.90398,-59.27857,-3.6618218,51.597443,9.212773,-0.85431665,11.308836
136,-56.8003044128418,-64.43949127197266,80.50153350830078,-7.311497344428761,8.626979331730695,-167.50751884220358,19.456827,-16.54904,-6.8586793,4.8439198,21.580854,-15.000033,-47.688972,1.9817573,-36.81489,46.88208,13.035685,2.3679147,-32.79075,14.796579,6.508975,-48.326805,36.25925,-28.955975,-19.557219,6.9964075,-1.990609,18.419321,70.21144,-58.653797,-4.087619,51.7269,9.240385,-0.992265,11.325917
137,-58.04872512817383,-65.62812042236328,80.71334075927734,-6.67536131644885,8.600238199060446,-167.27312026422987,20.287647,-17.101212,-8.092269,5.053999,20.507633,-15.000033,-45.162727,2.6045873,-37.34191,43.146965,13.778512,3.92916,-33.174294,14.686311,5.8013916,-46.493084,36.292873,-29.130537,-20.707327,7.013274,-2.0454996,18.123114,70.17841,-58.004086,-4.3815446,52.110573,9.276524,-1.1947541,11.239913
138,-59.329246520996094,-66.77579498291016,80.91861724853516,-5.8500839768995485,8.203307014942434,-167.15768692184457,21.4461,-17.745707,-10.853555,5.3429556,19.135612,-15.000033,-42.165295,3.3023548,-37.41465,39.389595,13.998296,5.6560173,-33.190567,14.188664,5.292616,-44.36596,36.29653,-29.397345,-21.948574,6.9403887,-2.0944734,17.865564,70.02409,-56.953197,-4.7314315,52.572487,9.214769,-1.4504527,11.020566
139,-60.62681579589844,-67.90234375,81.10433959960938,-4.979639619111653,7.720557415518279,-167.04572894593537,22.57312,-18.21782,-13.812781,5.805288,17.759542,-15.000033,-39.078835,3.8861601,-37.264523,35.82184,13.962205,7.0974593,-33.13873,13.57874,4.8126698,-42.09516,36.237183,-29.717022,-23.009815,6.9638658,-2.1194284,17.625322,69.670364,-55.895702,-4.9753113,53.101574,9.11209,-1.7043327,10.748516
140,-61.94306564331055,-69.04197692871094,81.2424087524414,-4.078288185991382,7.209122343176531,-167.04022224328313,23.392572,-18.580841,-15.407407,6.8235474,16.395466,-15.000033,-36.17991,4.2369823,-36.830566,32.881363,13.846346,7.8506346,-32.923187,12.898504,4.332031,-39.841248,36.139595,-30.086643,-23.832432,7.2129707,-2.105205,17.39279,69.19201,-54.863678,-5.1444287,53.562424,8.904014,-1.9227934,10.383994
141,-63.252437591552734,-70.16984558105469,81.3106460571289,-3.2563489683227105,6.688815511588709,-167.13003356223086,22.62029,-19.07428,-14.791907,11.115941,13.662216,-15.000033,-33.49111,4.4098215,-36.1551,30.565163,13.754266,7.8483353,-32.588158,12.263533,3.9016616,-37.533585,36.016163,-30.502964,-24.44302,7.7046227,-2.013131,17.168694,68.60468,-53.88498,-5.2371283,53.95184,8.518907,-2.0781896,9.873418
142,-64.5558090209961,-71.27354431152344,81.31117248535156,-2.5281184063925974,6.108357755042442,-167.29954224784785,21.889536,-19.212862,-13.252873,15.368695,11.157611,-15.000033,-30.879353,4.4812245,-35.273815,28.723156,13.537456,7.318427,-32.169834,11.649732,3.576678,-35.10003,35.872993,-30.95739,-24.8803,8.380912,-1.8654238,16.955235,67.867805,-52.962963,-5.246189,54.3318,8.013728,-2.1892061,9.258937
143,-65.8290023803711,-72.3501205444336,81.2408218383789,-1.9169666809687247,5.531687722349199,-167.52324532114127,20.950357,-18.97583,-11.144978,19.900562,8.587981,-15.000033,-28.445906,4.4732814,-34.312305,27.425652,13.054355,6.2997046,-31.689201,11.093574,3.3354075,-32.739174,35.730484,-31.436834,-25.071129,9.223918,-1.7355406,16.74942,66.97385,-52.10166,-5.1919518,54.665276,7.523889,-2.2943544,8.651209
144,-67.05196380615234,-73.40581512451172,81.08695983886719,-1.4266159163263654,5.0188604451917564,-167.77532941254964,19.697777,-18.363962,-8.873698,24.763037,5.8129077,-15.000033,-26.287916,4.411631,-33.37759,26.740269,12.172575,4.8152604,-31.158089,10.614662,3.1388266,-30.68464,35.62576,-31.912254,-24.92212,10.164187,-1.6972991,16.547197,65.928795,-51.30353,-5.1071763,54.911762,7.1844816,-2.4365385,8.161562
145,-68.25348663330078,-74.44576263427734,80.85456848144531,-1.0580197453704465,4.573302509191282,-168.05013025052784,18.196007,-17.345697,-6.4513726,29.920895,2.7199862,-15.000033,-24.438984,4.290409,-32.568115,26.822504,11.029683,2.528513,-30.619528,10.202142,3.0154386,-28.676207,35.539192,-32.320084,-24.593773,11.473208,-1.762049,16.34924,64.67806,-50.581432,-4.9810567,55.062706,7.0512323,-2.6317415,7.85278
146,-69.43477630615234,-75.49557495117188,80.556884765625,-0.8030497748856704,4.1548416616233395,-168.35369342791384,16.601427,-15.899809,-3.781456,35.260082,-0.53608996,-15.000033,-22.844461,4.135723,-31.773157,27.584736,9.632105,-0.470022,-30.052206,9.844005,2.9574556,-26.797953,35.487633,-32.681984,-24.001076,12.978135,-1.8986869,16.150932,63.252827,-49.936108,-4.8094172,55.146687,7.0518928,-2.857331,7.664143
147,-70.59600067138672,-76.52665710449219,80.18622589111328,-0.5656666673244066,3.760706989899746,-168.67935142229078,14.98462,-14.163226,-1.0277495,40.58727,-3.6148877,-14.648373,-21.52317,3.9190109,-30.705374,28.850578,7.6282535,-3.4984002,-29.45794,9.475721,2.9378092,-25.189133,35.50034,-33.038975,-23.132023,14.441647,-2.095164,16.00905,61.684734,-49.369804,-4.619302,55.14133,7.103299,-3.1049342,7.4938874
148,-71.7468490600586,-77.5988540649414,79.71319580078125,-0.29443840961254225,3.3975473426553537,-169.02212190919423,13.33656,-12.231829,1.6810592,45.82035,-6.246339,-13.484173,-20.457624,3.6912389,-29.093298,30.32937,4.7366533,-5.8845677,-28.837597,9.076819,2.9466476,-23.987806,35.61862,-33.42243,-21.97724,15.616799,-2.3357048,15.978316,60.011147,-48.88479,-4.443571,55.021137,7.120522,-3.3655865,7.2387257
149,-72.88209533691406,-78.68356323242188,79.15556335449219,-0.009487871150397006,3.0674110529606162,-169.3381060645359,11.604027,-10.0013075,4.243387,51.13921,-8.417636,-12.107688,-19.588911,3.6219504,-26.666607,31.824429,0.5649487,-7.5949583,-28.231085,8.655949,2.9831786,-23.141191,35.87225,-33.783253,-20.583101,16.611439,-2.6541245,16.111343,58.24095,-48.47515,-4.288878,54.740726,7.0979533,-3.6367059,6.890647
150,-73.94937133789062,-79.72061157226562,78.56975555419922,0.27668631086434414,2.7624320104345013,-169.64705578932586,9.831238,-7.452802,6.706956,56.560143,-10.294008,-10.540799,-18.924105,3.7040546,-23.599476,33.505745,-4.590211,-9.009329,-27.63052,8.21268,3.0670526,-22.546986,36.275043,-34.097065,-19.00339,17.500626,-3.0384607,16.3792,56.352604,-48.14088,-4.148618,54.31542,7.070266,-3.9236887,6.495401
151,-74.94117736816406,-80.73296356201172,77.95191955566406,0.517308533214532,2.4706347813223912,-170.06540717389035,8.05854,-4.739317,8.8974905,61.903374,-11.959746,-8.954214,-18.426504,3.8704836,-20.389278,35.39012,-9.88581,-10.082631,-26.94726,7.798789,3.2668078,-22.283285,36.84855,-34.429577,-17.23332,17.976526,-3.405515,16.7057,54.318962,-47.89423,-4.0141945,53.81919,7.0138097,-4.2279253,6.0308633
152,-75.87578582763672,-81.76981353759766,77.27740478515625,0.6721485997859143,2.1848631821383155,-170.7158263280364,6.280343,-2.0447018,10.676645,67.00465,-13.496272,-7.540067,-18.06764,3.9990516,-17.55669,37.467552,-14.49707,-10.681168,-26.082802,7.4628873,3.6457183,-22.431389,37.615906,-34.852085,-15.265993,17.733852,-3.6767662,17.009333,52.094925,-47.752907,-3.8612359,53.33596,6.906673,-4.5496945,5.4759984
153,-76.74930572509766,-82.83599090576172,76.55475616455078,0.7633108664406507,1.9546620498515992,-171.61901872393204,4.3570666,0.6206885,12.137684,71.972534,-14.890368,-6.299186,-17.969822,3.9356205,-15.321847,39.90098,-18.362452,-10.536238,-24.992117,7.2279267,4.164479,-23.127707,38.608368,-35.4195,-13.06748,16.370535,-3.801032,17.282515,49.64099,-47.723064,-3.6406696,52.90377,6.7155404,-4.9083877,4.7816634
154,-77.56877136230469,-83.9168701171875,75.80158233642578,0.7990728497477086,1.7698354073062479,-172.7237082221767,2.2860045,3.3366308,13.338443,76.89418,-16.135689,-5.1368427,-18.126253,3.716109,-13.440949,42.667263,-21.926378,-9.746342,-23.726782,7.0726767,4.808127,-24.28339,39.83724,-36.104034,-10.686382,14.149045,-3.8371496,17.565561,46.937614,-47.801243,-3.32385,52.496468,6.4641786,-5.2941146,3.9758773
155,-78.33397674560547,-85.01564025878906,75.0762939453125,0.7306592592986801,1.5323420497014135,-174.04413465122647,0.21912599,5.999879,14.121027,81.567635,-17.295694,-4.143938,-18.306189,3.4898515,-11.726268,45.43812,-25.119722,-8.687336,-22.330624,6.983076,5.6654344,-25.674162,41.286476,-36.853813,-8.213439,11.751735,-3.8717535,17.84038,43.96736,-47.996136,-2.9063227,52.101402,6.219199,-5.6625166,3.1568604
156,-79.03610229492188,-86.1238784790039,74.40644073486328,0.5229323564928368,1.1399441437095215,-175.58861569402265,-1.7119441,8.46236,14.344992,85.77127,-18.411278,-3.442003,-18.249434,3.4492908,-9.971289,47.85676,-27.852398,-7.748197,-20.85833,6.9488354,6.8158884,-27.071009,42.923843,-37.59469,-5.7183175,9.86992,-3.9840205,18.080353,40.703613,-48.32186,-2.3676965,51.70735,6.0512547,-5.970827,2.4276881
157,-79.68437957763672,-87.25410461425781,73.78372192382812,0.09267863831364685,0.4787769285001709,-177.4947460958958,-3.4833565,10.656804,13.932888,89.56277,-19.517925,-3.1630738,-17.84267,3.7848663,-8.142405,49.920925,-30.061033,-7.0459204,-19.240314,7.042239,8.405313,-28.51672,44.75516,-38.33822,-3.1196663,8.470874,-4.2206893,18.224115,36.993355,-48.7917,-1.6856902,51.396664,5.980945,-6.202538,1.8466117
158,-80.32288360595703,-88.42144012451172,73.21867370605469,-0.4836954443974947,-0.3838075785700374,-179.70588451239564,-5.216264,12.590984,13.019328,93.02108,-20.56061,-3.2563474,-17.213148,4.3596587,-6.3448305,51.783638,-31.814749,-6.3626313,-17.504856,7.286746,10.3170185,-30.188478,46.78714,-39.16074,-0.34887895,7.22694,-4.529515,18.29471,32.784576,-49.395298,-0.7193364,51.198444,5.98491,-6.378229,1.3636055
159,-80.98843383789062,-89.60819244384766,72.75162506103516,-1.0240851303906509,-1.2696124377559896,178.06236278631852,-7.026798,14.253689,11.77223,95.99038,-21.442528,-3.565466,-16.453768,4.9029446,-4.579868,53.303112,-33.204483,-5.5995126,-15.845541,7.584052,12.22987,-31.827354,48.972015,-39.96484,2.3853095,6.493865,-4.8370194,18.392946,28.230999,-50.09075,0.6978992,51.023796,6.071978,-6.5151753,0.9148264
160,-81.66532135009766,-90.79515075683594,72.40283966064453,-1.375112105044855,-1.9827437758838447,176.085182037951,-9.043025,15.665807,10.335673,98.31834,-22.061777,-3.911577,-15.669329,5.125863,-2.8463686,54.34062,-34.327213,-4.668114,-14.444063,7.7946525,13.855949,-33.23803,51.230263,-40.640728,4.963759,6.594898,-5.0692234,18.623842,23.557594,-50.828243,2.628248,50.72856,6.247998,-6.634142,0.43054017
161,-82.38761138916016,-91.98308563232422,72.20980072021484,-1.4963153835166063,-2.4498448298596602,174.41823294137097,-11.388876,16.778444,8.665713,99.95235,-22.416618,-4.310307,-14.915599,4.912983,-1.1081492,54.8769,-35.23403,-3.5299056,-13.31467,7.8340173,15.10626,-34.455,53.521034,-41.270336,7.496689,8.175855,-5.2043114,19.1051,18.833464,-51.56189,5.046757,50.234127,6.5432687,-6.7244573,-0.09891637
162,-83.12654113769531,-93.18193054199219,72.14161682128906,-1.4865051649803518,-2.7718961324516007,172.91294674767448,-13.986458,17.578428,6.721524,100.984825,-22.538359,-4.8212986,-14.129246,4.4113464,0.63206196,54.975563,-35.8774,-2.244261,-12.340857,7.764318,16.152203,-35.592007,55.823643,-41.881035,10.074936,10.889226,-5.253529,19.762802,14.001358,-52.249573,7.862145,49.567272,6.9485803,-6.7842135,-0.6477397
163,-83.90714263916016,-94.39531707763672,72.18911743164062,-1.4164323426234229,-3.0087024487924086,171.53330514131025,-16.662678,18.15897,4.6505575,101.47512,-22.369287,-5.314056,-13.250511,3.712722,2.3249657,54.62362,-36.185436,-0.87407875,-11.473731,7.6507077,17.103582,-36.5071,58.077656,-42.225513,12.52894,13.58226,-5.2116456,20.39631,9.17916,-52.856308,10.929979,48.702797,7.4038324,-6.849616,-1.2367755
164,-84.72563934326172,-95.63850402832031,72.32722473144531,-1.3535523832951755,-3.2224471883467456,170.24553975055082,-19.24349,18.631855,2.5972888,101.483505,-21.857313,-5.660086,-12.225704,2.910497,3.924894,53.810745,-36.082436,0.52199954,-10.67247,7.5670347,18.057684,-37.039005,60.207596,-42.02876,14.710898,15.108016,-5.1188602,20.785727,4.496918,-53.37379,14.096738,47.61541,7.8338237,-6.955794,-1.8814029
165,-85.57032012939453,-96.92092895507812,72.57823181152344,-1.3357608659995543,-3.436842438233397,169.10672321514255,-21.74628,19.05097,0.54310733,100.988716,-20.914465,-5.8071527,-10.979307,2.0224864,5.413595,52.43645,-35.580723,1.9575716,-9.947011,7.539357,19.037815,-37.181595,62.142696,-41.241913,16.676645,15.122349,-4.9905925,20.816996,0.035296887,-53.8504,17.397726,46.227474,8.28564,-7.1398907,-2.677024
166,-86.44078063964844,-98.23115539550781,72.9367904663086,-1.3250150110333974,-3.6175486902981637,168.111593153752,-24.222382,19.337542,-1.5457659,99.96811,-19.601288,-5.82631,-9.57779,0.9947857,6.833761,50.54378,-34.70112,3.45337,-9.2954,7.5308456,19.98115,-37.015793,63.850174,-39.989017,18.56181,14.261359,-4.8234434,20.609594,-4.265403,-54.304955,20.850662,44.556225,8.781614,-7.375926,-3.578655
167,-87.31976318359375,-99.55581665039062,73.39675903320312,-1.2722121728112437,-3.7396046880595164,167.1349844622633,-26.547043,19.434473,-3.541849,98.49021,-18.096926,-5.7717896,-8.176845,-0.17467706,8.237423,48.328693,-33.381268,4.967847,-8.641506,7.5208583,20.85551,-36.53623,65.318855,-38.284527,20.332773,12.843751,-4.6471615,20.298342,-8.407599,-54.67758,24.207262,42.693123,9.188571,-7.600063,-4.400391
168,-88.22322082519531,-100.91294860839844,73.9460678100586,-1.1268267949999984,-3.775757629497187,166.05159593231903,-28.589582,19.304193,-5.333167,96.62113,-16.57805,-5.7175217,-6.9294744,-1.4814154,9.686455,45.98415,-31.55511,6.463308,-7.885514,7.475307,21.638952,-35.772446,66.56353,-36.174294,21.929089,11.183661,-4.492665,20.016022,-12.334962,-54.893513,27.148457,40.72703,9.351291,-7.7458625,-4.9698358
169,-89.12361907958984,-102.29978942871094,74.5744857788086,-0.8881274239149323,-3.729399591745048,164.85346951167082,-30.274714,18.993256,-6.837801,94.27057,-15.113255,-5.752817,-5.792331,-2.9098663,11.294127,43.43572,-29.137589,8.046048,-7.0041285,7.3602796,22.369558,-34.74939,67.56373,-33.581253,23.314144,8.932578,-4.3999243,19.74903,-15.99662,-54.91639,29.472664,38.647766,9.092729,-7.786394,-5.242048
170,-90.0452880859375,-103.73086547851562,75.26919555664062,-0.5813486769251258,-3.605715160719364,163.60155390428352,-31.653301,18.526506,-8.110132,91.44526,-13.621884,-5.8257895,-4.7304916,-4.4476337,13.035293,40.63782,-26.192522,9.701246,-6.0322714,7.1742997,23.036938,-33.54952,68.29494,-30.622967,24.57289,6.056994,-4.3294134,19.4444,-19.415787,-54.783432,31.338245,36.471264,8.507024,-7.7652783,-5.317414
171,-90.99138641357422,-105.19175720214844,76.01457977294922,-0.19466441224713218,-3.3777562515564443,162.27268761210752,-32.782104,17.852657,-9.252159,88.348885,-12.046038,-5.796391,-3.904278,-6.090862,14.766435,37.825413,-22.873558,11.215094,-4.9551263,6.9364376,23.551174,-32.286045,68.79016,-27.634628,25.804674,3.345226,-4.21213,19.185003,-22.637228,-54.534286,32.970997,34.328026,7.8584857,-7.720877,-5.2436543
172,-91.97604370117188,-106.67707061767578,76.79547119140625,0.27763977318631455,-3.017740889189617,160.84382027136323,-33.72858,16.935001,-10.376434,85.18867,-10.3272915,-5.5117736,-3.4746077,-7.836458,16.330593,35.243446,-19.32906,12.383612,-3.7492127,6.659865,23.827236,-31.057117,69.124985,-24.94109,27.072159,1.5776745,-3.9902232,19.057003,-25.671505,-54.198315,34.575684,32.318745,7.4084153,-7.689907,-5.070068
173,-92.991943359375,-108.17896270751953,77.59455108642578,0.9035419491477834,-2.459505456596666,159.3360921098175,-34.554512,15.620843,-11.523369,81.92465,-8.407389,-4.736019,-3.4375825,-9.70651,18.074368,32.719864,-15.173524,13.539425,-2.4189615,6.2644176,23.816988,-29.896912,69.33883,-22.578012,28.369144,1.1205865,-3.6208167,19.128223,-28.451096,-53.765354,36.09227,30.448326,7.2394,-7.668782,-4.7411394
174,-94.03910064697266,-109.66029357910156,78.39599609375,1.6369563797812425,-1.7259414191405953,157.75744882916356,-35.205788,14.041619,-12.635458,78.487785,-6.340257,-3.593248,-3.742184,-11.682551,20.02153,30.252111,-10.497797,14.69667,-0.9762639,5.7507515,23.584358,-28.789124,69.43492,-20.437586,29.656027,1.4863391,-3.1522715,19.33656,-30.982922,-53.232452,37.45497,28.676523,7.2076335,-7.645126,-4.2537866
175,-95.1243896484375,-111.11477661132812,79.18285369873047,2.309363499326357,-0.9249954657516228,156.06035008311184,-35.60284,12.576356,-13.698831,75.04071,-4.2265687,-2.4770777,-4.5068398,-13.671629,21.39064,28.351513,-6.1004586,15.000033,0.6009683,5.2671375,23.222439,-27.674997,69.459595,-18.544529,30.887562,2.1661751,-2.6718974,19.577309,-33.411385,-52.6259,38.860878,27.040411,7.2427816,-7.634513,-3.734955
176,-96.2467269897461,-112.5560302734375,79.93356323242188,2.8197071457643776,-0.15787903802667388,154.18695408323563,-35.68233,11.518747,-14.643783,71.732025,-2.1543,-1.7789528,-5.904795,-15.661599,21.356571,27.54392,-2.7502007,14.070801,2.327686,4.900509,22.796616,-26.457632,69.476265,-16.898952,32.013412,2.6394055,-2.2696943,19.755312,-35.865105,-51.980556,40.51287,25.541798,7.2888384,-7.655414,-3.3117757
177,-97.38548278808594,-113.96087646484375,80.6502456665039,3.1255269800108945,0.5998335125470633,152.03107668238246,-35.421722,11.052796,-15.425611,68.50999,-0.028567946,-1.756105,-8.300976,-17.740648,19.216703,28.26169,-0.7815992,10.37552,4.289441,4.6722827,22.260204,-25.005718,69.53194,-15.443047,32.953106,2.7841167,-1.9470497,19.848185,-38.371387,-51.322258,42.529816,24.176147,7.4934435,-7.7336287,-2.998194
178,-98.55724334716797,-115.31571960449219,81.31938934326172,3.3369586990306948,1.3910116674956883,149.64344265566186,-34.885372,10.916479,-16.05243,65.31214,2.1784835,-2.1527188,-11.457037,-20.15558,15.4194145,30.112349,-0.11499615,4.6012716,6.4607477,4.456423,21.623175,-23.286894,69.63331,-14.068636,33.65837,2.850856,-1.6613371,19.899801,-40.861473,-50.62105,44.740517,22.91715,7.8176675,-7.8436513,-2.7310653
179,-99.73600006103516,-116.64225769042969,81.87803649902344,3.4729881718361675,2.0981372650389005,147.20960621589856,-34.123997,10.813579,-16.691463,62.280666,4.263589,-2.6511652,-14.454619,-22.85672,10.739008,32.266354,-0.64504397,-1.4262103,8.615055,4.2199183,21.009207,-21.306166,69.78772,-12.694208,34.18574,2.8794937,-1.4401673,19.924675,-43.33039,-49.8696,47.013523,21.683184,8.012863,-7.945948,-2.5204875
180,-100.92941284179688,-117.93736267089844,82.37567901611328,3.5265163761249534,2.599918352837159,144.91406807080557,-33.195576,10.505731,-17.53958,59.57854,6.006727,-2.928094,-16.46897,-25.519585,6.024871,33.979515,-1.7044861,-5.770844,10.558652,4.0110445,20.55851,-19.10109,69.99354,-11.250496,34.572147,2.9097712,-1.310477,19.937456,-45.768517,-49.051426,49.167374,20.420675,7.7886853,-7.996937,-2.3786194
181,-102.11795806884766,-119.21886444091797,82.77754974365234,3.4812215792920758,2.841623244444374,142.75356619747524,-32.068874,10.015474,-18.676603,57.262104,7.3483825,-2.8357415,-17.281885,-28.076714,0.96850777,35.061142,-2.9249222,-7.762601,12.268401,3.8875706,20.304945,-16.603971,70.272255,-9.710689,34.78192,2.9287472,-1.3246788,19.934381,-48.25961,-48.167877,51.289234,19.173895,6.935901,-7.9771457,-2.3376675
182,-103.31016540527344,-120.50872802734375,83.0971908569336,3.3309338048933896,2.8780922037099335,140.64378927021602,-30.73992,9.486855,-20.019854,55.26042,8.397726,-2.5681841,-17.188934,-30.539976,-4.7600546,35.96184,-4.4641643,-8.408488,13.832139,3.8540404,20.172077,-13.744756,70.627304,-8.040301,34.78639,2.9141421,-1.4518989,19.905563,-50.848083,-47.223175,53.463306,17.977829,5.692856,-7.9140553,-2.3795607
183,-104.5309066772461,-121.80487823486328,83.3532485961914,3.095373799078357,2.7677975304782114,138.6405200120576,-29.309126,8.882833,-21.507242,53.54109,9.184217,-2.3030062,-16.479738,-32.63304,-10.307018,37.019012,-6.1201344,-8.396533,15.241658,3.8985505,20.11059,-10.597267,71.002396,-6.197406,34.651325,2.9001427,-1.595763,19.860376,-53.21369,-46.194843,55.32962,16.671959,4.2443337,-7.8325276,-2.445111
184,-105.76329040527344,-123.090576171875,83.53857421875,2.799857029761021,2.5713288534126555,136.80240428037848,-27.867102,8.154326,-23.076466,52.061867,9.744807,-2.2159004,-15.572784,-34.149345,-14.689296,38.494743,-7.7485538,-8.437096,16.49153,3.9887247,20.059229,-7.33307,71.33426,-4.236413,34.49348,2.9318087,-1.6608957,19.814648,-55.32139,-45.091583,56.755264,15.235411,3.008416,-7.7641454,-2.46878
185,-107.00491333007812,-124.37195587158203,83.64289855957031,2.4085199105269797,2.256303113490676,135.16366213445397,-26.357384,7.2405643,-24.900005,50.82034,10.040145,-2.3139899,-14.628135,-34.899487,-17.432758,40.418236,-9.3233185,-8.545438,17.562952,4.2003613,20.020555,-4.026852,71.577675,-2.2732513,34.35214,3.0510602,-1.6049145,19.806034,-57.113422,-43.92625,57.678104,13.637753,1.9256507,-7.7213383,-2.4448118
186,-108.25578308105469,-125.6336669921875,83.67147064208984,1.931164136320041,1.8073070120389234,133.6832028111754,-24.74193,6.2055635,-26.948183,49.826786,10.069371,-2.5062664,-13.6354885,-34.979507,-19.040152,42.68148,-10.890494,-8.406559,18.488714,4.548324,19.9932,-0.7219829,71.72972,-0.38052347,34.227867,3.243153,-1.4868759,19.826408,-58.672523,-42.716866,58.22921,11.9427,0.85963553,-7.6860704,-2.4031131
187,-109.50056457519531,-126.87017059326172,83.6237564086914,1.4569643582719956,1.3119249956216086,132.3120691894021,-23.14383,5.1645336,-28.859785,49.04476,9.932946,-2.8252473,-12.7457905,-34.693127,-19.940456,45.273205,-12.438507,-8.23064,19.33849,4.9147377,19.93052,2.455176,71.79256,1.4535714,34.161568,3.4675107,-1.3639898,19.821583,-60.05992,-41.478127,58.477802,10.218641,0.008482622,-7.6433434,-2.3367114
188,-110.74254608154297,-128.09007263183594,83.49561309814453,1.0723964456005,0.8602556975896213,131.0021841816492,-21.706049,4.2061954,-30.27468,48.43137,9.736437,-3.310884,-12.026091,-34.42189,-20.573944,48.174644,-13.953639,-8.250162,20.1675,5.1764336,19.796171,5.42228,71.77103,3.281458,34.17715,3.6817126,-1.293367,19.73477,-61.311237,-40.224552,58.48119,8.51156,-0.4549616,-7.578272,-2.237742
189,-111.9756088256836,-129.28564453125,83.29620361328125,0.8002966045430416,0.4662425509422559,129.74679629424855,-20.494959,3.2400105,-31.143871,48.04127,9.644496,-4.067544,-11.521675,-34.263767,-20.833548,51.488503,-15.470689,-8.580323,20.97295,5.295745,19.617748,8.220995,71.67342,5.1224766,34.249004,3.8682847,-1.3058773,19.522797,-62.428493,-38.95981,58.22579,6.784149,-0.31149462,-7.4807343,-2.1045735
190,-113.1964111328125,-130.49293518066406,83.02567291259766,0.5906699692116372,0.0909094506434938,128.5695621917018,-19.441578,2.22541,-31.644653,47.858963,9.553804,-5.0511203,-11.182685,-34.05192,-20.545633,55.186523,-16.984545,-9.075221,21.71824,5.3418956,19.415005,10.899667,71.50094,6.968263,34.354927,4.0493946,-1.3659787,19.223186,-63.403343,-37.690975,57.706413,5.014272,0.2658885,-7.3587966,-1.9431409
191,-114.40850830078125,-131.70680236816406,82.6759033203125,0.4196636240352252,-0.25397438452294,127.4704753968447,-18.500938,1.3180221,-31.746544,47.730278,9.17985,-6.068856,-10.874788,-33.8272,-20.056276,59.043594,-18.420317,-9.605662,22.412691,5.348824,19.15097,13.392955,71.247765,8.842726,34.509403,4.245931,-1.4305382,18.90049,-64.35721,-36.44104,57.031364,3.3152175,0.94472504,-7.2227097,-1.7541864
192,-115.6148452758789,-132.9143829345703,82.25935363769531,0.26310307718138976,-0.5578359933232613,126.45067058030449,-17.626966,0.6852542,-31.409092,47.50108,8.251779,-6.912289,-10.452093,-33.618866,-19.72973,62.82407,-19.694178,-10.043014,23.063652,5.3535,18.790176,15.639594,70.90222,10.779422,34.72195,4.4848633,-1.4562166,18.620672,-65.409645,-35.242672,56.3074,1.7921147,1.3945228,-7.083281,-1.536439
193,-116.82421112060547,-134.10873413085938,81.78961181640625,0.11078268220733237,-0.8068189106776636,125.51402145659975,-16.807817,0.49950138,-30.38794,47.05447,6.719635,-7.5434074,-9.868683,-33.470623,-19.692982,66.53432,-20.785645,-10.424526,23.667255,5.3623505,18.31459,17.628387,70.44719,12.792507,34.990307,4.815748,-1.4132982,18.401594,-66.52209,-34.12347,55.520557,0.3442645,1.5372157,-6.916915,-1.2158548
194,-118.03974914550781,-135.2936553955078,81.24388122558594,-0.023992251551807564,-1.0099453120684043,124.65897588628133,-16.055372,0.61150074,-28.765839,46.4892,4.7386417,-8.068007,-9.178774,-33.365826,-19.752516,70.26363,-21.734554,-10.800566,24.216389,5.362853,17.763138,19.402777,69.886345,14.885472,35.286945,5.223097,-1.3303883,18.21329,-67.68578,-33.099995,54.65326,-1.0638264,1.5560151,-6.7245064,-0.8174477
195,-119.25798797607422,-136.457275390625,80.62049865722656,-0.13019794334972715,-1.1912188671550632,123.87910290133071,-15.365743,0.7209789,-26.997751,45.976833,2.3439577,-8.48553,-8.384418,-33.212536,-19.813812,73.89086,-22.545815,-11.05678,24.7045,5.3636804,17.179165,20.995314,69.24162,17.084742,35.589825,5.631456,-1.2511586,18.04876,-68.955315,-32.19242,53.7695,-2.2953224,1.4484078,-6.557225,-0.48845786
196,-120.47063446044922,-137.6049346923828,79.92981719970703,-0.19931824864168227,-1.3718786391072857,123.16913687793209,-14.773857,0.54016316,-25.543924,45.70685,-0.44859147,-8.7767725,-7.497174,-32.904957,-19.793724,77.29169,-23.218842,-11.068448,25.130438,5.370413,16.603668,22.442509,68.541565,19.422056,35.87347,5.9608727,-1.2182616,17.898752,-70.39515,-31.420187,52.92817,-3.2041461,1.2277108,-6.466462,-0.37673974
197,-121.67578887939453,-138.75363159179688,79.22758483886719,-0.24774074039313604,-1.5649883136424818,122.51111530119779,-14.285517,0.009225966,-24.584791,45.81606,-4.026119,-8.967211,-6.504839,-32.40701,-19.662804,80.515816,-23.753212,-10.84016,25.502054,5.4053965,16.011957,23.758848,67.81613,21.97848,36.144768,6.2789884,-1.2623835,17.750286,-72.085205,-30.80562,52.163456,-3.791865,0.79720193,-6.4843063,-0.58281773
198,-122.86654663085938,-139.8968505859375,78.50072479248047,-0.27747108397784714,-1.7534694751622566,121.91380302731878,-13.9239435,-0.730365,-23.857416,46.21874,-8.295436,-9.027079,-5.4037747,-31.748709,-19.493385,83.59597,-24.147017,-10.41006,25.821346,5.4468465,15.400147,24.95437,67.07064,24.75386,36.393574,6.5931396,-1.3521315,17.607666,-73.96131,-30.36457,51.444534,-4.158749,0.18785356,-6.574529,-1.011729
199,-124.02629852294922,-141.0257110595703,77.77098083496094,-0.2582960267585044,-1.913096378067343,121.41158443904091,-13.748915,-1.6510295,-23.1822,46.75154,-12.507154,-8.87469,-4.23339,-30.913773,-19.35654,86.38507,-24.399378,-9.698861,26.077463,5.4439726,14.830459,26.018034,66.289566,27.613295,36.596,6.734293,-1.4373581,17.490347,-75.823494,-30.102968,50.728992,-4.326686,-0.42627877,-6.6878223,-1.5170689
200,-125.1307601928711,-142.1597137451172,77.05570983886719,-0.15817646706751248,-2.022042486332774,121.03679145368075,-13.784516,-2.7149782,-22.394928,47.206688,-15.8940525,-8.469595,-3.0370517,-29.898916,-19.311686,88.72659,-24.510532,-8.63441,26.267168,5.3556314,14.361835,26.89031,65.45588,30.374208,36.75157,6.538133,-1.4675335,17.422636,-77.490425,-30.01678,49.977367,-4.289376,-0.86267775,-6.7796063,-1.9489199
201,-126.18943786621094,-143.30238342285156,76.39464569091797,0.09620279910119764,-2.0642049359898462,120.79304975378686,-14.075998,-3.9731615,-21.400421,47.564182,-18.326244,-7.785605,-1.8036665,-28.802828,-19.34841,90.66013,-24.550686,-7.061988,26.406878,5.124686,14.021667,27.408484,64.58695,33.043797,36.943447,5.801268,-1.4043298,17.437231,-79.008484,-30.1014,49.12277,-3.9677365,-1.1114998,-6.83645,-2.2567816
202,-127.22463989257812,-144.4605712890625,75.86106872558594,0.46542457421932054,-2.056382695939199,120.66253908924983,-14.571375,-5.411562,-20.31606,47.89441,-20.18996,-6.8825197,-0.5290709,-27.588621,-19.444546,92.24251,-24.522238,-5.0711274,26.500143,4.79502,13.771117,27.631798,63.711742,35.688175,37.159504,4.6685677,-1.282666,17.522005,-80.45569,-30.358315,48.223858,-3.3805628,-1.2581834,-6.8851266,-2.526526
203,-128.21205139160156,-145.63406372070312,75.48697662353516,0.8138938069297749,-2.02737031351666,120.64484589483264,-15.132277,-6.8839607,-19.290289,48.093563,-21.480059,-5.8564,0.7083948,-26.070038,-19.611708,93.3374,-24.299883,-2.959873,26.533981,4.4800367,13.561026,27.782206,62.821747,38.15435,37.284992,3.4980018,-1.1634761,17.632349,-81.696495,-30.78445,47.410767,-2.648796,-1.247959,-6.94436,-2.8081121
204,-129.1612548828125,-146.806884765625,75.27803039550781,1.0061299062535105,-2.0052060159258036,120.73977010290044,-15.632041,-8.249961,-18.470644,48.070156,-22.182318,-4.7941146,1.8141577,-24.070633,-19.83556,93.79856,-23.73293,-1.0191437,26.50225,4.30659,13.331096,28.024023,61.88584,40.21478,37.233234,2.648732,-1.1062953,17.725273,-82.5773,-31.370907,46.809372,-1.8784989,-1.0228857,-7.034738,-3.1495166
205,-130.09422302246094,-147.9691619873047,75.21508026123047,0.9822556794245957,-2.0149439806610157,121.01991556750336,-16.063738,-9.479946,-17.930624,47.867435,-22.268501,-3.6709442,2.827635,-21.46106,-20.163141,93.51165,-22.706053,0.5516394,26.357925,4.3437424,13.064043,28.311306,60.882267,41.800518,36.998264,2.2094843,-1.1374499,17.820438,-83.071266,-32.115498,46.43485,-1.0336488,-0.41061768,-7.1953487,-3.612822
206,-131.0428466796875,-149.1265106201172,75.27398681640625,0.8281557342707737,-2.033973852358005,121.45988468187156,-16.492376,-10.634471,-17.552807,47.50867,-21.740915,-2.452879,3.7284174,-18.390562,-20.51961,92.55979,-21.3018,1.9550402,26.130623,4.5185575,12.782015,28.566149,59.812504,42.99336,36.63408,1.9915341,-1.2223086,17.935324,-83.241516,-33.011967,46.2169,-0.06011109,0.5134303,-7.4114046,-4.1536674
207,-132.02035522460938,-150.31167602539062,75.43531036376953,0.6290081978267177,-2.0184728776371728,121.91280391674712,-16.899117,-11.711186,-17.201097,46.87089,-20.625702,-1.2114267,4.363792,-15.108254,-20.715458,91.09181,-19.67013,3.5061262,25.928162,4.7415633,12.483135,28.874199,58.675312,43.762344,36.16135,1.9398391,-1.3272152,18.019787,-83.07972,-34.03459,46.149845,0.97761273,1.4410628,-7.6155095,-4.6579733
208,-132.9954071044922,-151.543212890625,75.69381713867188,0.4686197875858516,-1.9276273264223631,122.23238813787837,-17.258081,-12.709378,-16.743446,45.828403,-18.959906,-0.0142306965,4.627115,-11.856859,-20.590235,89.27539,-17.985485,5.514048,25.85586,4.931361,12.162585,29.294266,57.47076,44.04861,35.61322,2.0012498,-1.418937,18.029032,-82.596344,-35.14209,46.231834,2.0368097,2.0647066,-7.731718,-5.0158153
209,-133.9652557373047,-152.82102966308594,76.0555419921875,0.36627848891646114,-1.752219286492459,122.36567274738599,-17.536379,-13.610113,-16.12291,44.305428,-16.738335,1.2127516,4.5284505,-8.665045,-20.13028,87.09257,-16.21634,8.183462,25.958958,5.07843,11.797712,29.871193,56.183426,43.730804,35.00845,2.2452717,-1.4798449,17.969109,-81.74584,-36.298664,46.47699,3.1457942,2.2652843,-7.7132125,-5.1896033
210,-134.93800354003906,-154.12889099121094,76.50834655761719,0.2775874863193127,-1.515358513708738,122.3986106968081,-17.742199,-14.415424,-15.380511,42.381706,-13.964969,2.4855208,4.185827,-5.41436,-19.401575,84.47318,-14.339609,11.308627,26.16195,5.2307167,11.394481,30.571629,54.81142,42.861057,34.33473,2.6781921,-1.5316417,17.868296,-80.574394,-37.48672,46.880966,4.3720303,2.2131798,-7.606232,-5.2415705
211,-135.91905212402344,-155.43313598632812,77.04424285888672,0.1962008140170435,-1.2272660492613376,122.39078004957243,-17.917957,-15.163209,-14.541147,40.167217,-10.680521,3.6523876,3.6779654,-2.1407218,-18.385555,81.525154,-12.549533,14.567124,26.384735,5.381407,10.996095,31.369226,53.38449,41.664597,33.56492,3.140059,-1.600398,17.707993,-79.22251,-38.69303,47.41362,5.7165613,2.0264306,-7.4668436,-5.2108836
212,-136.82469177246094,-156.7435760498047,77.62669372558594,-0.2634212071160664,-0.7754983967391975,122.20241990921255,-18.456924,-15.407297,-13.680986,38.272957,-7.209098,4.436264,3.085072,0.9616801,-17.944986,78.2476,-10.843006,15.000033,26.756557,5.7831564,10.382031,32.21735,51.94954,40.371147,32.69637,3.4755323,-1.7130665,17.460413,-77.824104,-39.907753,48.038834,7.1687546,1.8274575,-7.3518224,-5.135655
213,-137.71632385253906,-158.09693908691406,78.23731994628906,-0.6701389352309545,-0.28419248341104913,122.00769947985144,-19.160656,-15.747956,-12.808322,36.362564,-3.050218,5.513174,2.353572,4.053543,-17.054451,74.74221,-9.437935,15.000033,27.073877,6.112455,9.845463,33.172436,50.52485,38.92909,31.725254,3.6004174,-1.8900087,17.057095,-76.343025,-41.12271,48.767708,8.720541,1.5566225,-7.2674475,-5.0076947
214,-138.61183166503906,-159.4766845703125,78.86446380615234,-0.977724791852163,0.2221797981934805,121.83077078469093,-19.940472,-16.159678,-11.841655,34.303665,1.7791102,6.7862425,1.5606306,7.15486,-15.6743765,70.95177,-8.240714,15.000033,27.315071,6.350609,9.411888,34.241184,49.122128,37.25685,30.681034,3.619492,-2.1130617,16.53164,-74.74463,-42.333378,49.613243,10.391851,1.1713561,-7.1889315,-4.812099
215,-139.51101684570312,-160.86614990234375,79.4939193725586,-1.2239887951472386,0.7098539676279856,121.75978097993445,-20.547844,-16.48159,-10.833597,31.843374,6.924369,7.0533185,0.949932,10.096577,-14.160943,66.842094,-7.0785303,15.000033,27.402233,6.54508,9.097877,35.306095,47.792328,35.547066,29.612844,3.6381543,-2.3519258,15.993802,-73.14468,-43.536568,50.52877,12.2073,0.8197727,-7.1245375,-4.5747695
216,-140.4024200439453,-162.25148010253906,80.0844497680664,-1.4711631368113596,1.1515305227131558,121.8587449642438,-20.659924,-16.643515,-10.077607,28.642109,12.073659,5.0291095,0.7097351,12.701146,-12.853053,62.36364,-5.7661114,15.000033,27.29853,6.7543316,8.90325,36.225723,46.600662,33.99335,28.582684,3.7548933,-2.5781822,15.541912,-71.55158,-44.721096,51.39021,14.149206,0.58009106,-7.0800004,-4.3198495
217,-141.2797393798828,-163.62950134277344,80.62902069091797,-1.8201166454694404,1.5684416582202796,122.12016785424133,-19.941122,-16.646687,-10.139767,23.97589,17.711424,-0.5675557,0.9006743,15.021981,-11.850421,57.220867,-4.1858034,15.000033,27.00664,7.0501366,8.7620125,36.97667,45.583652,32.60819,27.641758,3.9858575,-2.8146682,15.140012,-70.07038,-45.89751,52.26688,16.285244,0.6576456,-7.0627713,-4.0328903
218,-142.1419677734375,-165.0129852294922,81.10993957519531,-2.3644563810905934,1.9330926750666313,122.46876052542228,-18.407085,-16.490623,-11.323748,17.948013,23.696787,-9.056049,1.5231096,17.228605,-10.840032,51.326992,-2.3602948,15.000033,26.6208,7.549042,8.640028,37.575222,44.749546,31.264032,26.799849,4.267721,-3.0676048,14.743944,-68.56245,-47.0662,53.13892,18.573917,0.8808825,-7.0654683,-3.7047741
219,-143.03843688964844,-166.4252471923828,81.49393463134766,-3.0413611134480716,2.1099190188262185,122.8540540157844,-16.312462,-15.896988,-11.563865,11.420433,28.956524,-15.000033,2.661573,19.188454,-9.572883,45.100883,-0.39229816,15.000033,26.194777,8.295578,8.6274395,37.976784,44.112507,29.97674,26.092709,4.5613976,-3.286477,14.4277115,-67.05036,-48.233467,54.012703,20.991337,1.095026,-7.07793,-3.3511252
220,-144.0158233642578,-167.85025024414062,81.68321228027344,-3.6186873712087992,1.8991638939173299,123.24987401028432,-15.996355,-15.355919,-8.21788,9.778605,30.000067,-15.000033,4.283172,20.6271,-7.972174,39.3689,1.4244633,15.000033,25.731468,9.1769285,8.955987,38.18254,43.676544,28.776077,25.533287,4.8188124,-3.419718,14.259916,-65.58681,-49.417953,54.93071,23.519949,1.1822511,-7.093503,-2.9780495
221,-144.96664428710938,-169.2957000732422,81.78190612792969,-4.102510376731639,1.7600105439841789,123.83056408649773,-16.244932,-15.009282,-4.4357033,9.646757,30.000067,-15.000033,5.825175,21.555902,-6.664609,33.83372,3.566041,15.000033,25.116806,9.965273,9.276751,38.095398,43.467392,27.691723,25.179996,5.1260643,-3.4309473,14.328742,-64.16946,-50.62805,55.85237,26.16665,1.0247991,-7.1141806,-2.5913243
222,-145.90185546875,-170.7425537109375,81.7822265625,-4.396790009253491,1.7615447012980237,124.63877006584858,-16.118994,-14.85808,-0.3605339,8.774393,30.000067,-15.000033,7.1710086,21.95948,-5.770022,28.428122,5.937046,15.000033,24.307962,10.533864,9.584514,37.704674,43.49337,26.682407,25.039234,5.46462,-3.3541913,14.572073,-62.76096,-51.871696,56.76224,28.934172,0.7226415,-7.144767,-2.1914923
223,-146.81976318359375,-172.22637939453125,81.74551391601562,-4.430995105981801,1.8768205357980925,125.60786651932334,-15.774849,-15.057959,3.234536,7.333938,30.000067,-15.000033,8.269692,21.943573,-4.8550563,23.352106,8.195794,15.000033,23.3619,10.818826,9.937463,36.961773,43.742794,25.690035,25.117844,5.6914005,-3.2500577,14.872239,-61.30485,-53.14866,57.614185,31.756895,0.4047348,-7.1783032,-1.8472201
224,-147.72286987304688,-173.74069213867188,81.72834014892578,-4.145088568803772,2.0038860978796618,126.62509421615131,-15.170896,-15.667592,5.4794035,5.2995834,30.000067,-15.000033,9.124088,21.529057,-3.3949206,18.933178,9.924939,15.000033,22.238497,10.720835,10.472128,36.142147,44.05506,24.939098,25.201097,5.681902,-3.1791563,15.091779,-59.907368,-54.088093,58.40849,34.823067,0.13051932,-7.22166,-1.6177583
225,-148.56686401367188,-175.20217895507812,81.67753601074219,-3.5297723172076325,1.964825823168797,127.45632470064804,-14.2024765,-16.612942,5.652437,2.9016724,29.184143,-15.000033,9.909592,20.6855,-0.8535284,15.140699,11.162954,15.000033,21.17827,10.310625,11.329667,35.152187,44.371998,24.361027,25.310476,5.252743,-3.1410089,15.277541,-58.591293,-54.800686,59.225304,38.120388,-0.036805525,-7.28785,-1.6070032
226,-149.3583984375,-176.62435913085938,81.591064453125,-2.675855835626656,1.8243348175018004,128.2171100491732,-14.495333,-17.581034,4.7946534,3.4506905,25.55854,-15.000033,10.445998,19.457567,2.2804315,12.031206,11.973821,15.000033,20.28454,9.830469,12.312835,33.17921,44.959507,23.302206,26.135008,4.5354843,-3.1600337,15.502655,-57.211212,-55.847744,60.186825,41.32301,0.015869,-7.3219147,-1.7805248
227,-150.15699768066406,-178.08013916015625,81.5176773071289,-1.5709546048414633,1.6520324372664166,129.16173200492176,-14.711698,-18.704794,3.8578315,3.9422646,22.349081,-15.000033,10.173133,17.854416,5.1048536,10.734175,11.625338,15.000033,19.263725,9.106164,13.403286,30.922905,45.72753,22.116238,27.010727,3.821352,-3.1776218,15.686425,-55.627167,-56.97793,60.947197,44.447056,0.12829477,-7.338956,-1.9535612
228,-150.96165466308594,-179.5775146484375,81.42111206054688,-0.4958422965840431,1.4895787676193861,130.4739503267186,-14.83833,-19.749956,3.6632607,4.322678,20.400396,-15.000033,9.021808,16.225246,6.9277325,11.59596,9.808631,15.000033,17.7658,8.350601,14.504965,28.992823,46.407497,21.182053,27.451054,3.5117078,-3.1897347,15.74671,-54.05878,-57.83054,61.5995,47.62388,0.25420344,-7.313676,-1.9665328
229,-151.7760009765625,-181.06375122070312,81.31100463867188,0.193378342746037,1.2782241270946186,132.18674645398926,-14.899217,-20.34899,4.259063,4.980162,19.66362,-15.000033,7.3833494,14.869934,7.874172,14.1555395,6.617546,15.000033,16.29724,8.171068,15.295738,25.793161,47.810787,19.052717,28.690805,3.527378,-3.2141876,15.602758,-51.827995,-59.40897,61.962708,50.31434,0.69383425,-7.185349,-1.7595698
230,-152.53785705566406,-182.4891357421875,81.1949462890625,0.8731564444409611,1.002380410400161,134.12984314930924,-17.751278,-20.521694,6.2145677,11.576252,16.571962,-15.000033,5.282113,13.505779,7.5705814,18.353985,2.106187,10.952757,14.658625,7.9050913,16.168472,22.42984,49.319702,16.843853,29.752716,3.8365383,-3.2346807,15.294505,-49.241093,-60.982372,61.88249,52.87004,1.1814666,-6.9882865,-1.4316
231,-153.27407836914062,-183.93838500976562,80.87385559082031,1.3547716336610085,0.6904887389692642,136.07752031040513,-20.301056,-20.22631,8.210487,17.796505,13.993664,-15.000033,3.4451804,12.380698,6.6459,22.542692,-2.7646306,4.019272,13.05651,7.755666,16.984491,18.860735,50.914276,14.462597,30.741072,4.242779,-3.2661574,14.946162,-46.37757,-62.55158,61.474194,55.251747,1.7034911,-6.775259,-1.0116019
232,-154.0137481689453,-185.43370056152344,80.3597412109375,1.722987955898432,0.39592804208706495,137.89698691897308,-22.60444,-19.648346,10.041897,23.496078,11.556358,-15.000033,2.1077244,11.264736,5.782956,25.921743,-7.291779,-1.2057627,11.60881,7.6615286,17.698025,15.11902,52.54234,11.897151,31.662615,4.576534,-3.3173244,14.698586,-43.19255,-64.10959,60.66052,57.3656,2.157643,-6.6033144,-0.54421276
233,-154.74017333984375,-186.91209411621094,79.77375793457031,1.9989112264108226,0.13404897254454584,139.6934926853259,-24.76252,-18.848867,11.728214,28.904806,9.087004,-15.000033,1.3117177,9.963983,4.5381203,28.403872,-11.386739,-4.332185,10.193428,7.6065164,18.332012,11.269354,54.194435,9.145213,32.43014,4.860731,-3.406642,14.585943,-39.65436,-65.65467,59.501175,59.185623,2.5434728,-6.5206995,-0.0037925965
234,-155.44866943359375,-188.3081817626953,79.2085952758789,2.1829862723245417,-0.12624732379196682,141.52867831980006,-26.756283,-17.795746,13.30392,34.16801,6.69863,-15.000033,0.8595352,8.455516,2.8477218,30.551632,-15.421225,-6.2154694,8.746323,7.6043496,18.934385,7.261637,55.847588,6.1898875,33.035843,5.1644745,-3.5251048,14.540901,-35.736675,-67.1736,57.96646,60.74293,2.907313,-6.4850526,0.6216601
235,-156.13653564453125,-189.6628875732422,78.62217712402344,2.2626338062109608,-0.3980909138960585,143.25652163137246,-28.552414,-16.511076,14.599874,39.147335,4.428697,-15.000033,0.5927483,6.899654,1.1331811,32.527832,-19.243147,-7.193162,7.3929367,7.666058,19.520475,3.0922337,57.400867,3.1355667,33.520027,5.4068813,-3.6356878,14.554808,-31.407476,-68.62308,55.815155,61.992386,3.2077045,-6.417478,1.2675115
236,-156.81773376464844,-191.01544189453125,78.00022888183594,2.227597059409355,-0.6899438555069329,144.7318227318771,-30.15047,-15.05407,15.492139,43.705704,2.3390827,-15.000033,0.34209532,5.4898853,-0.14967802,34.463417,-22.684864,-7.6213346,6.2227836,7.8040557,20.12448,-1.0695744,58.724934,0.24209431,33.839863,5.5308356,-3.6992054,14.624484,-26.687292,-69.93758,52.84196,62.885178,3.396017,-6.2391934,1.8751453
237,-157.5070343017578,-192.35220336914062,77.3541488647461,2.071351274635296,-1.0241003764018186,145.9225140992945,-31.642397,-13.464361,15.96944,47.958527,0.4917871,-15.000033,-0.015229063,4.2590327,-1.019169,36.598618,-25.735851,-7.4432044,5.1954303,8.048954,20.81777,-5.038444,59.76612,-2.2123547,33.93642,5.5749607,-3.6783695,14.821957,-21.694872,-71.0404,49.04809,63.503147,3.422781,-5.9007044,2.4839606
238,-158.20387268066406,-193.69735717773438,76.68437194824219,1.8108392638789417,-1.376891282698132,146.91818907880338,-33.071648,-11.764743,16.127884,51.994778,-1.1659766,-15.000033,-0.44600144,3.0556872,-1.7812055,38.928524,-28.489307,-6.558026,4.1886287,8.39431,21.58721,-8.685703,60.556324,-4.169767,33.761463,5.6140413,-3.5993328,15.141234,-16.573322,-71.873924,44.69825,63.909107,3.3144627,-5.4570684,3.1242437
239,-158.9317626953125,-195.05470275878906,76.00985717773438,1.5338410967870306,-1.68610551719234,147.7905578251322,-34.344208,-9.993045,16.248446,55.58434,-2.7012744,-14.47783,-0.8947078,1.768046,-2.3765197,41.20553,-30.958279,-5.233093,3.1346092,8.747363,22.331661,-11.890974,61.11709,-5.666873,33.297752,5.6446514,-3.5174956,15.466,-11.467792,-72.394775,40.075184,64.067184,3.1446302,-4.9982615,3.7262676
240,-159.70790100097656,-196.42431640625,75.36620330810547,1.3226877270661446,-1.8894608656585512,148.59175278842136,-35.382565,-8.167138,16.559376,58.53316,-4.2169113,-13.118311,-1.2597022,0.34050065,-2.7141128,43.069107,-33.10927,-3.726352,2.0048413,9.025192,22.940994,-14.569672,61.465294,-6.771395,32.537075,5.665036,-3.4891756,15.682624,-6.518593,-72.585335,35.45566,63.929493,2.9871368,-4.6072793,4.2071977
241,-160.52207946777344,-197.79293823242188,74.78347778320312,1.0975009871857353,-1.9891130064714821,149.25352032016477,-36.26889,-6.336381,16.665926,60.898087,-5.8939486,-12.162537,-1.4749365,-1.0436056,-2.6477098,44.334007,-34.860447,-2.0093765,0.8394699,9.323211,23.389397,-16.720537,61.625435,-7.4492908,31.530006,5.572228,-3.5487413,15.751222,-1.9165783,-72.410866,30.883245,63.482315,2.7955363,-4.305877,4.5195093
242,-161.37857055664062,-199.1471710205078,74.27625274658203,0.8538795532026466,-2.0104961842757954,149.76967251431344,-37.0642,-4.50234,16.579586,62.805416,-7.64018,-11.544958,-1.5877796,-2.3843665,-2.2934272,45.184647,-36.26623,0.017152552,-0.32397762,9.640763,23.70902,-18.450527,61.641994,-7.7376842,30.331749,5.412299,-3.658956,15.737024,2.2029512,-71.852455,26.461176,62.850727,2.5514455,-4.055071,4.696026
243,-162.295654296875,-200.47726440429688,73.8611068725586,0.638179196429224,-1.9397728400612655,150.1736943795281,-37.77089,-2.6651008,16.411236,64.325356,-9.254544,-11.015883,-1.5858116,-3.7582798,-1.8743705,45.59735,-37.348995,2.1327317,-1.4045403,9.898026,23.878141,-19.84892,61.554085,-7.830589,28.93739,5.394563,-3.7711358,15.687086,5.862794,-70.96056,22.50059,62.157513,2.3804185,-3.841919,4.7672596
244,-163.2620391845703,-201.78761291503906,73.54498291015625,0.49308514015528193,-1.7640410068095462,150.49869480858013,-38.38945,-0.8226127,16.261469,65.52434,-10.543104,-10.324083,-1.4682306,-5.2458954,-1.5942683,45.544857,-38.089745,4.117771,-2.3404832,10.028118,23.865831,-20.994896,61.377697,-7.919615,27.35617,5.721219,-3.8390126,15.653273,9.151621,-69.826,19.29422,61.499607,2.4261897,-3.6504555,4.7792897
245,-164.28028869628906,-203.06497192382812,73.31745910644531,0.43843261275932316,-1.437709866680985,150.75591723764762,-38.960384,1.0418504,16.187977,66.3748,-11.443333,-9.38696,-1.2296039,-6.874438,-1.5170504,44.888634,-38.48929,5.9194784,-3.1142905,10.012625,23.59804,-21.931698,61.09729,-8.032831,25.531664,6.5740547,-3.8095117,15.6006775,12.155594,-68.51357,16.9092,60.812332,2.8501465,-3.4746273,4.7984185
246,-165.3556365966797,-204.3395233154297,73.16484069824219,0.4516114729080816,-0.983393947374263,150.926794137585,-39.48104,2.9206152,16.146162,66.86672,-12.071844,-8.342701,-0.87267685,-8.593542,-1.5119451,43.676834,-38.535698,7.650702,-3.7576835,9.904372,23.096298,-22.649912,60.709923,-8.117338,23.51465,7.797462,-3.7236626,15.520354,14.844808,-67.05534,15.201048,60.05192,3.5575995,-3.3183184,4.7885113
247,-166.48846435546875,-205.6040802001953,73.07874298095703,0.5092306309680328,-0.4902980603678085,151.00034911301807,-39.883915,4.7818923,16.079397,67.08966,-12.510031,-7.269908,-0.42472312,-10.360344,-1.4808753,42.161785,-38.171165,9.350935,-4.288885,9.744566,22.482788,-23.136177,60.240276,-8.226628,21.462925,9.082873,-3.673751,15.502112,17.22801,-65.50492,14.068687,59.31793,4.312144,-3.1858242,4.6502714
248,-167.6739044189453,-206.8520050048828,73.06455993652344,0.5873141756567849,-0.04749705313443347,150.96497569403746,-40.10325,6.5956683,15.929441,67.13048,-12.8358965,-6.2484527,0.07632817,-12.126314,-1.3188114,40.596504,-37.32991,11.059221,-4.7326665,9.565898,21.87526,-23.381886,59.721912,-8.42956,19.54961,10.10572,-3.7494478,15.640141,19.31079,-63.916626,13.408287,58.711662,4.874634,-3.080583,4.2923427
249,-168.9105224609375,-208.10775756835938,73.11548614501953,0.6874082148703871,0.32294550574503444,150.78064494491204,-40.082664,8.400445,15.727971,66.94258,-12.99968,-5.359061,0.6429887,-13.85428,-0.9208198,38.950523,-35.959976,12.799803,-5.0633464,9.35715,21.30346,-23.317223,59.146435,-8.699835,17.682268,10.729782,-4.034708,16.045322,21.164013,-62.332752,13.193027,58.223984,5.1896634,-3.0100424,3.5762694
250,-170.2016143798828,-209.36875915527344,73.23303985595703,0.8204146367791793,0.6680833864891597,150.46682205427854,-39.87922,10.197203,15.512686,66.50592,-12.985659,-4.5411234,1.2550173,-15.546191,-0.3354092,37.11937,-34.0841,14.535181,-5.299832,9.105921,20.706059,-22.939997,58.50306,-8.995896,15.8092985,11.14078,-4.4582915,16.642206,22.874634,-60.770485,13.35241,57.776367,5.3452997,-2.9713686,2.6074328
251,-171.53878784179688,-210.62716674804688,73.40568542480469,0.8191703785799738,1.0084745236788726,150.07653250432958,-39.67856,12.06037,15.062101,66.03989,-12.954168,-3.714177,1.8482604,-16.783714,0.48713353,35.19091,-31.722567,15.000033,-5.4181666,9.001351,20.117836,-22.473211,57.82207,-9.451811,14.152407,11.484029,-4.877333,17.239618,24.36694,-59.282215,13.96595,57.437477,5.6155972,-2.940102,1.6249849
252,-172.91668701171875,-211.89453125,73.62549591064453,0.6592293521369073,1.3539533015159981,149.69004571786377,-39.590393,13.909342,14.2897625,65.663445,-13.032708,-2.7425807,2.378697,-17.78394,1.2572958,33.3149,-28.955383,15.000033,-5.622095,9.059451,19.477985,-21.93741,57.16154,-10.070116,13.036528,11.906527,-5.1545663,17.648726,25.79545,-57.80199,14.561254,57.095882,5.6339397,-2.9106765,0.94734913
253,-174.34017944335938,-213.15460205078125,73.86890411376953,0.5030169166729179,1.7199543002583855,149.3304236526187,-39.560486,15.5482435,13.291756,65.2476,-13.257139,-1.4652917,2.8577585,-18.884392,1.9091161,31.518494,-25.76148,15.000033,-5.8076286,9.148122,18.804415,-21.479887,56.545662,-10.979565,12.478776,12.406495,-5.239297,17.78734,27.170307,-56.350357,15.273578,56.75936,5.6790853,-2.8568094,0.6077807
254,-175.78627014160156,-214.42880249023438,74.12703704833984,0.3575994164053691,2.094083806212074,148.96498281590644,-39.532093,17.018799,12.120577,64.74715,-13.553597,0.019180907,3.290682,-20.07093,2.5047424,29.792898,-22.164478,15.000033,-5.982685,9.234682,18.089388,-21.040691,55.96725,-12.148112,12.402297,12.9067335,-5.213609,17.76873,28.50208,-54.920433,16.104631,56.427658,5.646768,-2.7916682,0.47794032
255,-177.25221252441406,-215.71371459960938,74.38673400878906,0.2582989164080011,2.437840610543828,148.6286560439498,-39.451435,18.325285,10.916921,64.23603,-13.829344,1.5411303,3.5690448,-21.384047,2.9832702,28.394428,-18.385494,15.000033,-6.1646347,9.272279,17.374647,-20.6638,55.44472,-13.568097,12.77144,13.400531,-5.1337943,17.679844,29.77898,-53.506027,17.055458,56.121365,5.56022,-2.7376456,0.4847017
256,-178.73715209960938,-217.0105438232422,74.63793182373047,0.24506930776210223,2.713502802463528,148.3543889625635,-39.262306,19.47869,9.828534,63.78645,-13.985952,2.932918,3.579381,-22.858967,3.3066049,27.574532,-14.634207,15.000033,-6.37571,9.200369,16.703379,-20.41285,55.00374,-15.238437,13.568431,13.879001,-5.0535836,17.608028,30.977629,-52.096844,18.135212,55.857395,5.4366302,-2.7175674,0.5571023
257,-180.22183227539062,-218.3108367919922,74.87506103515625,0.31183451393063405,2.9413298784007913,148.13175213600857,-38.964264,20.556793,8.888564,63.364357,-14.004747,4.0926085,3.320193,-24.50538,3.4090762,27.239538,-10.717671,15.000033,-6.6010895,9.017734,16.054247,-20.348768,54.682228,-17.257605,14.908878,14.465921,-4.958708,17.585455,32.098682,-50.688477,19.381346,55.64967,5.3389287,-2.7486198,0.7254599
258,-181.7219696044922,-219.60699462890625,75.10099792480469,0.45322706533754625,3.134153189421069,147.94535478113715,-38.57489,21.53552,8.037156,62.953064,-13.936588,5.134757,2.8348362,-26.311184,3.385213,27.315409,-6.605082,15.000033,-6.8302617,8.725214,15.399849,-20.44629,54.483173,-19.620918,16.7774,15.104958,-4.8257327,17.569796,33.139645,-49.273476,20.805851,55.50804,5.24161,-2.815778,1.0119057
259,-183.2467041015625,-220.90072631835938,75.30780029296875,0.7273146741030008,3.240244812780533,147.82346881025484,-38.056423,22.265324,7.292872,62.656464,-13.789667,6.2269154,2.0921557,-28.261177,3.4813888,28.032612,-2.7077367,15.000033,-7.099962,8.251602,14.784839,-20.63213,54.365734,-22.14806,18.948421,15.526592,-4.6963596,17.528831,34.0728,-47.842716,22.35471,55.439762,5.017432,-2.894908,1.3311427
260,-184.78866577148438,-222.19534301757812,75.48059844970703,1.2047665177180373,3.205675515521034,147.79967253906074,-37.36871,22.58564,6.6754127,62.586105,-13.578155,7.547274,1.0802855,-30.321728,3.9803143,29.553988,0.59856486,15.000033,-7.4551554,7.526378,14.26194,-20.794651,54.272816,-24.616344,21.169077,15.479653,-4.614892,17.42273,34.880554,-46.39364,23.954216,55.43773,4.5383587,-2.9618375,1.5973396
261,-186.36627197265625,-223.51882934570312,75.60963439941406,2.0393832012830093,3.011272109463415,147.91592589625256,-36.47791,22.440931,6.3638144,62.873642,-13.280086,9.38669,-0.3254889,-32.71047,5.0199256,31.970898,3.521359,15.000033,-7.9451623,6.413755,13.826105,-20.87791,54.1677,-26.996569,23.508602,14.839786,-4.5813937,17.253523,35.57039,-44.932068,25.585493,55.467484,3.5394495,-3.0024047,1.836061
262,-187.93690490722656,-224.83660888671875,75.70123291015625,2.665508781812386,2.707334034432293,148.06737598077459,-35.679447,22.420322,5.789037,63.56345,-12.92922,11.448536,-2.1404533,-34.843334,5.637381,35.058292,6.2107854,11.901511,-8.469743,5.4538097,13.494648,-20.946213,54.04401,-29.378185,26.051207,13.780111,-4.571746,17.039183,36.163998,-43.471973,27.255472,55.550545,2.1662128,-3.035077,2.0814352
263,-189.4630584716797,-226.1160888671875,75.76578521728516,2.570293072969017,2.3270974648908687,148.14026762185253,-35.152657,22.827955,4.369506,64.51849,-12.593632,13.174342,-4.0476966,-36.19061,5.342955,38.418964,8.106562,5.818018,-8.90825,5.1561213,13.331465,-21.040043,53.89846,-31.68861,28.555708,12.497454,-4.598621,16.755016,36.67834,-42.02452,28.916653,55.73105,0.905239,-3.078919,2.2596252
264,-190.9700927734375,-227.39898681640625,75.75799560546875,2.497859929202426,1.8419686266647353,148.2586605752656,-34.425995,22.687206,2.7299225,65.23254,-12.212083,14.347906,-5.552191,-37.152805,5.56452,41.668056,8.833412,0.8149369,-9.358672,4.80299,13.2608,-21.172136,53.759445,-33.835735,30.77168,11.191907,-4.683043,16.358747,37.165565,-40.592506,30.53133,55.998413,0.242502,-3.1441336,2.2876165
265,-192.4523468017578,-228.66847229003906,75.67310333251953,2.390492425799916,1.2100504459096395,148.44823788481378,-33.566017,21.885696,0.58978397,65.887375,-11.557463,15.000033,-6.498067,-37.315956,6.7798724,44.959812,8.067496,-2.5309448,-9.858962,4.4237638,13.3456545,-21.201874,53.64229,-35.67704,32.57686,9.703417,-4.8648257,15.800028,37.61127,-39.158695,32.085976,56.37123,0.516692,-3.2486615,2.061889
266,-193.9185333251953,-229.9470672607422,75.50526428222656,2.2147626695347262,0.44635723570837027,148.6926683214483,-32.537903,20.561394,-2.0135753,66.56092,-10.674362,15.000033,-7.1648955,-36.736053,8.817125,48.629272,6.099045,-4.897399,-10.405823,4.0488157,13.582937,-21.11991,53.56321,-37.251476,34.084435,7.9958405,-5.1123343,15.098527,37.987957,-37.723145,33.60119,56.832108,1.3969716,-3.3859706,1.6513555
267,-195.3769989013672,-231.25148010253906,75.24443054199219,2.081927981661813,-0.355079155567161,148.9387008328201,-31.090979,18.953913,-4.300039,66.8383,-10.017764,15.000033,-7.7886486,-35.703636,11.390944,52.605606,3.68585,-6.4249783,-10.940459,3.624172,13.870636,-21.118635,53.551678,-38.72676,35.377773,6.4412704,-5.345218,14.329262,38.290367,-36.31906,35.095863,57.332195,2.3680089,-3.5257664,1.236093
268,-196.82957458496094,-232.57408142089844,74.90082550048828,2.0417863167534014,-1.11301311431098,149.1024086960821,-29.006842,17.193064,-6.1149116,66.31505,-10.092275,13.651413,-8.570045,-34.489876,14.105254,56.769352,1.5666935,-7.3491697,-11.392735,3.1376948,14.121195,-21.387012,53.634506,-40.27164,36.53227,5.4069304,-5.495886,13.575457,38.526653,-34.996696,36.580795,57.80437,2.9188724,-3.6243966,0.99727684
269,-198.26475524902344,-233.8981170654297,74.47244262695312,2.041218196153033,-1.8508941637681957,149.1216853063679,-25.872389,15.0945635,-8.124379,64.450485,-11.1669035,7.257116,-9.447476,-32.943256,16.93708,61.26044,-0.24683152,-7.450813,-11.752136,2.6139338,14.340936,-21.879541,53.840813,-41.938427,37.530533,5.090961,-5.5491743,12.74394,38.73639,-33.790386,37.976097,58.19728,2.8788276,-3.647311,1.0135124
270,-199.69256591796875,-235.23797607421875,73.95097351074219,2.0419065548359123,-2.6034824878309006,149.03944597409597,-21.986115,13.048697,-9.86347,61.56291,-13.228632,-1.7144101,-10.273081,-30.9196,19.932407,66.18493,-2.1632519,-6.67698,-12.052262,2.0915244,14.5919485,-22.503471,54.171604,-43.619415,38.302807,5.2532563,-5.55439,11.831314,38.922104,-32.705235,39.293316,58.501167,2.537294,-3.6182013,1.1815144
271,-201.11245727539062,-236.56980895996094,73.37239074707031,2.101003527545749,-3.3024190483935985,148.9288544211435,-18.176054,11.3107195,-10.930963,58.566395,-16.094215,-10.256519,-11.1521015,-28.713884,22.786085,71.3436,-4.067579,-5.586391,-12.318524,1.5427616,14.849448,-23.362974,54.592224,-45.229824,38.848724,5.6133084,-5.5466385,11.06009,39.029705,-31.739498,40.700214,58.723984,2.0775032,-3.5734336,1.4085919
272,-202.51097106933594,-237.9371337890625,72.77393341064453,2.515366002952489,-3.90415503430123,148.8937755512626,-15.087141,9.4898815,-11.062231,56.273884,-19.26141,-15.000033,-12.182597,-26.917994,25.412373,76.41807,-5.767565,-4.644723,-12.605398,0.70391,15.049474,-24.575562,55.04203,-46.699177,39.201942,5.8964396,-5.552943,10.656762,39.00574,-30.879652,42.373905,58.89066,1.6860033,-3.5481339,1.6032054
273,-203.8891143798828,-239.31520080566406,72.148193359375,3.2879409098338193,-4.3662316436154835,148.84723172800676,-12.840233,7.1972227,-10.5903015,54.865044,-22.880116,-15.000033,-13.474846,-25.474165,27.965225,81.44485,-7.0854506,-3.9342012,-12.813591,-0.38411054,15.143608,-26.28212,55.477646,-48.149628,39.482365,6.1545095,-5.579376,10.797467,38.784904,-30.140982,44.55097,59.056374,1.3764482,-3.5683658,1.7445416
274,-205.19444274902344,-240.65565490722656,71.50807189941406,3.7825094412883913,-4.654863499833235,148.72285047777112,-11.308148,5.1854606,-10.354684,54.14747,-27.1404,-15.000033,-15.024807,-23.547672,30.073553,86.67036,-8.146059,-3.4180155,-12.913073,-1.1247288,15.21297,-28.40638,55.87261,-49.59494,39.67798,6.4995136,-5.60913,11.325397,38.425896,-29.523727,47.079735,59.206062,1.068227,-3.6095312,1.881704
275,-206.45425415039062,-241.98532104492188,70.91871643066406,4.1192296642056565,-4.8579773295849975,148.71575294038712,-10.301685,3.3988757,-10.116718,53.95322,-31.335087,-15.000033,-16.644405,-21.53148,31.519262,91.783005,-9.143637,-3.0755439,-13.104401,-1.6883538,15.316365,-30.75484,56.190987,-50.81135,39.649986,6.7545266,-5.633608,11.970623,38.046715,-28.975702,49.54627,59.269558,0.7962556,-3.6301272,2.0236492
276,-207.69569396972656,-243.3478546142578,70.42792510986328,4.604176350828176,-5.1075358500952195,149.01731280075032,-9.456451,1.309368,-9.744161,53.937336,-34.666645,-14.091783,-18.142231,-20.046888,32.340504,96.42137,-10.300014,-2.8393598,-13.571341,-2.4323747,15.502078,-33.15278,56.403347,-51.581432,39.271526,6.7474475,-5.6505294,12.461437,37.738598,-28.423714,51.528606,59.198353,0.5859467,-3.592379,2.1720982
277,-208.9155731201172,-244.6787872314453,70.00545501708984,5.189319262688118,-5.4289830226923845,149.71285081169998,-8.827284,-1.0095652,-9.23998,54.211933,-36.968357,-12.667599,-19.58297,-19.213049,32.45167,100.620155,-11.724334,-2.8412771,-14.355897,-3.3504019,15.810629,-35.6715,56.48238,-51.76572,38.502117,6.3194437,-5.6560903,12.756222,37.516,-27.80097,52.850357,58.980328,0.4554117,-3.4662285,2.347134
278,-210.06553649902344,-245.96299743652344,69.63947296142578,5.815418605036007,-5.771350020597645,150.68928816884528,-8.524636,-3.4614549,-8.614356,54.828335,-38.601612,-10.853272,-21.087471,-18.860455,31.997047,104.50065,-13.267384,-3.111094,-15.334276,-4.354037,16.174122,-38.40543,56.415115,-51.530872,37.47339,5.606601,-5.656755,12.992445,37.288845,-27.089611,53.754196,58.719994,0.3745587,-3.2849338,2.5316617
279,-211.15443420410156,-247.1945037841797,69.33085632324219,6.317397593707935,-6.081478558019383,151.80268651956635,-8.426094,-5.8489275,-8.06899,55.575737,-39.7351,-8.912512,-22.708084,-18.660915,31.061445,107.970634,-14.752059,-3.654239,-16.396366,-5.229843,16.52524,-41.273243,56.207127,-51.183365,36.326157,4.829016,-5.6651125,13.167198,37.008915,-26.307291,54.432384,58.520046,0.2984289,-3.106952,2.6728642
280,-212.2220001220703,-248.39083862304688,69.10336303710938,6.535036659592923,-6.298513266253864,152.91252137014595,-8.385874,-7.973712,-7.8164554,56.265076,-40.554222,-7.0972285,-24.50286,-18.285467,29.678185,110.921425,-15.98968,-4.493347,-17.441332,-5.7738295,16.820997,-44.01551,55.85055,-50.82927,35.118828,4.354723,-5.691554,13.273788,36.64168,-25.493402,55.082233,58.44691,0.18512703,-2.9877315,2.7238798
281,-213.3016357421875,-249.5767364501953,68.96874237060547,6.39334325587127,-6.393375765077488,154.1070797503779,-8.469957,-9.793817,-8.010685,57.06405,-41.028755,-5.497209,-26.567236,-17.808937,27.641947,113.33586,-16.868027,-5.763918,-18.531296,-5.898348,17.100111,-46.76686,55.347603,-50.59892,33.82587,4.2020454,-5.741611,13.226759,36.218887,-24.673565,55.721554,58.43867,0.025086045,-2.9317532,2.6439772
282,-214.4224853515625,-250.739501953125,68.93385314941406,6.003694319831308,-6.398182831788541,155.4312708403945,-8.670737,-11.40288,-8.466845,58.002605,-41.09082,-3.995701,-28.799818,-17.458872,24.980497,115.24558,-17.515097,-7.434255,-19.70367,-5.7435336,17.390753,-49.5566,54.68323,-50.353962,32.432644,4.2258587,-5.809364,13.061961,35.769623,-23.85219,56.256485,58.444088,-0.15520339,-2.9088686,2.4721754
283,-215.56968688964844,-251.87648010253906,68.99093627929688,5.477085623115931,-6.338654474797753,156.676129929459,-8.733277,-12.800188,-8.928991,58.69442,-40.88356,-2.511544,-30.99911,-17.070297,22.058414,116.59701,-18.064226,-9.237448,-20.828033,-5.3916407,17.648523,-52.224155,53.866737,-50.10006,31.08106,4.294727,-5.8902655,12.951215,35.2618,-23.056433,56.68422,58.55829,-0.34714714,-2.9268124,2.273724
284,-216.7459716796875,-252.98721313476562,69.1264419555664,4.91742710345603,-6.243909081019089,157.6241816969424,-8.431626,-13.974774,-9.157282,58.763794,-40.54927,-0.945362,-33.0241,-16.388895,19.238108,117.33544,-18.613203,-10.890668,-21.766054,-4.9150577,17.821201,-54.660316,52.930107,-49.896027,29.919088,4.244401,-5.97579,13.063098,34.66676,-22.330036,57.006565,58.843346,-0.5398252,-2.9833016,2.1150458
285,-217.98997497558594,-254.0955047607422,69.34848022460938,4.328943872522957,-6.128658518399866,158.1470447098138,-7.6796594,-14.836219,-9.014362,58.116806,-40.21524,0.772944,-34.941853,-15.234765,16.554468,117.41586,-19.220915,-12.413202,-22.429201,-4.310011,17.905977,-56.82637,51.90381,-49.76602,28.897654,3.9897435,-6.0707326,13.503782,33.94806,-21.72175,57.296803,59.29611,-0.7990461,-3.1065125,2.067355
286,-219.3055419921875,-255.2021942138672,69.64131164550781,3.6541959479228097,-5.980224890515012,158.37923357199745,-6.6222124,-15.398751,-8.663655,56.977715,-39.780273,2.5990374,-36.787888,-13.713902,13.772956,116.84643,-19.798655,-13.878968,-22.917475,-3.5361772,17.939306,-58.771683,50.806747,-49.659702,27.936327,3.6293733,-6.1766148,14.159931,33.14242,-21.25548,57.54533,59.82301,-1.1030853,-3.283325,2.0818374
287,-220.6795196533203,-256.30560302734375,70.00404357910156,2.913694409643457,-5.785135456573531,158.4911366010509,-5.3941007,-15.810722,-8.308698,55.45048,-39.059242,4.4655085,-38.45131,-11.920695,10.944354,115.6725,-20.192064,-15.000033,-23.36143,-2.618029,17.915405,-60.52426,49.66214,-49.529556,27.128904,3.2853806,-6.278423,14.867523,32.324814,-20.93123,57.62351,60.367905,-1.3134222,-3.4589777,2.0436857
288,-222.0986328125,-257.40789794921875,70.42604064941406,2.1422065477991987,-5.524897608754426,158.6559432867762,-4.120906,-16.226688,-8.138988,53.625225,-37.87908,6.29253,-39.83612,-9.812873,8.337815,113.9562,-20.242338,-15.000033,-23.886192,-1.5847914,17.828217,-62.120567,48.494843,-49.33713,26.569855,3.0768776,-6.3576126,15.462417,31.56176,-20.732288,57.395123,60.90034,-1.2951387,-3.5829194,1.8356702
289,-223.55343627929688,-258.5077209472656,70.91650390625,1.307871704695335,-5.186057858420884,158.8865180165203,-2.760939,-16.62353,-8.215179,51.43302,-36.30282,8.093565,-41.053333,-7.6792545,5.6442747,111.611824,-20.003948,-15.000033,-24.531961,-0.41230807,17.676456,-63.54072,47.33025,-49.0746,26.305822,3.0714495,-6.415666,15.893106,30.855545,-20.64723,56.72398,61.46471,-0.9020724,-3.6274543,1.3599004
290,-225.04971313476562,-259.6146240234375,71.4880142211914,0.4201864104368258,-4.7779888185238555,159.09685043207472,-1.2736952,-16.934402,-8.39522,48.87691,-34.42482,9.890204,-42.14467,-5.434357,2.9080355,108.6264,-19.537218,-15.000033,-25.224894,0.8948418,17.466219,-64.78248,46.18607,-48.769604,26.251822,3.189168,-6.456739,16.245995,30.162186,-20.680515,55.7183,62.081886,-0.24810119,-3.6325886,0.6960596
291,-226.59555053710938,-260.748779296875,72.12471771240234,-0.45324565920335774,-4.3103670945621015,159.30243091668152,0.223837,-17.187883,-8.569572,46.132553,-32.142044,11.570224,-43.092205,-3.2937682,0.15172784,105.18375,-18.70449,-15.000033,-25.915987,2.2647643,17.201843,-65.8867,45.073017,-48.42457,26.294706,3.3395422,-6.4658456,16.565084,29.484709,-20.833258,54.606823,62.683273,0.41298935,-3.6460333,-0.0050977888
292,-228.1757354736328,-261.8981018066406,72.79647064208984,-1.2477904546232705,-3.79272600100453,159.5204826014699,1.6159327,-17.418327,-8.629993,43.362316,-29.3328,13.028186,-43.880177,-1.3852464,-2.5128703,101.47691,-17.357264,-14.705088,-26.553083,3.6308665,16.88563,-66.88351,43.998177,-48.035133,26.31856,3.4362416,-6.4291773,16.895279,28.825336,-21.101513,53.61732,63.19973,0.8279537,-3.7062044,-0.59114534
293,-229.78855895996094,-263.0640869140625,73.47709655761719,-1.9595177104991144,-3.2026709897472974,159.79935128807392,2.8568788,-17.685137,-8.5877075,40.61438,-25.850986,14.577389,-44.536827,0.49598616,-4.753462,97.44199,-15.366168,-13.038006,-27.175415,5.015671,16.50041,-67.755196,42.967045,-47.5814,26.326384,3.508922,-6.316809,17.251247,28.17112,-21.484789,52.786533,63.61789,0.8763767,-3.8290112,-1.0679506
294,-231.41322326660156,-264.20770263671875,74.16838073730469,-2.7448727152791252,-2.5175103405264663,160.10815984864573,3.884566,-17.685127,-8.397534,37.997406,-21.956753,15.000033,-45.080364,2.3766534,-6.915527,92.91658,-12.807889,-10.836748,-27.791504,6.5596437,16.089241,-68.48482,41.99075,-47.072186,26.351982,3.584075,-6.144322,17.610008,27.523117,-21.98043,52.00861,63.977127,0.7121209,-3.98577,-1.5032167
295,-233.0323944091797,-265.35186767578125,74.8458023071289,-3.44299269340933,-1.8121812637130197,160.3578106446148,4.886615,-17.753645,-8.0682335,35.284935,-17.777752,15.000033,-45.51805,4.215798,-8.806162,88.17577,-9.944171,-8.419115,-28.295565,8.077112,15.6480055,-69.10532,41.082993,-46.543663,26.324451,3.567999,-5.9673834,17.956285,26.902296,-22.576859,51.292675,64.290794,0.49409804,-4.1456556,-1.8368518
296,-234.66453552246094,-266.5205078125,75.49356079101562,-3.8917134823461215,-1.1639848772133614,160.4674741844504,6.104181,-18.104975,-7.5984073,32.10255,-13.294045,15.000033,-45.862263,5.9324656,-10.279286,83.5419,-7.031961,-6.1168633,-28.583853,9.370437,15.153707,-69.64381,40.260616,-46.030132,26.166267,3.3705604,-5.8424897,18.274616,26.324657,-23.254639,50.649376,64.5791,0.3833371,-4.2814994,-2.0062723
297,-236.3097686767578,-267.71636962890625,76.10022735595703,-4.11371595760015,-0.560049759300161,160.40289866895813,7.5629964,-18.693113,-7.0459003,28.222866,-8.132884,15.000033,-46.145977,7.558687,-11.345388,79.02425,-3.824232,-3.966375,-28.631056,10.466273,14.59502,-70.11716,39.53958,-45.556194,25.85476,2.7628648,-5.803602,18.557665,25.74401,-24.001278,50.170708,64.91962,0.41749308,-4.38429,-1.9200525
298,-237.94284057617188,-268.8888244628906,76.67213439941406,-4.359528766296815,0.05720327721843623,160.21854114471554,9.088914,-19.14998,-6.6544642,23.943766,-2.4483535,13.382036,-46.32882,9.242082,-12.234885,74.31961,-0.21342944,-1.8518723,-28.508322,11.597606,14.027415,-70.48001,38.931534,-45.092354,25.397068,1.8645511,-5.8168206,18.81497,25.143959,-24.806387,49.83057,65.30545,0.5153286,-4.4709215,-1.6356531
299,-239.57968139648438,-270.07025146484375,77.20629119873047,-4.69849057173087,0.6650973167940716,159.9915847655909,10.824387,-19.415457,-6.6635785,19.311186,3.2468088,9.857331,-46.33728,10.931558,-13.095672,69.44709,3.281963,0.12243008,-28.287983,12.787006,13.494992,-70.72294,38.437714,-44.607933,24.807457,1.0815388,-5.8327723,19.0504,24.575508,-25.653961,49.460655,65.64267,0.6558988,-4.5554223,-1.315373
300,-241.21377563476562,-271.24530029296875,77.68230438232422,-5.192178340437102,1.2574005728314062,159.83387947912394,12.965514,-19.429575,-7.1776514,14.241618,8.540995,4.774312,-46.113605,12.527186,-14.137941,64.44302,6.153812,1.8222765,-28.070263,14.065527,13.02979,-70.83614,38.046673,-44.06968,24.098293,0.8262947,-5.7965126,19.267502,24.107244,-26.52924,48.878807,65.832405,0.8172333,-4.653919,-1.1208258
301,-242.81492614746094,-272.4118347167969,78.06434631347656,-6.133998743722785,1.9299992834650816,159.83406778338883,15.792856,-18.77287,-8.236689,8.108105,13.653199,-3.4121182,-45.669872,14.207907,-15.730893,59.01365,8.323673,2.9751916,-27.974916,15.73918,12.701609,-70.91593,37.744373,-43.525642,23.33279,1.3825074,-5.679008,19.474974,23.774683,-27.434483,48.01725,65.868576,0.9587302,-4.7795115,-1.1060436
302,-244.36016845703125,-273.5483703613281,78.32180786132812,-7.451676963466696,2.7317227830513393,160.01417639050692,16.8547,-17.908976,-9.192885,5.59911,16.14947,-14.167996,-45.018818,15.975413,-17.775259,53.019714,10.172815,3.7045417,-28.02939,17.773312,12.441483,-70.960014,37.51675,-42.98494,22.506674,2.4691632,-5.5073786,19.66085,23.55731,-28.374046,46.958607,65.79074,1.1008008,-4.922032,-1.1788108
303,-245.9275665283203,-274.8022155761719,78.38602447509766,-8.062015746194664,3.5550058695782574,160.45312439325994,16.93823,-18.204609,-7.8458157,5.1969433,17.048206,-15.000033,-44.582726,16.781689,-19.415028,48.11285,11.250013,4.637542,-28.18385,19.181475,11.858826,-70.92602,37.35143,-42.406704,21.618124,3.6031094,-5.310578,19.782303,23.359224,-29.24498,45.793686,65.68816,1.3170878,-5.075851,-1.2899517
304,-247.45399475097656,-276.00396728515625,78.42166137695312,-8.197501818441822,4.148399427408792,160.8356235187617,17.121277,-18.866148,-7.5096655,4.9571013,17.40838,-15.000033,-43.665264,17.207329,-20.774818,43.384914,12.354108,5.939765,-28.21989,19.89561,11.166336,-70.61372,37.262608,-41.791374,20.63927,4.353688,-5.1320777,19.88083,22.866251,-29.75215,44.807854,65.972755,1.7369193,-5.2508626,-1.3908564
305,-248.93714904785156,-277.1202697753906,78.44941711425781,-7.996328709013723,4.414457979034114,161.05075265904753,17.489058,-19.736551,-9.184586,5.0511975,16.657286,-15.000033,-41.88866,17.522812,-22.066347,38.318954,13.745081,7.9427257,-27.886396,20.171408,10.513683,-69.8342,37.15611,-40.80672,19.2809,4.727702,-4.9854045,19.881113,22.680223,-30.394354,43.43084,65.851326,2.3376353,-5.3695803,-1.4924307
306,-250.4747314453125,-278.21551513671875,78.52615356445312,-7.518964612993803,4.443802408607119,161.20552785616653,18.052204,-20.765385,-12.259358,5.400641,15.03413,-15.000033,-39.424404,17.773722,-23.33955,32.928867,15.31174,10.435872,-27.430763,20.005362,9.876997,-68.83174,37.055992,-39.711292,17.83655,4.872287,-4.854406,19.84649,22.494158,-30.979229,41.98257,65.72107,3.1624753,-5.4968877,-1.5819764
307,-252.02389526367188,-279.2925720214844,78.5982666015625,-6.773214741856578,4.302903265611724,161.41429358870224,18.816927,-21.833948,-15.550747,5.798884,13.410513,-15.000033,-36.699715,17.879902,-24.35686,27.735916,16.930992,12.903656,-26.981697,19.444412,9.237011,-67.63211,36.96332,-38.581863,16.34939,4.8027515,-4.732865,19.810484,22.21139,-31.459341,40.605537,65.68819,3.9758174,-5.6245637,-1.6537035
308,-253.54595947265625,-280.34466552734375,78.60369873046875,-5.887706992644185,4.0601752452486215,161.71782489262702,19.70845,-22.712595,-17.823917,6.1466227,12.42254,-15.000033,-34.155983,17.793203,-24.981031,23.317503,18.404388,14.754355,-26.512556,18.732037,8.615877,-66.09126,36.86697,-37.326916,14.607829,4.595601,-4.5854373,19.75522,21.994585,-31.903528,39.20413,65.57111,4.4517245,-5.693267,-1.7698814
309,-255.06832885742188,-281.3817138671875,78.56243133544922,-4.875704176681733,3.6124898420458207,161.98103365846026,20.881247,-23.35493,-18.72024,6.263429,12.291877,-15.000033,-31.766678,17.411245,-25.446129,20.00148,19.59469,15.000033,-25.932833,17.976479,8.177637,-64.10262,36.707943,-35.680923,12.544476,4.1420774,-4.432268,19.630365,22.022638,-32.6355,37.52634,65.06571,4.420384,-5.7000117,-1.898702
310,-256.5981750488281,-282.4166564941406,78.4922866821289,-3.7886228085749387,3.0359917259267872,162.26268865897728,22.122822,-23.75581,-18.911987,6.4459977,12.560043,-15.000033,-29.565842,16.773981,-25.580803,17.653624,20.488691,15.000033,-25.428698,16.975052,7.790233,-61.939438,36.544956,-34.14447,10.505221,3.3604536,-4.25458,19.582657,21.85261,-33.25238,36.145966,64.694984,4.2417192,-5.6753583,-2.028433
311,-258.13067626953125,-283.44732666015625,78.37782287597656,-2.73982321763768,2.423393829097805,162.50374634075823,23.16971,-23.871407,-18.414341,6.9298067,12.828869,-15.000033,-27.624891,16.044035,-25.306545,16.092375,21.091213,15.000033,-24.828735,16.089935,7.50721,-59.496662,36.29847,-32.413677,8.29974,2.6328535,-4.1032996,19.496408,21.847221,-34.128746,34.683617,64.0265,3.9532719,-5.6215243,-2.077544
312,-259.6584777832031,-284.4712829589844,78.20331573486328,-1.6704026916943961,1.7863409528397918,162.58362178714577,21.768118,-24.497274,-16.351881,12.197567,10.447422,-15.000033,-26.04519,15.216764,-24.47997,15.4799385,21.246374,15.000033,-24.056093,15.085971,7.245543,-57.071823,36.046234,-30.899982,6.2295547,2.161458,-4.001756,19.455254,21.58291,-34.920937,33.600636,63.577644,3.8139856,-5.600643,-1.98145
313,-261.1553039550781,-285.4775695800781,77.95035552978516,-0.6648502772104685,1.1766450785084621,162.55119894498816,20.3007,-24.677326,-13.593175,17.29607,8.023498,-15.000033,-24.686678,14.464064,-23.231707,15.282704,21.6428,15.000033,-23.137516,14.077852,7.013421,-54.61635,35.786194,-29.535614,4.2198544,2.0668051,-3.971418,19.43049,21.091372,-35.65331,32.8861,63.32149,3.8252566,-5.6140084,-1.65058
314,-262.61810302734375,-286.47283935546875,77.62060546875,0.20451767669946888,0.5787414574024625,162.52237460690748,18.598085,-24.314672,-10.174524,22.774252,5.387398,-15.000033,-23.503624,13.783276,-21.659798,15.473465,22.160036,15.000033,-22.197956,13.143688,6.859137,-52.079906,35.510696,-28.266699,2.2266545,2.1893592,-3.9897716,19.414473,20.398048,-36.348026,32.476406,63.203793,3.904118,-5.6452065,-1.1514903
315,-264.05450439453125,-287.4820861816406,77.21703338623047,0.8965716493664181,0.01320078243225894,162.60582806855456,16.796614,-23.356403,-6.6166816,28.411417,2.6300375,-15.000033,-22.684895,13.088326,-19.688528,16.496227,21.68023,15.000033,-21.339172,12.373799,6.7898197,-49.50448,35.221718,-27.093126,0.3017475,2.4185164,-4.029728,19.387293,19.527487,-37.03911,32.236195,63.16806,4.0057373,-5.6979146,-0.65458316
316,-265.4942626953125,-288.5393981933594,76.75755310058594,1.4659081104391385,-0.5095845390820245,162.86105767006592,15.062397,-21.921392,-3.3994503,33.876297,-0.09651602,-15.000033,-22.45524,12.26047,-17.159964,18.893059,19.0895,15.000033,-20.610222,11.767093,6.78128,-46.91597,34.928078,-26.009998,-1.5162258,2.6424196,-4.0653524,19.3291,18.516903,-37.765366,32.025375,63.14767,4.083393,-5.7759767,-0.3304471
317,-266.8052673339844,-289.51904296875,76.2923355102539,1.7661169454077703,-0.9890178434585559,163.09431308449354,13.277259,-19.804184,-0.2831138,39.524757,-3.2205822,-15.000033,-22.557,11.483602,-15.370204,22.324697,13.812082,9.016305,-19.820066,11.435833,6.8463016,-44.259075,34.633854,-25.031141,-3.298754,2.837561,-4.085694,19.277376,17.478214,-38.54935,31.766272,63.038147,4.117491,-5.8879414,-0.20757608
318,-268.17144775390625,-290.48724365234375,75.70919036865234,1.860127510549029,-1.468272116819951,163.29814901137587,11.607722,-17.05533,2.7600355,45.238228,-6.607552,-15.000033,-23.181105,11.160735,-13.237435,26.9459,6.5269833,-0.7474378,-18.954035,11.300415,6.9980297,-41.53686,34.338345,-24.1629,-5.0492396,3.058658,-4.107122,19.226435,16.36024,-39.406483,31.597557,62.874428,4.1989326,-6.0271688,-0.19633003
319,-269.6368103027344,-291.5089416503906,75.00140380859375,1.9058202037813767,-1.942360727039305,163.4716820456398,10.1150255,-14.0163,5.4471593,50.713924,-9.767875,-15.000033,-24.114857,11.41128,-10.673496,32.078457,-0.8942277,-10.46151,-18.050564,11.217623,7.2194386,-38.813274,34.065643,-23.36722,-6.632465,3.316857,-4.1456585,19.074608,15.147542,-40.33952,31.478354,62.642338,4.2213397,-6.163507,-0.2909385
320,-271.07452392578125,-292.5784912109375,74.28739166259766,2.1013458858908844,-2.3537634128962632,163.6097206392641,8.681757,-11.127828,7.6125536,55.73884,-12.248855,-15.000033,-24.958942,11.567595,-8.154042,36.8509,-7.0062366,-15.000033,-17.116821,11.0343275,7.4567885,-36.155277,33.85186,-22.603476,-7.93141,3.6042898,-4.2174563,18.72618,13.727203,-41.35641,31.49761,62.400993,4.197183,-6.2719393,-0.48833278
321,-272.40740966796875,-293.6296081542969,73.585693359375,2.2377625590184316,-2.5930513571608786,163.62531057136056,6.974232,-8.134802,9.385161,60.754658,-14.123727,-15.000033,-25.563349,11.096443,-6.9836087,40.8962,-11.983045,-15.000033,-15.993681,10.987544,7.6809444,-33.608326,33.744293,-21.902578,-9.019954,3.8275511,-4.356625,18.158266,11.983815,-42.47403,31.88382,62.19938,4.312075,-6.343386,-0.84987426
322,-273.6343994140625,-294.64990234375,72.85433959960938,1.968249012007423,-2.727534548193525,163.43335829168979,5.0582156,-4.544448,10.831592,66.03738,-15.807545,-15.000033,-25.989143,10.461203,-7.2391105,44.42739,-16.53625,-15.000033,-14.700824,11.363989,8.027765,-30.995298,33.76285,-21.188013,-10.012504,4.030055,-4.5425005,17.423174,10.031448,-43.676308,32.45283,61.92282,4.380085,-6.3881364,-1.3516219
323,-274.7973327636719,-295.66314697265625,72.09850311279297,1.546799286713806,-2.864238436707984,163.05006983577286,3.203516,-0.71138406,12.084416,71.086334,-17.285381,-14.168889,-26.412722,9.700585,-7.815209,47.844173,-20.56719,-15.000033,-13.374763,11.892736,8.547139,-28.29018,33.893623,-20.375631,-10.7316065,4.297562,-4.715268,16.542337,7.72914,-44.948265,33.24862,61.697266,4.4258723,-6.4249196,-1.8698512
324,-275.8500061035156,-296.6557312011719,71.4189224243164,1.105514418021362,-3.1534366891669965,162.43559576917679,1.6511316,3.047861,13.032191,75.51558,-18.642084,-13.093013,-26.757694,9.216771,-7.7081046,51.06669,-23.784605,-15.000033,-12.130239,12.406118,9.369966,-25.425262,34.101677,-19.358767,-11.013519,4.7459645,-4.819966,15.534305,4.9771557,-46.25668,34.261284,61.616608,4.396993,-6.46928,-2.2786105
325,-276.88031005859375,-297.6601867675781,70.85662078857422,0.541504537775918,-3.7147023794367793,161.38509502895747,0.4884104,6.841199,13.715992,79.36718,-19.928917,-11.907564,-26.9033,9.493061,-6.726318,53.99399,-25.906858,-15.000033,-10.869795,13.005902,10.691155,-22.327127,34.35736,-18.01277,-10.740597,5.4316764,-4.836997,14.249021,1.5237604,-47.59023,35.73787,61.90961,4.250911,-6.5337667,-2.522501
326,-277.92218017578125,-298.7596130371094,70.38085174560547,-0.09256820999104264,-4.456150310119636,160.01297130893343,-0.48513237,10.635217,14.157454,82.790344,-21.059866,-10.667788,-26.904991,10.08652,-5.384613,56.768715,-27.19347,-14.158457,-9.611544,13.719077,12.370718,-18.980473,34.65544,-16.359085,-10.072248,6.295008,-4.8150225,12.724987,-2.559254,-48.903053,37.697697,62.42123,4.0394654,-6.6014705,-2.6631439
327,-278.9636535644531,-299.9286193847656,70.02210998535156,-0.5657611333365461,-5.220001229468201,158.70582988131045,-1.484021,14.0841,14.312119,85.6718,-22.004267,-9.447934,-26.80526,10.440458,-3.8687885,59.329437,-28.090767,-12.477012,-8.542799,14.330805,14.096276,-15.536858,34.989975,-14.607628,-9.162288,7.260677,-4.7971063,11.26562,-6.8088346,-50.095093,39.684036,62.703545,3.8399696,-6.648574,-2.7648149
328,-279.9695739746094,-301.1219787597656,69.77871704101562,-0.7809236977700478,-5.851100202596413,157.81568524826443,-2.7373903,16.995497,14.06154,87.954254,-22.781204,-8.372874,-26.608606,10.210706,-2.4696176,61.474453,-28.973892,-10.791897,-7.765649,14.67269,15.575781,-12.289613,35.350937,-13.0944,-8.032177,8.262864,-4.811117,10.18121,-10.703478,-51.082714,41.11946,62.409035,3.7034903,-6.6602397,-2.9137332
329,-280.9735412597656,-302.25677490234375,69.67473602294922,-0.6276363220834269,-6.308886727641294,157.50015016990048,-4.3920507,19.234114,13.359821,89.58495,-23.40084,-7.359088,-26.262749,9.146243,-1.2247378,63.108547,-29.967297,-9.091409,-7.330571,14.55921,16.721119,-9.472904,35.73913,-12.081541,-6.3319864,9.172904,-4.867114,9.684619,-14.100646,-51.832947,41.636185,61.56981,3.5054743,-6.6335964,-3.1421328
330,-281.96661376953125,-303.3477783203125,69.66625213623047,-0.22374970889874563,-6.675517977650425,157.5339034831123,-6.3654346,20.939169,12.286798,90.64056,-23.873545,-6.3849072,-25.709057,7.5792503,-0.049215697,64.2793,-30.880135,-7.2778974,-7.05191,14.110847,17.652555,-7.1188226,36.165318,-11.530461,-3.9560914,10.084076,-4.9312673,9.58822,-17.140636,-52.370766,41.42346,60.440014,3.2247121,-6.586058,-3.4230177
331,-282.95159912109375,-304.4280090332031,69.7152099609375,0.2805459031745052,-6.9690177505760005,157.7107234653965,-8.511934,22.207249,10.964275,91.1897,-24.168217,-5.6192265,-25.017315,5.8240943,1.0646194,65.092545,-31.62338,-5.4417424,-6.7381577,13.51624,18.381159,-5.153608,36.63799,-11.269032,-1.3191621,11.267767,-4.96382,9.593408,-19.830496,-52.743477,40.83097,59.07641,3.083755,-6.536181,-3.7551465
332,-283.95098876953125,-305.4969177246094,69.82115173339844,0.7334913992794738,-7.204693165865829,157.82574468707207,-10.659905,23.163675,9.502843,91.30177,-24.241982,-5.234891,-24.316032,4.183027,2.1536372,65.66474,-32.06261,-3.6647289,-6.222332,12.972253,18.938576,-3.4451623,37.154404,-11.077574,1.1128515,12.985695,-4.936231,9.391506,-22.200129,-53.011272,40.242535,57.487206,3.3080354,-6.5016756,-4.135425
333,-284.9559020996094,-306.5791015625,69.99798583984375,1.0783599523547314,-7.344438929554221,157.88906297179514,-12.909992,23.73831,7.7166348,90.97987,-24.067692,-5.415074,-23.67092,2.692947,3.2245002,65.93416,-32.171738,-1.9561231,-5.5140786,12.553423,19.291674,-1.990482,37.72986,-10.897826,3.2834349,15.809807,-4.8605022,8.830579,-24.286398,-53.21224,39.77652,55.596455,4.224399,-6.4938817,-4.596199
334,-285.9307861328125,-307.6641845703125,70.24208068847656,1.402413529113325,-7.3964673661244476,157.98874363979178,-15.245956,23.880661,5.645619,90.19646,-23.673462,-6.025463,-23.05159,1.1883403,4.299152,65.88022,-31.979433,-0.27842495,-4.745741,12.150445,19.463717,-0.73811585,38.37002,-10.750606,5.339046,19.43309,-4.7777677,8.085835,-26.13595,-53.357025,39.301357,53.41348,5.643879,-6.5064936,-5.1234517
335,-286.85858154296875,-308.7574462890625,70.55528259277344,1.7658983643860033,-7.440969874559306,158.03617095226568,-17.33096,23.80927,3.7206664,88.98157,-23.103258,-6.758871,-22.467173,-0.3271398,5.457841,65.680176,-31.412243,1.3699379,-3.922484,11.699394,19.575382,0.50797606,39.03537,-10.538916,7.120591,22.791817,-4.691786,7.3259983,-27.774721,-53.46251,38.812614,51.041805,7.0155883,-6.5236783,-5.643417
336,-287.77850341796875,-309.87091064453125,70.9297866821289,2.2279986771805214,-7.5546265755850035,157.9431888801788,-18.8718,23.771534,2.3639207,87.36838,-22.38937,-7.3133273,-21.91135,-1.8402627,6.77799,65.505844,-30.411354,2.991693,-3.0608356,11.148707,19.749224,1.9617958,39.657387,-10.141763,8.460982,24.835377,-4.5669885,6.709586,-29.25085,-53.543793,38.339424,48.58856,7.7986617,-6.5187864,-6.0811524
337,-288.7393798828125,-311.01409912109375,71.37168884277344,2.823494822799854,-7.749672002149917,157.63665444848166,-19.771132,23.884537,1.7722638,85.27716,-21.515934,-7.659849,-21.366066,-3.3247573,8.369344,65.35529,-28.92586,4.707763,-2.1138687,10.487871,20.030972,3.673507,40.176636,-9.4582405,9.25034,25.261665,-4.2943015,6.2101407,-30.583458,-53.616573,37.898567,45.97833,7.74015,-6.462194,-6.424943
338,-289.7117614746094,-312.1834716796875,71.86437225341797,3.515092269597382,-7.9808490390313835,157.1796749891446,-20.191847,24.035557,1.7012391,82.72994,-20.484867,-7.949421,-20.852766,-4.772946,10.195248,65.151794,-26.99549,6.4807944,-1.1000104,9.772151,20.360428,5.5300713,40.58087,-8.560326,9.609128,24.66691,-3.9038239,5.7617774,-31.76293,-53.689217,37.49424,43.171688,7.171995,-6.3645053,-6.710885
339,-290.71441650390625,-313.37774658203125,72.4113540649414,4.25470163792392,-8.241505030142326,156.68831365717978,-20.25559,24.126318,1.9111507,79.908585,-19.345562,-8.155913,-20.39933,-6.2018585,12.103378,64.95261,-24.710331,8.08725,-0.12103833,9.046723,20.69449,7.471326,40.87796,-7.6118536,9.732666,23.348608,-3.5484738,5.466288,-32.775265,-53.754646,37.122112,40.3355,6.4302554,-6.2573853,-6.937638
340,-291.7448425292969,-314.58831787109375,73.00047302246094,4.991493306634359,-8.525887215846168,156.2789536088132,-20.088287,24.055498,2.1575987,76.993355,-18.142742,-8.250518,-20.023632,-7.636864,13.923441,64.81895,-22.160686,9.310526,0.7201312,8.344694,20.984238,9.433894,41.093582,-6.781544,9.820258,21.59687,-3.3913856,5.4177423,-33.608845,-53.79643,36.78,37.651787,5.8485017,-6.177132,-7.105237
341,-292.8023681640625,-315.7953796386719,73.6077651977539,5.778148756995094,-8.87774746834294,155.97414294158466,-19.604034,23.77879,2.5315948,73.92845,-16.814085,-8.19794,-19.655764,-9.150073,15.703706,64.733635,-19.26352,10.232378,1.3928766,7.597975,21.25557,11.44063,41.24075,-6.0902195,9.850376,18.880468,-3.5451257,5.7540445,-34.250675,-53.80732,36.493668,35.134888,5.480449,-6.1524706,-7.221877
342,-293.8865051269531,-316.9934387207031,74.2251968383789,6.618240410273204,-9.285538502429917,155.71305112036262,-18.778854,23.34635,3.1137216,70.657906,-15.366938,-8.029962,-19.292202,-10.706227,17.500286,64.67033,-15.99885,10.951415,1.9585472,6.8069444,21.520973,13.492148,41.322453,-5.4734244,9.751565,15.239465,-3.9337277,6.373787,-34.70568,-53.783733,36.24475,32.707886,5.1542835,-6.160082,-7.286309
343,-294.9974060058594,-318.18994140625,74.83833312988281,7.388058971156461,-9.670189106395043,155.48892392687983,-17.831528,22.811277,3.6374998,67.34797,-13.943703,-7.8080215,-19.054882,-12.187802,19.128002,64.67496,-12.529027,11.2604065,2.4408395,6.093679,21.702238,15.5033045,41.361656,-4.965783,9.645442,11.825618,-4.414116,7.010969,-34.998512,-53.71451,35.975258,30.424728,4.8635335,-6.161438,-7.2838526
344,-296.148193359375,-319.3926086425781,75.4378890991211,7.963958062509874,-9.951102708613599,155.29785222282712,-16.981535,22.244638,3.8336308,64.16525,-12.683806,-7.585571,-19.095057,-13.495567,20.386953,64.80818,-9.003471,10.91363,2.873919,5.5791645,21.714224,17.358696,41.391632,-4.629596,9.67253,9.778653,-4.789842,7.4326534,-35.148964,-53.581287,35.61216,28.354527,4.5920877,-6.118384,-7.198025
345,-297.3234558105469,-320.5774230957031,76.01219177246094,8.298314620474432,-10.106832659932273,155.1616584387316,-16.252115,21.655327,3.6040921,61.07143,-11.753976,-7.323849,-19.49746,-14.5727625,21.258656,65.10834,-5.205836,9.664967,3.2495031,5.3065176,21.499584,19.058699,41.45319,-4.519387,9.821714,9.704301,-4.979519,7.55504,-35.14816,-53.374516,35.16698,26.528881,4.386622,-6.012327,-6.970619
346,-298.4931335449219,-321.7477111816406,76.53889465332031,8.464091957064808,-10.180793687237573,155.07680094451672,-15.538726,21.03127,3.0977957,58.00984,-11.038704,-6.9931765,-20.222643,-15.568836,21.758223,65.54243,-1.1022642,7.6141887,3.572453,5.1944084,21.10843,20.631365,41.559143,-4.612165,10.043447,10.876598,-5.0759687,7.5267477,-34.991047,-53.083946,34.647514,24.929464,4.223535,-5.86834,-6.625266
347,-299.66522216796875,-322.9028625488281,77.0071792602539,8.529292953273576,-10.188643334360561,155.00393028749374,-14.865627,20.399439,2.4271622,55.10812,-10.245223,-6.6585035,-21.25819,-16.70774,21.746021,66.07581,2.84616,4.9707723,3.8583715,5.147767,20.59309,22.045732,41.69036,-4.8249874,10.426878,12.428502,-5.1222663,7.4808607,-34.684406,-52.71581,34.018723,23.505482,4.0087724,-5.7199883,-6.269916
348,-300.82879638671875,-324.0450439453125,77.41592407226562,8.568878451815964,-10.146940623454649,154.90680249702055,-14.261565,19.761791,1.7081343,52.49423,-9.073585,-6.3968306,-22.56614,-18.189974,21.134018,66.68695,6.115405,1.9486898,4.131574,5.0807166,20.02412,23.25283,41.809097,-5.086372,11.050349,13.502025,-5.1576037,7.5454803,-34.249535,-52.27644,33.229973,22.221384,3.6404839,-5.597866,-6.0105133
349,-301.9916687011719,-325.2000427246094,77.75995635986328,8.589729245998676,-10.019050178221882,154.7734693468702,-13.7570505,19.093477,0.9139577,50.148327,-7.252426,-6.3255954,-24.312561,-20.312313,19.662151,67.4714,8.662563,-1.848889,4.4029427,4.9896636,19.36448,24.22691,41.890285,-5.4076524,11.961874,13.9873905,-5.1797156,7.760522,-33.651478,-51.762756,32.23122,21.047169,2.9994814,-5.499427,-5.8723006
350,-303.15966796875,-326.3522033691406,78.03462982177734,8.58281509270322,-9.827083320183428,154.64303704606243,-13.322087,18.348526,-0.0052590193,48.009518,-4.993145,-6.371537,-26.40164,-23.059414,17.428797,68.437164,10.476198,-6.5430756,4.6371717,4.89478,18.61794,24.992546,41.93894,-5.8190174,13.103798,14.316319,-5.171602,8.052455,-32.91769,-51.17107,31.073137,20.012877,2.1691623,-5.410456,-5.7963142
351,-304.3388977050781,-327.49896240234375,78.24937438964844,8.558658316400843,-9.662350917599314,154.5459754308586,-12.90665,17.541904,-0.9743482,46.15171,-2.7253888,-6.3432436,-28.344143,-25.909544,15.008291,69.438446,11.192036,-11.238925,4.7900186,4.780013,17.907446,25.596436,41.958538,-6.265786,14.387892,14.440964,-5.148239,8.378283,-32.19177,-50.516727,29.884672,19.182844,1.3714342,-5.3394885,-5.7641034
352,-305.5176696777344,-328.62652587890625,78.39183807373047,8.50285238526355,-9.597146806426943,154.48379788744484,-12.473039,16.744864,-1.8887761,44.654827,-0.8846587,-6.0483346,-29.720146,-28.087816,13.04695,70.29495,10.774245,-14.836772,4.799819,4.646672,17.309582,26.14798,41.93622,-6.64882,15.724482,14.311145,-5.127909,8.69392,-31.43634,-49.848797,28.73015,18.461992,0.79363185,-5.301188,-5.7643995
353,-306.6935119628906,-329.7668762207031,78.47396850585938,8.39323544347342,-9.63338695596533,154.45428650963206,-12.062367,15.990646,-2.7387688,43.64179,0.45800465,-5.3346405,-30.25898,-28.59276,12.510643,70.94767,9.055761,-15.000033,4.6875734,4.5440645,16.837214,26.638063,41.847458,-6.9434266,17.132875,13.7848215,-5.123692,9.019693,-30.608545,-49.182564,27.54436,17.812746,0.5486105,-5.2972336,-5.8193774
354,-307.8427429199219,-330.91180419921875,78.49842071533203,8.253485983634585,-9.726797230101107,154.4478348177085,-11.66644,15.245557,-3.5393167,42.983574,1.5491153,-4.338697,-30.45107,-28.638487,12.043095,71.48296,6.2912827,-15.000033,4.4645863,4.429918,16.44839,27.038485,41.6871,-7.1844997,18.637463,12.941014,-5.1297755,9.365856,-29.690407,-48.522453,26.299622,17.226913,0.5161452,-5.3187914,-5.927867
355,-308.9871826171875,-332.05908203125,78.46286010742188,8.069609665254474,-9.852456734585378,154.42193879432148,-11.251652,14.548338,-4.2326345,42.558105,2.3195033,-3.2921917,-30.51166,-28.39821,11.499645,71.93444,3.3595932,-15.000033,4.1691327,4.3335714,16.137136,27.371214,41.480732,-7.4017296,20.140774,12.06368,-5.128487,9.67334,-28.802595,-47.907974,25.135355,16.76822,0.5657778,-5.358687,-6.03874
356,-310.1108093261719,-333.2165832519531,78.36991882324219,7.843859892762158,-9.990635958125845,154.34043974926345,-10.779317,13.913192,-4.771884,42.238297,2.7082117,-2.430157,-30.638464,-28.008926,10.813022,72.34845,1.1174035,-15.000033,3.8380358,4.269684,15.902816,27.656307,41.264103,-7.627037,21.541908,11.429772,-5.097918,9.883211,-28.047815,-47.395767,24.181927,16.490023,0.5751336,-5.408899,-6.102976
357,-311.20916748046875,-334.383544921875,78.2059097290039,7.565943627140781,-10.129442597670524,154.20299447362888,-10.333488,13.359633,-5.126781,42.090992,2.7889807,-1.4824332,-30.87536,-27.429768,9.970942,72.70879,-0.171614,-15.000033,3.4894686,4.249202,15.751404,27.863438,41.0504,-7.8704042,22.847614,11.1921,-5.004035,9.939589,-27.461994,-47.032246,23.454552,16.410887,0.59356904,-5.4764886,-6.1071343
358,-312.2831726074219,-335.5671691894531,77.97527313232422,7.35857460061742,-10.300799683968666,154.06989337454334,-9.865743,12.71332,-5.3017077,42.081657,2.606917,-0.40085894,-31.148935,-26.714035,9.141193,73.02764,-0.99744064,-15.000033,3.0690565,4.1384788,15.705471,27.980202,40.833218,-8.127601,24.099646,11.167999,-4.8655043,9.885839,-26.883593,-46.82871,22.829199,16.417913,0.66660935,-5.560114,-6.0795875
359,-313.341796875,-336.7586975097656,77.68013763427734,7.176759998439797,-10.51150211669032,153.90280534890192,-9.214255,12.020213,-5.400311,42.056377,1.9883299,0.15807348,-31.43034,-25.838232,8.387014,73.350716,-1.6034061,-14.58882,2.639245,4.0080175,15.764209,28.0171,40.636887,-8.434314,25.244228,11.127254,-4.737198,9.814599,-26.367104,-46.786976,22.332743,16.579472,0.7374343,-5.6398053,-6.0274262
360,-314.3963928222656,-337.9591979980469,77.31265258789062,7.025907240982149,-10.772842511597178,153.68249827731827,-8.204209,11.267378,-5.5003343,41.8295,0.78574693,-0.43569437,-31.694809,-24.822638,7.8263974,73.73565,-2.2410963,-13.352706,2.2146754,3.867161,15.911249,27.992386,40.467754,-8.824457,26.25799,10.84135,-4.6735563,9.8235655,-25.771582,-46.898277,21.91092,16.806265,0.68800646,-5.697019,-5.9619584
361,-315.4455871582031,-339.169189453125,76.90071868896484,6.872825633191154,-11.08761673161065,153.37493979141706,-6.671097,10.532616,-5.555827,41.223007,-1.1469755,-2.8640115,-31.979235,-23.855305,7.1054597,74.184105,-2.9003773,-12.143561,1.8417822,3.7458963,16.175901,27.915316,40.35915,-9.332877,27.096628,10.122493,-4.7138915,9.942968,-25.396116,-47.1676,21.70546,17.357395,0.49624786,-5.7209706,-5.8604465
362,-316.47674560546875,-340.38214111328125,76.37796783447266,6.714721025923588,-11.444733515808618,153.00247739936432,-4.7927766,9.8757105,-5.432106,40.398525,-3.7070875,-6.5550528,-32.287228,-22.856579,6.2714524,74.6639,-3.4769702,-10.851842,1.4805372,3.6306226,16.52722,27.790174,40.30197,-9.933229,27.80035,9.123423,-4.8231893,10.117235,-25.028797,-47.59565,21.622652,18.051228,0.18000153,-5.7260666,-5.7328176
363,-317.5041809082031,-341.58355712890625,75.78951263427734,6.593783087183654,-11.835037499465589,152.62253484866181,-2.8954644,9.253975,-5.12708,39.660866,-6.669062,-10.294758,-32.624874,-21.899708,5.375967,75.196846,-4.085378,-9.597146,1.1299149,3.4845285,16.946524,27.547577,40.29808,-10.610199,28.39757,8.124898,-4.9452443,10.308055,-24.639997,-48.152145,21.60694,18.8706,-0.099764355,-5.7260766,-5.6176043
364,-318.5162048339844,-342.7593078613281,75.16719055175781,6.556433946905024,-12.25284591508472,152.28767178844151,-1.2555114,8.544217,-4.780073,39.26925,-9.816431,-12.93781,-32.993263,-21.06017,4.479919,75.81012,-4.837264,-8.497763,0.7684654,3.2523696,17.401474,27.149435,40.348473,-11.327483,28.91782,7.402061,-5.0203576,10.479381,-24.087177,-48.790203,21.562986,19.70832,-0.21057151,-5.7365866,-5.556744
365,-319.5240173339844,-343.937255859375,74.49820709228516,6.580378364146976,-12.704644024776167,151.95684527974325,0.11028562,7.67009,-4.584239,39.23981,-13.376833,-14.199212,-33.397213,-20.275787,3.5931609,76.558136,-5.807091,-7.524597,0.42037362,2.941893,17.888266,26.655792,40.465595,-12.047831,29.293837,7.0452523,-5.0262394,10.610657,-23.523838,-49.4906,21.604322,20.70119,-0.17699933,-5.760162,-5.5929813
366,-320.520751953125,-345.100341796875,73.80935668945312,6.653479307907893,-13.191601211079256,151.61615854515136,1.3217756,6.637271,-4.4904523,39.462788,-17.398125,-14.662368,-33.83126,-19.530535,2.6844335,77.41489,-6.91822,-6.6334343,0.06996896,2.558368,18.409443,26.100994,40.64669,-12.773901,29.522402,6.8981676,-4.994426,10.723566,-22.954721,-50.248913,21.746603,21.846497,-0.064996414,-5.792055,-5.696562
367,-321.4937438964844,-346.24627685546875,73.09738159179688,6.835714757413647,-13.702379323497071,151.35492741304185,2.3508291,5.401994,-4.382693,39.95373,-21.378487,-14.55408,-34.270576,-18.969805,1.7590249,78.28876,-8.053702,-5.9238424,-0.30291492,2.0670967,18.981644,25.32961,40.877464,-13.579017,29.730307,6.8691454,-4.9444,10.847766,-22.25665,-51.017574,21.808268,23.05275,0.21663256,-5.832271,-5.786235
368,-322.4282531738281,-347.3498840332031,72.37665557861328,7.18781973165929,-14.226025663097841,151.26189198606576,3.1865785,3.9480937,-4.117106,40.69331,-24.798048,-14.155271,-34.683323,-18.729956,0.8350675,79.09129,-9.092198,-5.4817934,-0.71315837,1.4251122,19.615053,24.174702,41.141865,-14.54675,30.054445,6.864603,-4.896063,11.015329,-21.269547,-51.733044,21.576551,24.218119,0.74557734,-5.8806887,-5.776964
369,-323.3331604003906,-348.4208068847656,71.69253540039062,7.851484909593982,-14.811044792189547,151.3251302492546,3.8795784,2.1660748,-3.5283968,41.681297,-27.530373,-13.457682,-35.081985,-18.924753,0.064816296,79.89597,-10.056331,-5.3328295,-1.1553308,0.48247877,20.3534,22.56412,41.445923,-15.736479,30.56428,6.9018884,-4.85053,11.27017,-19.960197,-52.35379,20.988714,25.342863,1.6296663,-5.942229,-5.621557
370,-324.21466064453125,-349.4869384765625,71.10570526123047,8.7510316782672,-15.450400202507758,151.50160740416877,4.4068236,0.06707746,-2.7684927,42.875904,-29.80593,-12.372772,-35.45793,-19.445177,-0.6000482,80.71884,-10.990419,-5.420769,-1.6001741,-0.7048304,21.16278,20.573587,41.78785,-17.115093,31.18096,7.00518,-4.796643,11.584056,-18.403316,-52.872326,20.134903,26.498756,2.7779715,-6.0114183,-5.3685384
371,-325.05999755859375,-350.5724792480469,70.59716033935547,9.623708478136619,-16.054814066298288,151.84000028753334,4.688317,-2.1206224,-2.1170669,44.19195,-31.661142,-11.107799,-35.749355,-20.109636,-1.4362544,81.38611,-11.807049,-5.7094903,-2.0607488,-1.8781546,21.938276,18.298798,42.1248,-18.591112,31.80183,7.098363,-4.7361336,11.880652,-16.590082,-53.281944,19.049175,27.672241,3.9783566,-6.081827,-5.0771937
372,-325.871826171875,-351.6600036621094,70.1811752319336,10.206694648762312,-16.53582371888632,152.39786919154133,4.688367,-4.138445,-1.8338633,45.56887,-33.157158,-9.868049,-35.891518,-20.7344,-2.724839,81.724724,-12.4200535,-6.161346,-2.5755162,-2.7715974,22.585032,15.842582,42.39836,-20.057377,32.333134,7.1203303,-4.67295,12.087069,-14.519682,-53.578762,17.777538,28.840254,5.0180926,-6.147378,-4.806951
373,-326.6522521972656,-352.6986083984375,69.86648559570312,10.418247331449384,-16.854785450515937,153.3357028473341,4.280942,-5.95291,-2.094529,47.192318,-34.224377,-8.682116,-35.83719,-21.450699,-4.6965957,81.68391,-12.766437,-6.8785768,-3.2661088,-3.3143842,23.078606,13.129788,42.558327,-21.487259,32.833084,7.068312,-4.6031156,12.175042,-12.169238,-53.73046,16.239029,30.025429,5.8706636,-6.206029,-4.565433
374,-327.4254455566406,-353.6610107421875,69.62884521484375,10.399361104147092,-17.061630708064282,154.5822563466141,3.5846663,-7.6532087,-2.6886978,49.03113,-34.87613,-7.46829,-35.58814,-22.280235,-7.169982,81.36279,-12.923125,-7.833419,-4.116398,-3.6420372,23.469265,10.167039,42.588333,-22.896832,33.33471,6.988298,-4.5279317,12.191727,-9.589156,-53.7188,14.498595,31.233719,6.636857,-6.2614117,-4.3216066
375,-328.1922912597656,-354.5646057128906,69.46277618408203,10.222386924053277,-17.195798748560847,155.84927675340293,2.9268215,-9.158629,-3.3106637,50.72492,-35.31515,-6.257782,-35.181293,-22.876387,-9.799685,80.80574,-13.001204,-8.794633,-4.9584007,-3.785247,23.789007,7.172896,42.494675,-24.248106,33.713585,6.8986464,-4.4598975,12.178063,-7.003088,-53.575268,12.888918,32.507126,7.298282,-6.3193107,-4.0820026
376,-328.97540283203125,-355.43963623046875,69.3609390258789,9.960983151253718,-17.299549499485213,156.84643502078285,2.6147594,-10.392107,-3.6750834,51.90162,-35.734913,-5.081641,-34.70339,-22.900673,-12.208564,80.04377,-13.089852,-9.5311365,-5.6400876,-3.7815566,24.060308,4.3885126,42.29885,-25.490646,33.843018,6.820718,-4.4119697,12.172386,-4.635184,-53.36894,11.763153,33.884575,7.8424363,-6.387582,-3.8638172
377,-329.78045654296875,-356.2978515625,69.3238754272461,9.603094981165276,-17.409430239055155,157.46720644442675,2.7782633,-11.261911,-3.6806388,52.44842,-36.198593,-3.9462142,-34.1266,-22.232407,-14.373175,79.02904,-13.201397,-9.992725,-6.1104646,-3.6024067,24.305492,1.929405,42.002518,-26.53365,33.64688,6.753172,-4.3931165,12.158362,-2.4670858,-53.15879,11.215215,35.37937,8.301363,-6.5053115,-3.705316
378,-330.6162414550781,-357.1480407714844,69.3474349975586,9.12193929499057,-17.493418468662604,157.87542216780648,3.2266057,-11.831091,-3.4994617,52.569935,-36.59857,-2.826141,-33.455696,-21.039663,-16.439907,77.737976,-13.269637,-10.287999,-6.4226594,-3.2028887,24.555511,-0.38275757,41.612972,-27.447632,33.18718,6.691868,-4.3960667,12.123462,-0.8971759,-52.959053,11.342538,37.356216,8.758332,-6.648319,-3.5864472
379,-331.4682922363281,-357.98638916015625,69.42373657226562,8.572458541471764,-17.493543968375896,158.1857932241746,3.7765965,-12.259659,-3.2625573,52.37503,-36.86055,-1.7049917,-32.860126,-19.448475,-18.2653,76.2339,-13.249044,-10.433321,-6.776381,-2.71288,24.663452,-2.509196,41.15674,-28.265377,32.603867,6.653965,-4.4085813,12.104793,0.54850125,-52.78192,11.874698,39.307793,9.062728,-6.762825,-3.4747124
380,-332.3355712890625,-358.8137512207031,69.55382537841797,8.011908526942605,-17.350227686136527,158.51258035143556,4.2489443,-12.701265,-3.1004188,51.970608,-36.918896,-0.5736427,-32.506058,-17.608765,-19.722694,74.591225,-13.103165,-10.456821,-7.2256165,-2.1971242,24.59473,-4.5700245,40.68373,-29.144228,31.98454,6.6439695,-4.417744,12.139119,1.7992595,-52.633873,12.726335,41.19537,9.163277,-6.7747407,-3.3103943
381,-333.2127685546875,-359.6294250488281,69.74195861816406,7.465863347317331,-17.024701203584048,158.82562809116922,4.627928,-13.1718855,-2.989357,51.301994,-36.795303,0.56214887,-32.485813,-15.471977,-20.705692,72.80569,-12.833508,-10.367885,-7.733057,-1.6663127,24.32277,-6.5726047,40.23299,-30.162971,31.298182,6.577556,-4.429134,12.268741,2.8486342,-52.525032,13.952709,43.03955,9.002666,-6.640067,-3.0514526
382,-334.094482421875,-360.4393615722656,69.99130249023438,6.908128869365239,-16.558538913799016,159.0825458276832,5.0065026,-13.597338,-2.8779666,50.338303,-36.520443,1.7011875,-32.688156,-13.021824,-21.310677,70.83755,-12.450213,-10.159523,-8.246913,-1.0861753,23.894114,-8.478466,39.81154,-31.260136,30.47802,6.462653,-4.4444237,12.460279,3.6840477,-52.459877,15.566555,44.905388,8.639164,-6.4052334,-2.7332058
383,-334.9742431640625,-361.2496032714844,70.29845428466797,6.321238769964464,-16.012720789390162,159.37732571409106,5.368358,-13.989966,-2.848665,49.22454,-36.050343,2.844645,-32.976044,-10.465928,-21.725557,68.71688,-11.940168,-9.84788,-8.84266,-0.46901184,23.357208,-10.276349,39.41067,-32.330574,29.555305,6.4535522,-4.4447007,12.635551,4.398767,-52.41364,17.348032,46.665134,8.157918,-6.1362753,-2.4132683
384,-335.8512268066406,-362.0362243652344,70.65008544921875,5.685922607061515,-15.443705161609415,159.80375836961016,5.696992,-14.35984,-2.9790502,48.103394,-35.344963,3.9939935,-33.226578,-8.002969,-22.12757,66.47633,-11.293377,-9.445534,-9.571745,0.18351218,22.771456,-11.995885,39.0181,-33.300056,28.578794,6.704441,-4.4102974,12.718733,5.1493773,-52.352062,19.01444,48.151676,7.6339602,-5.8979707,-2.1479864
385,-336.7326354980469,-362.829833984375,71.0447998046875,4.964704559811246,-14.84543088966669,160.4128256311798,5.9733734,-14.689637,-3.3197255,47.003872,-34.410954,5.1657224,-33.44071,-5.6204896,-22.527262,64.08032,-10.526351,-8.966349,-10.440762,0.91431147,22.152775,-13.732601,38.63811,-34.25088,27.598495,7.293896,-4.3307633,12.676615,6.0239697,-52.269135,20.537016,49.285454,6.976812,-5.6977234,-1.9281278
386,-337.634765625,-363.6206359863281,71.47245788574219,4.186125927188649,-14.190674177666843,161.14212933428763,6.212192,-14.987418,-3.8000448,45.852512,-33.27597,6.3497233,-33.673294,-3.2530653,-22.834019,61.520706,-9.64726,-8.411626,-11.397094,1.7208267,21.484035,-15.474111,38.273952,-35.223053,26.58454,8.12609,-4.2199416,12.554862,6.9845304,-52.168175,21.988045,50.13183,6.165496,-5.503927,-1.7278392
387,-338.554443359375,-364.4076232910156,71.932861328125,3.4261113188184904,-13.501044963982913,161.91646715829646,6.4416127,-15.293095,-4.316906,44.643147,-31.931,7.509019,-33.892685,-1.0044819,-23.071442,58.880394,-8.635263,-7.772893,-12.397111,2.5386052,20.780825,-17.114258,37.913734,-36.091187,25.478014,9.092686,-4.094814,12.396309,8.007147,-52.027313,23.23429,50.733616,5.3941216,-5.31914,-1.5806662
388,-339.4895935058594,-365.2045593261719,72.42147064208984,2.757749432408519,-12.803060272474474,162.66249191630112,6.6902776,-15.636426,-4.7730775,43.372894,-30.354445,8.609227,-34.065174,1.0369624,-23.264208,56.244423,-7.463729,-7.032318,-13.379532,3.3031356,20.06008,-18.571814,37.543026,-36.745575,24.228886,10.091768,-3.9703233,12.245171,9.086311,-51.82319,24.133015,51.12331,4.877232,-5.144511,-1.5241123
389,-340.4309387207031,-365.9950256347656,72.92224884033203,2.199797736719427,-12.10881851777796,163.37762686770697,6.9740214,-16.015646,-5.1593237,42.030926,-28.487883,9.684302,-34.170296,2.8654168,-23.402943,53.597813,-6.0457,-6.1425624,-14.341642,3.9941719,19.319729,-19.855013,37.15987,-37.16824,22.84251,11.224885,-3.8595676,12.08919,10.310104,-51.530476,24.574915,51.21022,4.5973463,-4.976805,-1.6067396
390,-341.3848571777344,-366.7967529296875,73.4276123046875,1.7172089896615328,-11.40223424260235,164.09649321705913,7.271542,-16.416368,-5.5108476,40.628986,-26.359142,10.7426195,-34.225773,4.530565,-23.46639,50.914036,-4.427162,-5.120851,-15.284795,4.6457863,18.555344,-21.039927,36.769493,-37.44851,21.35833,12.5060835,-3.7528374,11.914329,11.662521,-51.151493,24.667068,51.008022,4.4909263,-4.816298,-1.8009146
391,-342.35235595703125,-367.6016845703125,73.92533111572266,1.2965728694136325,-10.676092856424068,164.80331225993362,7.5553284,-16.834463,-5.812235,39.19901,-24.066723,11.711345,-34.252026,6.0417495,-23.474642,48.25674,-2.7708077,-4.042035,-16.208973,5.278075,17.759895,-22.107504,36.37028,-37.59258,19.786028,13.695269,-3.6286137,11.761307,13.0966625,-50.690998,24.448572,50.618404,4.5600214,-4.671524,-2.020846
392,-343.3404541015625,-368.4152526855469,74.4288558959961,0.9204560722861103,-9.91690173532669,165.48249379583774,7.801484,-17.264622,-6.059744,37.764336,-21.699753,12.515007,-34.269474,7.40902,-23.458574,45.69176,-1.2314005,-2.9832122,-17.106153,5.9132805,16.934551,-23.028809,35.953117,-37.59848,18.12283,14.571656,-3.4615314,11.670878,14.545735,-50.16415,23.981928,50.15262,4.8374553,-4.5509434,-2.1820889
393,-344.33514404296875,-369.2417907714844,74.90756225585938,0.5787965365272472,-9.104629996992346,166.11531383021787,7.9829574,-17.680515,-6.2301373,36.31702,-19.24141,13.185533,-34.301613,8.651149,-23.420889,43.212997,0.21734199,-1.910911,-17.974777,6.580931,16.055548,-23.803152,35.51482,-37.446976,16.372713,15.024118,-3.2339432,11.675774,15.973718,-49.577026,23.248531,49.609715,5.460502,-4.4633093,-2.2446609
394,-345.345947265625,-370.08148193359375,75.36530303955078,0.28242343896085353,-8.252690722610035,166.7166799920443,8.121242,-18.088219,-6.346458,34.83999,-16.643026,13.74269,-34.32802,9.767734,-23.353292,40.795494,1.6443138,-0.79894453,-18.823393,7.262431,15.133674,-24.435831,35.0526,-37.13117,14.533388,15.20714,-2.9600332,11.749094,17.426626,-48.924854,22.231318,48.920597,6.3741393,-4.4013066,-2.2588284
395,-346.3431396484375,-370.94940185546875,75.7858657836914,0.045150357217286795,-7.404359961884117,167.3204069034843,8.269763,-18.524565,-6.492643,33.33859,-13.944093,14.089046,-34.306957,10.733584,-23.2828,38.483692,2.9519691,0.26003417,-19.646748,7.9178586,14.210479,-24.993395,34.568913,-36.732742,12.642361,15.225285,-2.6625288,11.841713,18.937235,-48.21366,21.0302,48.12757,7.355252,-4.3495975,-2.2763271
396,-347.34954833984375,-371.7851257324219,76.19081115722656,-0.12155145549862813,-6.603052908498999,167.96126111407696,8.484339,-19.025963,-6.7638574,31.81444,-11.183341,14.124519,-34.203266,11.517198,-23.240164,36.328674,4.0398707,1.1733657,-20.430712,8.506117,13.331067,-25.537512,34.062984,-36.33471,10.7281,15.192904,-2.3646696,11.904603,20.454062,-47.46229,19.833128,47.33733,8.24785,-4.295439,-2.3514714
397,-348.3533630371094,-372.6219482421875,76.5646743774414,-0.21792116589369645,-5.851536588605189,168.65374499516804,8.77736,-19.594955,-7.162322,30.231318,-8.266614,13.880048,-34.02894,12.103173,-23.240524,34.356594,4.8547583,1.9204535,-21.20735,9.02182,12.491979,-26.023445,33.526955,-35.90205,8.776719,15.083469,-2.062002,11.923277,21.984064,-46.672756,18.63338,46.52317,9.094882,-4.238714,-2.5153904
398,-349.3548889160156,-373.4747009277344,76.89913177490234,-0.25699398583674166,-5.129725802978146,169.37969227597608,9.129482,-20.203554,-7.6861796,28.58046,-5.204295,13.369018,-33.806564,12.513786,-23.284655,32.550888,5.4556437,2.5485845,-21.98301,9.492572,11.668047,-26.44545,32.960724,-35.409706,6.7912936,14.849527,-1.746597,11.926578,23.555506,-45.835575,17.35161,45.63344,9.944007,-4.1860714,-2.731496
399,-350.3514709472656,-374.3289794921875,77.19770050048828,-0.25433885958912517,-4.445576116389349,170.1252584703495,9.565775,-20.846708,-8.443333,26.880928,-2.1937742,12.464759,-33.51976,12.778649,-23.391151,30.89678,5.907756,3.061736,-22.688421,9.9402,10.848353,-27.036102,32.416245,-35.00474,4.8936586,14.457573,-1.4415457,11.920032,25.16155,-44.95683,16.051668,44.764206,10.64327,-4.1349416,-2.951759
400,-351.3360595703125,-375.18560791015625,77.44397735595703,-0.22554428470121984,-3.807694352856152,170.87755878038408,10.112763,-21.52521,-9.544821,25.16244,0.55964756,11.045409,-33.150723,12.928467,-23.57708,29.378353,6.27593,3.463051,-23.3833,10.332551,10.095033,-27.506184,31.850792,-34.55005,2.9019594,14.298332,-1.1519372,11.926944,26.764107,-44.030846,14.804602,43.92669,10.949672,-4.081606,-3.126107
401,-352.3207702636719,-376.0515441894531,77.63771057128906,-0.16287653133517102,-3.2089914972510196,171.63144096505815,10.778606,-22.306837,-11.1597395,23.4268,2.91019,9.211365,-32.709007,12.947809,-23.856283,28.015709,6.568286,3.795276,-24.006386,10.667817,9.415474,-27.936451,31.227177,-34.109722,0.8310587,14.461873,-0.8621593,11.9449,28.075127,-43.09863,13.838611,43.36751,10.919037,-4.0179315,-3.2572658
402,-353.30511474609375,-376.91107177734375,77.78622436523438,-0.08462813304216937,-2.645690289363882,172.39996139595618,11.562279,-23.132105,-13.213338,21.668177,4.9380717,6.9780283,-32.20195,12.849252,-24.238842,26.79556,6.75937,4.0434666,-24.56729,10.999847,8.708265,-28.645887,30.641462,-33.765633,-1.0517415,14.512199,-0.5893721,11.939119,29.505032,-42.136517,12.835601,42.812637,10.4918165,-3.940679,-3.354999
403,-354.2843322753906,-377.7626953125,77.8773422241211,-0.03754910443792816,-2.132986694237133,173.1985673707847,12.479697,-23.829693,-15.458707,19.895,6.77648,4.0922866,-31.609049,12.699461,-24.728323,25.658192,6.8596573,4.1244183,-25.143604,11.315868,8.098957,-29.179956,30.032553,-33.37363,-3.067543,14.707613,-0.3483613,11.953434,30.848127,-41.148907,11.93847,42.355347,9.926986,-3.87258,-3.425378
404,-355.2554931640625,-378.61187744140625,77.90323638916016,-0.06963975877993639,-1.6816392064842585,174.04393888831646,13.530466,-24.257654,-17.652954,18.124716,8.557978,0.28617013,-30.90879,12.566149,-25.326647,24.536177,6.8807693,3.9576478,-25.713564,11.663763,7.5845284,-29.679398,29.401228,-33.017128,-5.091302,14.820595,-0.18232988,11.990133,32.020252,-40.15356,11.22497,42.134594,9.505784,-3.8343549,-3.4718266
405,-356.21185302734375,-379.44976806640625,77.85391235351562,-0.21499265075747281,-1.2961119932345566,174.95020261926675,14.811853,-24.38398,-19.9087,16.170069,10.29951,-4.9788556,-30.070148,12.473114,-26.081001,23.383162,6.78642,3.4361534,-26.307058,12.07035,7.172874,-30.171635,28.753452,-32.684063,-7.1035,14.855133,-0.100068785,12.049378,33.09285,-39.152138,10.676838,42.123302,9.275052,-3.8508728,-3.5362275
406,-357.1678161621094,-380.283203125,77.7448501586914,-0.43137690138907586,-0.9627480954135664,175.91016918836408,16.206669,-24.323395,-22.231718,14.238127,11.780817,-11.394702,-29.125004,12.379556,-26.965282,22.257818,6.5685477,2.6409402,-26.91459,12.500441,6.8444085,-30.640697,28.086298,-32.364902,-9.128776,14.87165,-0.08236763,12.127854,34.03581,-38.151768,10.290538,42.325527,9.128736,-3.9053836,-3.6049373
407,-358.131591796875,-381.1495666503906,77.5659408569336,-0.5556591641888214,-0.7230122108873346,176.8258831491772,17.541761,-24.304949,-23.404894,12.703737,13.03209,-15.000033,-28.26098,12.091551,-27.766588,21.699474,6.0715165,1.8049606,-27.441454,12.805611,6.561804,-31.06809,27.404696,-32.070263,-11.149513,14.760542,-0.12739526,12.224095,34.873665,-37.159195,9.982078,42.676132,8.964816,-3.9531682,-3.585756
408,-359.1023864746094,-382.0811767578125,77.31495666503906,-0.44160385022057297,-0.6067734979218413,177.60652888841432,18.690166,-24.493265,-22.946045,11.770064,14.316718,-15.000033,-27.645193,11.427226,-28.296259,22.16238,5.1868715,1.1366019,-27.776981,12.844959,6.294532,-31.429892,26.70877,-31.819548,-13.170102,14.425487,-0.23236834,12.340101,35.560455,-36.19094,9.702295,43.16416,8.718963,-3.9506445,-3.3877106
409,-360.0628356933594,-383.00433349609375,77.0224380493164,-0.2038066874067302,-0.4852973031576983,178.43202468806635,19.322714,-24.816397,-21.793028,11.931735,15.649164,-15.000033,-27.039894,10.549723,-28.833662,22.80109,4.5141344,1.0489836,-28.146837,12.738481,5.9457073,-31.620766,26.01871,-31.553932,-15.225487,13.81221,-0.40532768,12.480486,36.315792,-35.19858,9.3002205,43.618332,8.246472,-3.8659403,-2.8929949
410,-361.00360107421875,-383.9204406738281,76.66167449951172,0.1706357574721949,-0.37137501228670583,179.29808361992102,19.536436,-25.230106,-19.910118,12.9435625,17.072044,-15.000033,-26.47779,9.409646,-29.357975,23.720251,3.9048278,1.3101287,-28.413624,12.484698,5.563339,-31.738789,25.326166,-31.367188,-17.371284,12.973874,-0.6442331,12.652061,36.511868,-34.232555,9.158281,44.629337,7.931965,-3.7425327,-2.2064216
411,-361.8961181640625,-384.79425048828125,76.21623229980469,0.7061280852884456,-0.2913570996913483,-179.88040622688092,19.1896,-25.732084,-17.469793,15.033711,18.03584,-15.000033,-26.064175,8.076161,-29.563776,25.057747,2.9429305,1.0459162,-28.62894,12.04914,5.1161523,-31.709875,24.65733,-31.197762,-19.498512,12.028011,-0.9546472,12.82187,36.906273,-33.268414,8.918965,45.447018,7.3475227,-3.6167428,-1.5034193
412,-362.7623291015625,-385.637939453125,75.73130798339844,1.3561019103635963,-0.2841593384137054,-179.17356940083846,18.219627,-26.260729,-14.81259,18.37809,17.901356,-15.000033,-25.845327,6.7248344,-29.183296,26.827297,1.2435781,-0.62501097,-28.576113,11.480028,4.711986,-31.643349,24.010845,-31.188852,-21.62236,11.055497,-1.3327975,12.979949,36.915382,-32.398544,8.958145,46.55953,6.8334203,-3.5432117,-1.0129613
413,-363.6480407714844,-386.4740295410156,75.27651977539062,2.0420539862092855,-0.42578347570960046,-178.53612310429492,16.614756,-26.788101,-12.292459,23.314943,16.021364,-15.000033,-25.687351,5.653311,-27.897043,28.748674,-1.2927945,-4.770514,-28.436844,10.818138,4.4185452,-31.43537,23.393818,-31.262539,-23.761475,10.048168,-1.7790745,13.153706,36.99741,-31.631834,9.044538,47.563698,6.0810943,-3.519932,-0.7786479
414,-364.5159912109375,-387.25946044921875,74.77507019042969,2.597875516084434,-0.6684009706355386,-177.89576450344396,14.569179,-27.118732,-9.94796,29.451672,12.83278,-15.000033,-25.61021,5.0163255,-26.023844,30.77712,-4.264801,-10.787689,-28.281036,10.233128,4.2849774,-31.113443,22.806757,-31.402327,-25.934282,8.951087,-2.2930992,13.334547,37.051983,-30.976126,9.190855,48.55739,5.185157,-3.5207524,-0.6837337
415,-365.37884521484375,-388.078369140625,74.17211151123047,3.0805221747813545,-0.9409963751248218,-177.16144110267675,12.528829,-27.185158,-7.7437506,35.636932,9.687284,-15.000033,-25.833384,4.3606515,-23.918634,33.430023,-7.4995737,-15.000033,-28.1698,9.717086,4.2624607,-30.749989,22.25975,-31.605581,-28.043518,7.841873,-2.8717532,13.43221,36.962868,-30.448702,9.455958,49.557007,4.334294,-3.5369203,-0.65814406
416,-366.28631591796875,-389.02227783203125,73.47340393066406,3.64597384270185,-1.1418736098704894,-176.35534348846187,10.691797,-27.031069,-5.4381223,41.132084,7.5803056,-15.000033,-26.43052,3.1499078,-22.125414,36.837505,-10.919922,-15.000033,-28.059347,9.175248,4.225751,-30.398804,21.779419,-31.85677,-29.9982,6.782724,-3.5085397,13.351299,36.654625,-30.061426,9.89116,50.548573,3.69718,-3.560911,-0.63163686
417,-367.1108093261719,-389.9009704589844,72.75901794433594,3.9205687058419816,-0.935750584878988,-175.80574509135892,8.275166,-25.978828,-2.1341934,46.77726,6.245979,-15.000033,-27.476795,2.0375836,-21.574501,40.28494,-14.551394,-15.000033,-27.56054,9.069324,4.0597534,-30.132198,21.412651,-32.20263,-31.886436,5.7777677,-4.183976,13.119128,36.253113,-29.793015,10.465387,51.393955,3.3190298,-3.5909414,-0.5766842
418,-367.79840087890625,-390.6387939453125,72.046142578125,3.962609620942725,-0.4382644342876979,-175.42460273700166,5.4560575,-24.070898,1.7681853,52.77029,5.2728643,-15.000033,-28.939316,0.935273,-21.68807,44.002666,-18.587885,-15.000033,-26.79137,9.293706,3.833493,-29.869864,21.175058,-32.628597,-33.77086,4.787975,-4.89972,12.770045,35.69897,-29.638866,11.19149,52.180004,3.116445,-3.6320686,-0.5366274
419,-368.49530029296875,-391.3619384765625,71.22078704833984,3.807051233493906,0.08485827326873487,-175.36924067939108,2.7486625,-21.628376,5.5505466,58.731388,4.4358253,-15.000033,-30.487486,0.025301646,-21.867525,47.780926,-22.457972,-15.000033,-25.785109,9.65373,3.7949734,-29.386,21.059067,-33.013733,-35.525063,3.8068848,-5.673672,12.207729,34.782375,-29.629793,12.154304,53.108803,3.0205798,-3.6841471,-0.54219836
420,-369.08660888671875,-392.0779113769531,70.46874237060547,3.5051183297388735,0.3218570410496583,-175.81252630321976,0.6100888,-19.206673,8.565537,64.224106,3.4678526,-15.000033,-31.705036,-0.3983013,-21.576414,51.240604,-25.50795,-15.000033,-24.608145,9.936724,4.2029247,-28.449284,21.014496,-33.222378,-36.96805,2.8435907,-6.5205283,11.325449,33.2433,-29.809238,13.524036,54.443157,2.996675,-3.7480814,-0.6257248
421,-369.6843566894531,-392.8124084472656,69.8048324584961,2.9412215213146307,0.12086720548735419,-177.0436672474227,-0.89334625,-16.935682,10.823341,69.242226,2.268142,-15.000033,-32.48732,0.08530072,-20.727762,54.29687,-27.360453,-15.000033,-23.114819,10.219354,5.3352876,-26.830002,21.00827,-33.18991,-38.2318,2.0606494,-7.55985,9.9261875,30.870895,-30.238039,15.583791,56.434727,3.2117922,-3.857951,-0.7986285
422,-370.226318359375,-393.5778503417969,69.17461395263672,2.161385431046135,-0.36782613994300045,-178.88606121057606,-2.0210848,-14.692985,12.695164,73.968025,0.9664495,-15.000033,-33.05468,1.2121266,-19.653671,57.207596,-28.447512,-15.000033,-21.348103,10.662146,6.9164505,-24.870104,21.085299,-32.826912,-39.19835,1.1577666,-8.732033,8.075268,27.748705,-30.874817,18.393492,59.0025,3.7615938,-3.9998393,-1.0136896
423,-370.75311279296875,-394.3737487792969,68.59429931640625,1.4478794394238281,-1.021209922986088,179.16936626829596,-2.901675,-12.761614,14.107749,78.28637,-0.4411483,-15.000033,-33.400024,2.3814263,-18.492678,59.93913,-29.27503,-15.000033,-19.75824,11.118821,8.581117,-22.543682,21.27268,-32.253227,-39.850086,0.1382417,-9.784359,6.162973,24.362284,-31.595514,21.435722,61.48903,4.156192,-4.0900536,-1.2175174
424,-371.329345703125,-395.2069091796875,68.08658599853516,1.0501676393088157,-1.6859875723361142,177.60536276016094,-3.6772542,-11.368225,14.943229,82.09799,-1.9449551,-15.000033,-33.51377,3.037036,-17.352112,62.409348,-30.328016,-15.000033,-18.6511,11.338041,10.014624,-19.91936,21.566639,-31.703995,-40.130222,-0.9844695,-10.472244,4.598585,21.099615,-32.286526,24.144438,63.3475,3.9854176,-4.052399,-1.3899858
425,-371.9590759277344,-395.9856872558594,67.69608306884766,1.0776862755783276,-2.3787174581762627,176.51258523109192,-4.3373513,-10.80378,14.95183,85.32552,-3.66512,-15.000033,-33.277897,3.018155,-16.212053,64.56992,-31.752922,-15.000033,-18.058681,11.070258,11.189583,-16.94811,21.959229,-31.26361,-39.954403,-2.5690036,-10.773779,3.379619,17.951605,-32.909565,26.32851,64.59094,2.7480824,-3.8008041,-1.4894632
426,-372.62225341796875,-396.6631164550781,67.41625213623047,1.371763878808393,-3.1464525787555724,175.6192516891497,-4.8685703,-10.8626175,14.278237,88.08579,-5.555389,-15.000033,-32.682384,2.7137985,-15.069068,66.42389,-33.275684,-15.000033,-17.722221,10.431294,12.286933,-13.665118,22.435005,-30.88996,-39.3483,-4.4566407,-10.801954,2.3589947,14.751111,-33.468937,28.225925,65.47531,0.767151,-3.403541,-1.5483004
427,-373.2707824707031,-397.26824951171875,67.19023132324219,1.7585721978320479,-3.8696712452608897,174.85578754642353,-5.399572,-10.99422,13.3348675,90.56893,-7.3744183,-15.000033,-31.913969,2.3542838,-13.998776,67.97681,-34.73698,-15.000033,-17.456135,9.672384,13.271377,-10.466595,22.96988,-30.596043,-38.234066,-6.013371,-10.551715,1.7211388,11.696774,-33.95044,29.790558,65.82563,-1.1730324,-3.0160959,-1.6829864
428,-373.9381408691406,-397.8746643066406,67.0164566040039,2.0589696265307302,-4.4445407341886485,174.16141244791308,-6.0622334,-10.658082,12.51861,92.94208,-8.899733,-15.000033,-31.199049,2.1148758,-13.038954,69.244606,-35.96871,-15.000033,-17.053425,9.061509,14.1071825,-7.796132,23.519606,-30.449419,-36.486835,-6.608015,-10.040522,1.6442511,9.034682,-34.33555,30.92317,65.45689,-2.299251,-2.7881765,-2.0354128
429,-374.59625244140625,-398.4824523925781,66.90201568603516,2.262575874316063,-4.818360970464784,173.5994006488188,-6.9647703,-9.712561,11.878564,95.276245,-10.027948,-15.000033,-30.655622,1.8980117,-12.166416,70.24999,-36.93781,-15.000033,-16.457754,8.632761,14.675097,-5.884944,24.047619,-30.608812,-33.82165,-6.058536,-9.158749,2.3464308,6.888682,-34.626823,31.48658,64.235985,-2.307776,-2.7953684,-2.7783716
430,-375.1968078613281,-399.0736389160156,66.8569107055664,2.4720596613155834,-5.065203952349218,173.19892391629813,-8.02909,-8.4896145,11.170727,97.45385,-10.906844,-15.000033,-30.162615,1.4843043,-11.28464,71.01545,-37.732788,-14.373806,-15.759069,8.23365,14.991157,-4.5675764,24.527311,-31.073996,-30.255459,-4.7244177,-7.927284,3.6462686,5.1353865,-34.85001,31.497276,62.331707,-1.6576096,-2.958316,-3.810538
431,-375.7783508300781,-399.65228271484375,66.8963851928711,2.6606792376967445,-5.27728764642919,172.83937830831363,-9.116308,-7.1188464,10.350553,99.371956,-11.707875,-15.000033,-29.633133,1.0280157,-10.395936,71.540855,-38.355053,-13.545471,-14.976929,7.8692894,15.232784,-3.6813996,24.926687,-31.664997,-26.117199,-2.792822,-6.5522614,5.1063323,3.63291,-35.029278,31.121096,60.02714,-0.70259273,-3.1909938,-4.8696513
432,-376.3304138183594,-400.215087890625,66.99784851074219,2.7059922079967254,-5.527962605658379,172.34427574913227,-10.083871,-5.599609,9.38032,100.97258,-12.641232,-15.000033,-28.96494,0.82613003,-9.535687,71.7553,-38.76029,-12.76827,-14.088956,7.65263,15.5932455,-3.0343013,25.21446,-32.172783,-21.744299,-0.42030445,-5.259186,6.30497,2.2274008,-35.177597,30.543774,57.59705,0.20042616,-3.3887827,-5.6935716
433,-376.871826171875,-400.76593017578125,67.15604400634766,2.5536663283203,-5.837795366514833,171.61578811514332,-10.885079,-3.8320472,8.286713,102.243546,-13.779511,-15.000033,-28.128649,1.0132428,-8.663882,71.60665,-38.8852,-12.060211,-13.04759,7.665871,16.131449,-2.6193583,25.362152,-32.508625,-17.06996,3.079133,-3.947301,7.1385293,0.88511384,-35.295845,29.705147,54.988552,1.2190702,-3.5247695,-6.182787
434,-377.4119567871094,-401.34100341796875,67.37281036376953,2.23375786800431,-6.1638190823923305,170.7507947485122,-11.615787,-1.7728834,7.086808,103.23696,-15.024453,-15.000033,-27.18362,1.4767085,-7.788033,71.1177,-38.743793,-11.403521,-11.887837,7.8919997,16.726616,-2.500603,25.361494,-32.777733,-11.954286,7.5639763,-2.5223482,7.7679286,-0.35636246,-35.391884,28.58011,52.121723,2.4698398,-3.6485686,-6.48408
435,-377.9517822265625,-401.9227600097656,67.64028930664062,1.8208457605719661,-6.4933446043190735,169.9036424855371,-12.334173,0.4277417,5.76201,103.9591,-16.255981,-15.000033,-26.148342,2.0216534,-6.9788146,70.38774,-38.454716,-10.774669,-10.749121,8.218575,17.307156,-2.5837681,25.225468,-33.042286,-6.624192,11.653839,-1.2824932,8.259177,-1.5435487,-35.481377,27.417227,49.218334,3.5224185,-3.7553096,-6.7108746
436,-378.4809875488281,-402.490478515625,67.9313735961914,1.3963291265590319,-6.8093089232965465,169.23067983183245,-13.099407,2.5817056,4.2881594,104.4147,-17.37861,-15.000033,-25.045801,2.446291,-6.31188,69.517105,-38.14157,-10.147952,-9.7919445,8.513427,17.819395,-2.743481,24.989317,-33.330833,-1.3345963,13.968749,-0.54181623,8.762652,-2.7379034,-35.57648,26.498941,46.508232,3.9568815,-3.845555,-6.9786596
437,-379.001220703125,-403.0289306640625,68.25415802001953,0.9481052522922382,-7.128467575338903,168.76622354968026,-13.923284,4.6728773,2.6084566,104.62333,-18.370855,-15.000033,-23.841448,2.7445738,-5.81834,68.487076,-37.812088,-9.516322,-9.086896,8.749726,18.305414,-2.9116774,24.680336,-33.54935,3.9069695,13.772094,-0.6427654,9.362919,-3.9813175,-35.679474,25.932661,43.9756,3.4273734,-3.9009526,-7.3413653
438,-379.5008850097656,-403.5465087890625,68.58966827392578,0.45296257188803596,-7.4494315567606355,168.43531783876688,-14.796024,6.7921886,0.789186,104.57467,-19.28233,-15.000033,-22.545715,3.000408,-5.4427457,67.26623,-37.41144,-8.887224,-8.571458,8.974151,18.788843,-3.0980492,24.316853,-33.667103,9.157995,11.94309,-1.3772337,9.991077,-5.2561746,-35.782223,25.591614,41.52305,2.243649,-3.921332,-7.733015
439,-380.01983642578125,-404.13922119140625,68.96305847167969,0.5566739626497993,-7.685588825049537,168.40518114948068,-15.838088,9.124522,0.2452641,104.08174,-19.918398,-12.273704,-21.419489,2.3761716,-4.8616323,66.348595,-37.23783,-8.061403,-8.33506,8.591258,19.080458,-3.3232634,23.931084,-33.824596,14.278559,9.5219755,-2.222566,10.610174,-6.508034,-35.87356,25.380384,39.242706,0.9575543,-3.9418018,-8.092302
440,-380.5351257324219,-404.73065185546875,69.3585205078125,0.6963772431676106,-7.8518356344199995,168.45386105187245,-16.920069,11.334633,-0.13116632,103.262245,-20.577774,-9.528682,-20.33604,1.6475645,-4.3597918,65.34329,-37.03956,-7.255,-8.148536,8.180903,19.271065,-3.6133962,23.555847,-34.16451,19.11958,7.5290313,-2.6277957,11.247032,-7.6975513,-35.94773,25.206575,37.243206,0.11861064,-4.0061326,-8.353606
441,-381.0387268066406,-405.3290710449219,69.76840209960938,0.8847121925328314,-7.931158613142524,168.62095727451566,-18.06613,13.269954,-0.48410612,102.10509,-21.265589,-7.2692103,-19.304525,0.78041744,-3.9708421,64.24752,-36.828873,-6.48299,-8.031573,7.707511,19.354486,-4.0313253,23.210453,-34.74938,23.714714,5.8755827,-2.4218905,12.040665,-8.828791,-36.00179,25.071974,35.534412,-0.12674108,-4.1511216,-8.498413
442,-381.53985595703125,-405.8934631347656,70.19493103027344,1.1184136797594986,-7.947727341716132,168.90777629551994,-19.24333,14.959831,-0.79096085,100.62091,-21.948524,-5.3551817,-18.288628,-0.22028796,-3.6892471,63.049316,-36.604042,-5.732786,-8.002388,7.1568356,19.365973,-4.551259,22.899124,-35.503223,28.116209,4.113228,-1.9136162,12.959888,-9.908588,-36.03463,24.99742,34.05089,-0.07721833,-4.3502536,-8.559438
443,-382.0229187011719,-406.45538330078125,70.61842346191406,1.3742093555906498,-7.92393644215105,169.2230938883876,-20.341583,16.442001,-0.9658911,98.81053,-22.551054,-3.7213225,-17.283634,-1.2655857,-3.4521875,61.766758,-36.34542,-4.998001,-7.9925213,6.586821,19.316982,-5.0824323,22.626047,-36.359135,32.210598,2.717076,-1.2410884,13.813989,-10.894146,-36.04626,24.916245,32.7788,0.14265418,-4.5544925,-8.549962
444,-382.4913330078125,-407.0299072265625,71.03479766845703,1.6266482780880105,-7.8806650138427425,169.4753772570301,-21.248026,17.773453,-0.93683726,96.677986,-23.00223,-2.2994378,-16.2849,-2.265568,-3.195135,60.410404,-36.03023,-4.268492,-7.9260497,6.060532,19.219868,-5.53795,22.395056,-37.25852,35.874855,2.1705797,-0.517712,14.396163,-11.737015,-36.040592,24.754635,31.70215,0.4110712,-4.7142754,-8.483021
445,-382.9823913574219,-407.5882873535156,71.4670639038086,1.8684994006215145,-7.807625586533578,169.64680020636692,-21.945559,19.057178,-0.6552595,94.20544,-23.245462,-1.0457528,-15.298287,-3.1922772,-2.9014144,58.94842,-35.638035,-3.547672,-7.78459,5.5949593,19.072569,-5.93684,22.20956,-38.24688,39.108677,2.9809666,0.38794282,14.654125,-12.412655,-36.011196,24.449224,30.817398,0.8237258,-4.820057,-8.320494
446,-383.4911804199219,-408.1690673828125,71.90286254882812,2.1133507487256993,-7.697645763047808,169.78446422458055,-22.460075,20.255287,-0.15358216,91.40696,-23.317095,-0.003973593,-14.325339,-4.094462,-2.6032007,57.388775,-35.187065,-2.8373308,-7.602236,5.1536407,18.87384,-6.3226137,22.067709,-39.345848,41.98014,4.7671123,1.5003909,14.663843,-12.945121,-35.9588,24.042213,30.127184,1.4008551,-4.895329,-8.067018
447,-384.00115966796875,-408.7479248046875,72.3244857788086,2.3616792519961525,-7.575396636483965,169.89352083264464,-22.757801,21.237497,0.48304078,88.33148,-23.283463,0.7655998,-13.361144,-4.989586,-2.312199,55.79935,-34.70561,-2.1276731,-7.3886523,4.72803,18.637634,-6.6429424,21.96515,-40.452526,44.458324,6.689138,2.543331,14.421175,-13.356349,-35.905613,23.62461,29.618988,1.9046639,-4.941734,-7.801687
448,-384.49896240234375,-409.3328857421875,72.72933197021484,2.610007765062956,-7.465667537429403,169.97812894087593,-22.819672,21.889917,1.1452619,85.02687,-23.203665,1.215435,-12.39908,-5.8909135,-2.043088,54.245102,-34.22196,-1.4098972,-7.166461,4.318332,18.38242,-6.833196,21.903248,-41.445778,46.491127,7.9079595,3.2401435,13.962635,-13.680215,-35.88824,23.307608,29.277317,2.1092842,-4.963061,-7.604891
449,-385.0080261230469,-409.9218444824219,73.10920715332031,2.8679264255955608,-7.373376066356768,170.0129739130566,-22.624315,22.20553,1.8034151,81.45716,-23.1352,1.4624151,-11.438279,-6.8009033,-1.7825432,52.72545,-33.715164,-0.6854702,-6.9042177,3.930676,18.111784,-6.893022,21.880096,-42.359776,48.013836,8.108688,3.4762902,13.247588,-13.887966,-35.93382,23.091734,29.086643,1.8401622,-4.9446044,-7.510011
450,-385.5470886230469,-410.5170593261719,73.47169494628906,3.127102184391411,-7.285048459089892,170.00346449700154,-22.199055,22.292068,2.4726024,77.61485,-23.029837,1.529465,-10.479016,-7.702804,-1.5314637,51.20479,-33.176582,0.039863035,-6.6172633,3.578067,17.826084,-6.838452,21.902191,-43.215515,49.051445,7.7752275,3.4162173,12.285339,-13.97453,-36.048664,22.945765,29.034952,1.272229,-4.8889403,-7.471056
451,-386.1136779785156,-411.1076354980469,73.80442810058594,3.3574650623479516,-7.198266701586101,169.9996691363562,-21.614433,22.210752,3.0993772,73.587585,-22.773643,1.2362319,-9.518965,-8.583606,-1.3248616,49.70744,-32.65103,0.7709808,-6.3440404,3.2710917,17.531563,-6.6938753,21.961674,-43.94062,49.737907,7.251192,3.211891,11.214358,-13.925844,-36.23102,22.843596,29.07316,0.6788196,-4.827969,-7.441916
452,-386.6800842285156,-411.7038269042969,74.09569549560547,3.530699500097123,-7.111368972019868,170.05151621106236,-20.9329,22.006962,3.642765,69.43996,-22.245895,0.39338115,-8.554563,-9.431609,-1.1972927,48.254826,-32.180534,1.5138357,-6.1327,3.0191007,17.231487,-6.476215,22.044855,-44.450798,50.207977,6.8878994,3.0025861,10.174714,-13.743154,-36.472702,22.774399,29.165323,0.33242443,-4.794368,-7.3791637
453,-387.2642822265625,-412.306640625,74.34492492675781,3.637323979030266,-7.030282623996347,170.15416103063174,-20.10357,21.628376,4.0299373,65.02524,-21.421457,-1.2327559,-7.563555,-10.232262,-1.1501806,46.816315,-31.750883,2.2730205,-5.9864426,2.8336039,16.92612,-6.1535125,22.141306,-44.67551,50.42412,6.790435,2.7720156,9.133536,-13.426526,-36.77215,22.759638,29.331137,0.34171724,-4.799906,-7.277445
454,-387.8420715332031,-412.9073181152344,74.53958129882812,3.690732660606595,-6.954751369166608,170.28530717701383,-19.116459,21.098589,4.264119,60.326878,-20.374197,-3.443404,-6.549963,-10.989838,-1.1682103,45.387005,-31.343805,3.0447817,-5.8861365,2.7110798,16.610542,-5.7302723,22.248491,-44.670933,50.35085,6.767724,2.460041,8.04006,-12.987877,-37.12948,22.806602,29.594173,0.54997224,-4.8258896,-7.1594095
455,-388.4352722167969,-413.5224304199219,74.6859359741211,3.6991856349131726,-6.873767436793388,170.47009553091908,-18.086424,20.542086,4.4347134,55.59652,-19.111864,-5.8150105,-5.545735,-11.722891,-1.2643769,44.02455,-30.995724,3.8206902,-5.8433614,2.6355667,16.277308,-5.282193,22.362474,-44.549213,50.13183,6.7321978,2.1312685,7.0116735,-12.442182,-37.535347,22.877037,29.925179,0.8284049,-4.85921,-7.0237036
456,-389.0394287109375,-414.1354064941406,74.78243255615234,3.673257262118637,-6.7757841117636675,170.73483200778446,-17.137411,20.05696,4.6465755,51.109,-17.619207,-7.956064,-4.582591,-12.452592,-1.4522262,42.786797,-30.74448,4.5926104,-5.866368,2.5886695,15.917733,-4.892541,22.476473,-44.430145,49.91815,6.5972238,1.8532659,6.1654725,-11.79204,-37.974148,22.920803,30.289982,1.0426408,-4.8878474,-6.868412
457,-389.64593505859375,-414.76141357421875,74.82755279541016,3.5848085650492636,-6.639474707202581,171.0956009156637,-16.268627,19.672453,4.97989,46.761032,-15.684113,-9.925609,-3.6834793,-13.158536,-1.7589148,41.687263,-30.604853,5.356313,-5.962165,2.596564,15.495036,-4.5740824,22.581793,-44.3308,49.753094,6.3100843,1.6125131,5.5068974,-11.024842,-38.439266,22.929743,30.716883,1.1748736,-4.907393,-6.6771283
458,-390.24102783203125,-415.38604736328125,74.8133773803711,3.440506359098662,-6.47600267337281,171.53535915004082,-15.426262,19.300858,5.3402557,42.447254,-13.367745,-11.903673,-2.8227744,-13.837514,-2.1708927,40.693466,-30.553753,6.117182,-6.1181417,2.6582842,15.021757,-4.2992563,22.671745,-44.202847,49.57647,5.9280224,1.3848509,4.9826756,-10.130378,-38.930428,22.91223,31.211962,1.2827017,-4.9255157,-6.4559484
459,-390.83807373046875,-416.0189208984375,74.7388687133789,3.303404064026701,-6.323638495742178,172.03124855643605,-14.663756,18.874538,5.604537,38.46906,-11.057596,-13.690188,-1.9652503,-14.542011,-2.6402857,39.80455,-30.575504,6.8846645,-6.312501,2.7130287,14.562312,-4.093559,22.743584,-44.06997,49.38842,5.5312686,1.2203724,4.6224895,-9.134321,-39.440964,22.856413,31.723263,1.3531463,-4.947749,-6.2370014
460,-391.4491882324219,-416.66192626953125,74.620361328125,3.268781310037724,-6.217180214232802,172.57531585160342,-14.034608,18.303272,5.702885,35.126892,-9.137083,-15.000033,-1.086307,-15.373398,-3.122643,39.03789,-30.664461,7.6804123,-6.5344806,2.6636515,14.170191,-3.9830332,22.795938,-43.95948,49.18938,5.200217,1.1677954,4.4575124,-8.060526,-39.960594,22.74762,32.200733,1.3696164,-4.980148,-6.051706
461,-392.0606994628906,-417.3201599121094,74.46166229248047,3.474823518154646,-6.1397832336319125,173.21949148122744,-13.495786,17.376183,5.7844157,32.217762,-7.4368896,-15.000033,-0.19167222,-16.535433,-3.6436014,38.40098,-30.861423,8.5598955,-6.8267126,2.3723083,13.804065,-3.9766486,22.82696,-43.885395,48.98329,4.94912,1.2589741,4.532118,-6.897394,-40.483974,22.583775,32.625557,1.2969242,-5.0291805,-5.8929577
462,-392.67236328125,-417.9638977050781,74.25215911865234,3.684352234517698,-6.104237828368151,173.8872797700034,-13.068886,16.467808,5.6923842,29.810871,-5.909677,-15.000033,0.76304495,-17.695702,-4.2200584,37.80445,-31.108665,9.440538,-7.1258793,2.0709693,13.48725,-4.0587564,22.833551,-43.830647,48.772423,4.736867,1.4590981,4.8192534,-5.6457243,-41.00907,22.376638,33.03908,1.1518859,-5.09021,-5.7482595
463,-393.22943115234375,-418.58221435546875,74.119873046875,3.84601798951564,-6.132120954996058,174.55371181709245,-12.861781,15.653119,5.439366,28.313776,-4.9317594,-15.000033,1.7421834,-18.775873,-4.7997184,37.330288,-31.367058,10.299772,-7.4134126,1.8192408,13.264987,-4.2219667,22.81552,-43.776375,48.557888,4.5609937,1.7153018,5.243248,-4.3484077,-41.523533,22.135246,33.479458,0.99633265,-5.1527367,-5.644059
464,-393.7519226074219,-419.2110900878906,73.9620590209961,3.909206431165892,-6.243741141135437,175.1943867936948,-12.982382,14.982632,5.0435557,28.143127,-4.8814497,-15.000033,2.7068188,-19.70304,-5.324405,37.062782,-31.600414,11.114775,-7.6721964,1.6699729,13.1823015,-4.4547496,22.775448,-43.701405,48.33929,4.42055,1.9759858,5.727972,-3.047388,-42.008507,21.868322,33.98444,0.8855453,-5.20673,-5.607169
465,-394.293701171875,-419.8524475097656,73.7019271850586,3.829612661822129,-6.437898698388719,175.7841213958044,-13.649859,14.475732,4.461083,29.966969,-6.217069,-15.000033,3.6107602,-20.44169,-5.7594013,37.07742,-31.844662,11.894544,-7.8995285,1.6519691,13.236199,-4.744752,22.71622,-43.579758,48.09083,4.39504,2.2618937,6.2945523,-1.7898734,-42.476044,21.65183,34.553078,0.75451607,-5.2446895,-5.680083
466,-394.8193054199219,-420.4882507324219,73.3870620727539,3.6469646470738324,-6.702239211374793,176.3451826977069,-14.742838,14.04701,3.7138588,33.380848,-8.604781,-15.000033,4.473182,-21.04528,-6.12937,37.323357,-32.112495,12.642962,-8.114442,1.7235038,13.404015,-5.090614,22.640139,-43.417828,47.816498,4.458192,2.5905416,6.96869,-0.5642295,-42.928627,21.48031,35.182907,0.6030736,-5.2732472,-5.838295
467,-395.2872314453125,-421.0798645019531,73.07864379882812,3.464026467342109,-7.0377894475324325,176.93462926412218,-15.851338,13.554823,2.9461565,37.167213,-11.226869,-14.838742,5.353648,-21.616604,-6.4657507,37.703533,-32.34182,13.337268,-8.338299,1.7973303,13.6932,-5.504887,22.551037,-43.250755,47.569523,4.450257,2.9039042,7.6827545,0.68548435,-43.31589,21.22719,35.912407,0.57287604,-5.3054247,-6.006325
468,-395.702392578125,-421.648681640625,72.80824279785156,3.4337568302536936,-7.444206127987299,177.6275813602966,-16.577583,12.806726,2.3600004,40.11412,-13.264514,-14.119694,6.3166986,-22.327559,-6.8136888,38.126724,-32.470753,13.974887,-8.604858,1.7270496,14.094356,-6.005731,22.454117,-43.12118,47.411896,4.211179,3.1407366,8.37124,2.0130076,-43.553192,20.76031,36.797836,0.790558,-5.3568377,-6.1085267
469,-396.0979309082031,-422.1947326660156,72.58413696289062,3.447118306065342,-8.025680127258624,178.46966775526369,-16.823355,11.961009,1.7815353,42.11617,-14.590624,-13.6036,7.564628,-23.006945,-7.239966,38.4825,-32.466766,14.514894,-8.924353,1.578614,14.746709,-6.664402,22.360683,-43.07949,47.399715,3.6341612,3.238247,9.049363,3.4938173,-43.54374,19.927065,37.881924,1.2865435,-5.4521546,-6.1869693
470,-396.4723205566406,-422.6823425292969,72.39530944824219,3.4781147097554816,-8.749436582904428,179.41702370369674,-16.796492,11.041455,1.1926801,43.742516,-15.607251,-13.157676,9.005441,-23.6524,-7.703087,38.847385,-32.3664,14.974157,-9.263404,1.3481803,15.591461,-7.463283,22.27517,-43.11695,47.50835,2.8216968,3.2403944,9.742699,5.028967,-43.261044,18.856802,39.197536,1.9605024,-5.5815473,-6.2618146
471,-396.82757568359375,-423.13427734375,72.22943878173828,3.492819068439927,-9.43525110487286,-179.7142575725959,-16.637215,10.191353,0.71330965,45.063103,-16.453892,-12.760044,10.29821,-24.161802,-7.997871,39.28539,-32.160656,15.000033,-9.506384,1.1003687,16.399216,-8.266349,22.18654,-43.15829,47.672054,1.933774,3.2468684,10.402277,6.4051666,-42.74956,17.865114,40.77916,2.7448409,-5.707094,-6.227722
472,-397.20977783203125,-423.57525634765625,72.1061019897461,3.47582449978169,-9.903308248539544,-179.10665383079373,-16.493074,9.537776,0.46786538,46.160534,-17.279484,-12.378603,11.113398,-24.59245,-8.006554,39.872234,-31.8399,15.000033,-9.549433,0.9215012,16.948215,-8.938084,22.075615,-43.11335,47.829563,1.1319712,3.3602536,10.981767,7.4387345,-42.107998,17.258211,42.633953,3.58865,-5.786134,-5.984333
473,-397.5959777832031,-424.0190124511719,72.02488708496094,3.41198536266915,-10.086395345979902,-178.84505827685499,-16.39424,9.175019,0.5217109,47.03725,-18.138617,-12.007607,11.327096,-24.894577,-7.6157303,40.611267,-31.372755,15.000033,-9.343278,0.88995725,17.172176,-9.438748,21.921846,-42.941105,47.97198,0.44304192,3.643621,11.459072,8.09441,-41.40914,17.085863,44.833916,4.704892,-5.7884345,-5.4254274
474,-397.97344970703125,-424.458984375,71.98522186279297,3.320368806431486,-10.087877335836993,-178.82067852656866,-16.27171,9.021056,0.79417014,47.66316,-18.953205,-11.654587,11.121707,-25.094524,-6.928261,41.47302,-30.777214,15.000033,-8.977013,0.9674132,17.197102,-9.833394,21.718916,-42.663692,48.13143,-0.20661142,4.030327,11.864009,8.490046,-40.666145,17.207867,47.308926,6.078445,-5.7231517,-4.630833
475,-398.34320068359375,-424.89520263671875,71.9889907836914,3.235236816776856,-9.973842886482169,-178.92746279509348,-16.125628,8.9465685,1.1883949,48.065563,-19.666866,-11.310306,10.610607,-25.279509,-6.097862,42.482357,-30.115686,15.000033,-8.544577,1.07124,17.094744,-10.149882,21.47399,-42.29577,48.302483,-0.80863225,4.4321275,12.22841,8.696715,-39.90111,17.616642,49.845886,7.323418,-5.6163597,-3.7811553
476,-398.698486328125,-425.32257080078125,72.0337142944336,3.1854801812719944,-9.813060011173887,-179.05918103231681,-15.955661,8.83163,1.6009784,48.265247,-20.220135,-10.974505,9.903899,-25.472555,-5.2558575,43.656654,-29.453611,14.620986,-8.154749,1.1189579,16.937572,-10.395774,21.205238,-41.83591,48.461376,-1.3521442,4.760223,12.580898,8.758345,-39.139027,18.328592,52.24813,8.059668,-5.5129433,-3.053764
477,-399.0292053222656,-425.7296447753906,72.11380004882812,3.2014057401352267,-9.571900636002031,-179.2436226589854,-15.766803,8.660028,2.0695648,48.218845,-20.58558,-10.655397,8.89733,-25.695267,-4.3583555,45.085556,-28.74905,13.57334,-7.801286,1.0883116,16.706287,-10.52488,20.919794,-41.205467,48.541195,-1.8035392,5.018399,12.92735,8.620945,-38.40151,19.446949,54.578373,8.195012,-5.44387,-2.4555218
478,-399.3499755859375,-426.1176452636719,72.2462387084961,3.2599163962970747,-9.229778561274836,-179.51852713794136,-15.555525,8.49389,2.6269565,47.930645,-20.80161,-10.3512945,7.579568,-25.932018,-3.380416,46.718014,-27.974638,12.176338,-7.4547653,1.0253402,16.378523,-10.520831,20.619791,-40.411674,48.53879,-2.1761959,5.2473035,13.249452,8.26706,-37.6931,20.941013,56.906223,7.9465585,-5.388269,-1.8980721
479,-399.6517028808594,-426.48095703125,72.41471099853516,3.3066062346339207,-8.872834663170579,-179.79488304363258,-15.308424,8.339909,3.16113,47.493855,-20.909407,-10.053713,6.1864066,-26.111483,-2.4645104,48.381866,-27.219925,10.605954,-7.1759057,0.9577233,16.027939,-10.447989,20.323984,-39.601032,48.521942,-2.537343,5.412824,13.538974,7.826556,-37.00273,22.595345,59.022686,7.3856435,-5.322844,-1.4119533
480,-399.94561767578125,-426.8130187988281,72.61131286621094,3.288583506702544,-8.586563072936402,-179.98424455281918,-15.011503,8.204141,3.560138,47.003708,-20.951593,-9.75379,4.9573717,-26.168077,-1.7475746,49.913483,-26.58424,9.034567,-7.005481,0.9156772,15.732174,-10.38302,20.06154,-38.93693,48.555,-2.9566357,5.4814787,13.788397,7.46717,-36.313007,24.16469,60.69809,6.571197,-5.22455,-1.0285339
481,-400.2127685546875,-427.12225341796875,72.82345581054688,3.185376163113911,-8.402249892902127,179.95367630816642,-14.656775,8.082447,3.7707474,46.4763,-20.926128,-9.444976,3.9424956,-26.124557,-1.3335203,51.35993,-26.064362,7.2736335,-6.9556265,0.9108886,15.525444,-10.34638,19.856932,-38.470905,48.64926,-3.5042617,5.4114223,13.993287,7.2546296,-35.61492,25.638926,61.84982,5.2998266,-5.054488,-0.7619223
482,-400.46588134765625,-427.3961486816406,73.04495239257812,3.0286501859124746,-8.271561637160122,179.96593304366672,-14.25175,7.9720545,3.862947,45.86335,-20.816862,-9.136618,3.0200438,-26.014887,-1.1333944,52.784496,-25.621502,5.302828,-6.9888425,0.92456883,15.368179,-10.292214,19.71712,-38.128365,48.741577,-4.132818,5.2342415,14.155338,7.1158485,-34.907944,27.103178,62.598255,3.6003642,-4.83919,-0.5890975
483,-400.7216796875,-427.6529235839844,73.28426361083984,2.8441083229791815,-8.163073911848961,-179.99913274876727,-13.805431,7.8842387,3.90765,45.16334,-20.644653,-8.84444,2.1770022,-25.782001,-0.97760046,54.051285,-25.304558,3.5549712,-7.068063,0.944988,15.2286625,-10.204959,19.644264,-37.88544,48.793583,-4.737307,5.0253477,14.277479,7.0220904,-34.18979,28.447636,63.00888,1.8740342,-4.6502266,-0.49174204
484,-400.97039794921875,-427.87567138671875,73.54011535644531,2.6568732318109767,-8.04625969732996,-179.9927105492016,-13.329687,7.829039,3.9747806,44.379,-20.430927,-8.583169,1.402484,-25.357338,-0.68563503,55.024887,-25.158768,2.4723184,-7.1416993,0.96187884,15.078055,-10.084615,19.634853,-37.736317,48.777233,-5.2151194,4.860415,14.365751,6.9662914,-33.462967,29.53361,63.121223,0.51430833,-4.5529523,-0.45882908
485,-401.2064514160156,-428.0865783691406,73.8039321899414,2.4593802657401436,-7.921901976181099,179.99602061758574,-12.823254,7.8103156,4.0541015,43.50123,-20.171999,-8.369305,0.7495088,-24.683529,-0.23087877,55.62583,-25.293604,2.3151114,-7.208922,0.98174274,14.915912,-9.945087,19.688076,-37.714478,48.70282,-5.5677876,4.7588086,14.422354,6.9869337,-32.732742,30.292564,62.82953,-0.41082087,-4.589373,-0.5012202
486,-401.422119140625,-428.28497314453125,74.07562255859375,2.2436509797468736,-7.804424313804159,179.98665552097495,-12.282563,7.8171253,4.120774,42.531715,-19.859274,-8.194385,0.20632263,-23.808554,0.3063997,55.949604,-25.664665,2.8025038,-7.2832155,1.0093213,14.760214,-9.78986,19.803373,-37.82281,48.582,-5.843054,4.6814165,14.445342,7.08811,-32.003838,30.789043,62.132793,-1.1064626,-4.714451,-0.6252516
487,-401.6240234375,-428.48046875,74.35497283935547,2.033024904930043,-7.682496558899806,179.94039743885128,-11.709988,7.8399177,4.2222958,41.482544,-19.503035,-8.035141,-0.32979217,-22.802681,0.94338655,56.123737,-26.084036,3.5638447,-7.3388534,1.0336598,14.60921,-9.603931,19.973665,-38.00681,48.392784,-6.007714,4.61552,14.435389,7.2045865,-31.278511,31.097,61.223858,-1.5786467,-4.8600554,-0.81403935
488,-401.8271789550781,-428.66796875,74.63703155517578,1.8501040990683533,-7.545257313858141,179.81792410975865,-11.107011,7.8727694,4.4048963,40.36866,-19.115742,-7.865793,-0.9579889,-21.728102,1.7008338,56.271496,-26.351816,4.2353706,-7.351882,1.0443584,14.458883,-9.373797,20.188538,-38.209377,48.118683,-6.0278506,4.5478716,14.393307,7.2658286,-30.556604,31.29583,60.307495,-1.8303583,-4.962136,-1.0493419
489,-402.01483154296875,-428.8464660644531,74.9227523803711,1.7035538149421772,-7.391764344209311,179.59039416259125,-10.453379,7.92074,4.6959333,39.168884,-18.68712,-7.66834,-1.711664,-20.545528,2.665294,56.416832,-26.396463,4.7779074,-7.3113713,1.0404556,14.307933,-9.094289,20.443655,-38.43082,47.75106,-5.8552475,4.4792476,14.310462,7.2589703,-29.83388,31.35948,59.379414,-1.7610543,-5.0022907,-1.3511032
490,-402.2004089355469,-429.0238037109375,75.21027374267578,1.5802179847796214,-7.227664653909481,179.28484213017927,-9.753938,7.983595,5.0665927,37.884857,-18.215324,-7.458835,-2.5214765,-19.23741,3.7931294,56.495308,-26.333046,5.3687444,-7.233505,1.0250415,14.156109,-8.778518,20.738195,-38.694725,47.311836,-5.519004,4.4143515,14.190011,7.2105627,-29.110035,31.26758,58.35701,-1.4007158,-5.0192456,-1.7209778
491,-402.3779296875,-429.1888732910156,75.48889923095703,1.4696458725961876,-7.0526091111663325,178.94655895338684,-9.052173,8.049661,5.4754944,36.573105,-17.72861,-7.2589993,-3.3350704,-17.900694,4.9177394,56.493156,-26.230919,5.975576,-7.1387777,0.9962573,14.000091,-8.4346075,21.064667,-38.973484,46.827988,-5.0994196,4.345593,14.050489,7.1101894,-28.390974,31.107576,57.32982,-0.94992614,-5.0325694,-2.112047
492,-402.53790283203125,-429.34173583984375,75.75019836425781,1.3610487955394466,-6.865563021704988,178.6206298005654,-8.389288,8.108932,5.8805804,35.283726,-17.251152,-7.0908837,-4.1115065,-16.63291,5.877025,56.394497,-26.154697,6.5604806,-7.054812,0.95376444,13.835694,-8.067506,21.412941,-39.230812,46.328083,-4.674867,4.2649937,13.910097,6.9418178,-27.683832,30.977137,56.39187,-0.6057273,-5.059166,-2.477198
493,-402.6920166015625,-429.4859924316406,76.00077056884766,1.2453552889424548,-6.652923000453521,178.29934925504818,-7.782693,8.179807,6.284492,34.020817,-16.78228,-6.961652,-4.877185,-15.398974,6.721816,56.195274,-26.12181,7.1391253,-6.9856195,0.9103676,13.648941,-7.669654,21.776966,-39.452114,45.817596,-4.2329435,4.1621337,13.770812,6.6966763,-26.989113,30.880226,55.558395,-0.36285886,-5.106541,-2.8131142
494,-402.8393859863281,-429.62774658203125,76.23393249511719,1.1303344177599453,-6.419825115837255,177.965443120877,-7.2077155,8.262114,6.7036233,32.75878,-16.309227,-6.856476,-5.6456914,-14.171371,7.51181,55.90012,-26.094587,7.7197747,-6.9220147,0.863354,13.444701,-7.2431326,22.154913,-39.652798,45.290943,-3.7408488,4.0427103,13.62469,6.3818984,-26.306166,30.776415,54.78504,-0.1338374,-5.16428,-3.1418097
495,-402.98760986328125,-429.7608337402344,76.45199584960938,1.0308880911342264,-6.192674941143303,177.6492235665294,-6.645612,8.320976,7.114924,31.51152,-15.843549,-6.7642746,-6.3684793,-13.061792,8.103032,55.505264,-26.05311,8.250777,-6.8718886,0.79070026,13.246721,-6.8067956,22.542433,-39.839657,44.759033,-3.2454343,3.9238133,13.473479,6.0084376,-25.64156,30.69995,54.073086,0.011307681,-5.2181168,-3.4536242
496,-403.1249084472656,-429.8794250488281,76.64915466308594,0.9617604925524063,-5.997387782215664,177.38076672655512,-6.0749044,8.322514,7.494908,30.287209,-15.39493,-6.6752486,-7.004818,-12.182386,8.355587,55.0086,-25.976086,8.680637,-6.846529,0.67290425,13.078864,-6.3763924,22.933914,-40.0159,44.23117,-2.7925663,3.8224916,13.318567,5.5881944,-25.004822,30.688793,53.42151,0.004593363,-5.253448,-3.738114
497,-403.26385498046875,-430.002685546875,76.82916259765625,0.9208787167568948,-5.838869665146601,177.1722569722992,-5.4915996,8.267322,7.83345,29.080578,-14.961452,-6.5895243,-7.5624995,-11.554586,8.238916,54.430466,-25.861956,8.995552,-6.863977,0.51063204,12.942175,-5.9442453,23.32558,-40.174812,43.705044,-2.3625166,3.7466369,13.148903,5.1231246,-24.401594,30.749548,52.825943,-0.21313487,-5.264777,-3.982724
498,-403.4089660644531,-430.11663818359375,76.98836517333984,0.9022803388233861,-5.703215466214513,177.0061493616317,-4.906891,8.173452,8.14235,27.88977,-14.540224,-6.508687,-8.065593,-11.121301,7.8310328,53.764896,-25.717142,9.2241955,-6.914606,0.3164626,12.825473,-5.5075073,23.715742,-40.315407,43.18092,-1.9404987,3.685344,12.967387,4.613559,-23.83279,30.862621,52.280495,-0.5902173,-5.258205,-4.195096
499,-403.5346374511719,-430.2157897949219,77.12765502929688,0.9135693256052115,-5.587801050492313,176.86837623487662,-4.327131,8.037689,8.427987,26.730284,-14.135509,-6.428074,-8.498819,-10.875039,7.151747,52.968193,-25.529879,9.375594,-6.96746,0.090053946,12.734585,-5.090707,24.101156,-40.44997,42.67291,-1.5792911,3.6282048,12.795627,4.0693617,-23.300608,31.0284,51.778873,-1.0262201,-5.2353787,-4.395574
500,-403.6466064453125,-430.3125,77.24227905273438,0.9623734644634079,-5.489939192567398,176.7449635067744,-3.7556126,7.853264,8.698366,25.608778,-13.750651,-6.3416944,-8.843197,-10.806442,6.2200527,51.99506,-25.288322,9.46071,-6.9918623,-0.16915959,12.6752405,-4.7209764,24.477324,-40.592896,42.197742,-1.3328502,3.5655231,12.655064,3.5018282,-22.808022,31.24594,51.314278,-1.42255,-5.198418,-4.604039
501,-403.75494384765625,-430.4029846191406,77.34326171875,1.0493524761163069,-5.410314834238961,176.6413948204786,-3.1962957,7.61743,8.945711,24.524582,-13.380296,-6.2401986,-9.103277,-10.975661,4.9330554,50.879658,-25.035076,9.445562,-6.986917,-0.4628129,12.655999,-4.4113293,24.84103,-40.746292,41.75372,-1.2357208,3.492763,12.557596,2.9069874,-22.358143,31.520443,50.880013,-1.7957456,-5.141424,-4.8130217
502,-403.8582458496094,-430.494873046875,77.4268798828125,1.1693105531342192,-5.349273771505227,176.56193691836327,-2.6457329,7.3364277,9.167859,23.470829,-13.023132,-6.127744,-9.270512,-11.355941,3.3084815,49.633884,-24.764065,9.344148,-6.9655666,-0.78628,12.671742,-4.149639,25.189875,-40.905823,41.339314,-1.2521538,3.4159129,12.489574,2.287916,-21.950495,31.848372,50.474113,-2.1841588,-5.0649776,-5.015075
503,-403.96185302734375,-430.5775146484375,77.49275970458984,1.3218213889066557,-5.304243435372922,176.4907519006676,-2.1015775,7.020398,9.379136,22.459948,-12.691929,-6.0231924,-9.317356,-11.80602,1.5489947,48.1834,-24.389704,9.235758,-6.9155045,-1.1325678,12.707901,-3.927756,25.519873,-41.07837,40.97419,-1.3302368,3.3420033,12.435291,1.6594163,-21.583372,32.22096,50.104744,-2.5174184,-4.9822955,-5.231017
504,-404.0687561035156,-430.65789794921875,77.53457641601562,1.5058151811848894,-5.272194773966394,176.41208737447118,-1.5600075,6.6778703,9.594399,21.499655,-12.395829,-5.946119,-9.228815,-12.188116,-0.13672294,46.44926,-23.823374,9.194063,-6.8243833,-1.4935328,12.750133,-3.7404313,25.825401,-41.273293,40.681156,-1.419972,3.2775617,12.379469,1.0385426,-21.253536,32.62803,49.778767,-2.7260087,-4.9072304,-5.482079
505,-404.1806335449219,-430.730712890625,77.5599365234375,1.739545714860568,-5.2567161948569066,176.31840596905806,-1.0077364,6.289225,9.825139,20.58124,-12.138907,-5.906659,-8.953998,-12.516073,-1.7832263,44.257904,-22.951344,9.426217,-6.6818933,-1.8862698,12.795159,-3.5919182,26.102104,-41.497814,40.47142,-1.5273118,3.2169092,12.314867,0.42991656,-20.960442,33.0704,49.49308,-2.800554,-4.8439703,-5.8000455
506,-404.29266357421875,-430.7951354980469,77.5661392211914,2.0149101685850868,-5.257259123972734,176.21944834264085,-0.45039272,5.8584323,10.058792,19.699337,-11.9122095,-5.894059,-8.518887,-12.832254,-3.4682193,41.697468,-21.846642,9.828631,-6.4957566,-2.3046327,12.850485,-3.490003,26.347229,-41.75043,40.340065,-1.6733825,3.1586885,12.250888,-0.17454161,-20.703585,33.553516,49.246674,-2.7745304,-4.786091,-6.1652007
507,-404.4129943847656,-430.86260986328125,77.55569458007812,2.2923747407848816,-5.265165401210836,176.12502977540757,0.08915483,5.4300094,10.275617,18.873165,-11.713349,-5.8971076,-8.037755,-13.065239,-5.0426855,39.084522,-20.710186,10.000728,-6.2796516,-2.7089465,12.916466,-3.430797,26.556911,-42.022728,40.28471,-1.8253492,3.1163561,12.198138,-0.77825665,-20.47866,34.070316,49.054,-2.6463912,-4.73246,-6.5218287
508,-404.5435791015625,-430.93377685546875,77.5333251953125,2.532647933944671,-5.271814172647022,176.04448781350376,0.585151,5.0490375,10.45815,18.127033,-11.54112,-5.9034014,-7.6379304,-13.166841,-6.362555,36.757706,-19.756485,9.539408,-6.046122,-3.0603042,12.992224,-3.4122717,26.726734,-42.307907,40.306034,-1.9504976,3.1027677,12.166849,-1.3880017,-20.279573,34.61455,48.933407,-2.413412,-4.681975,-6.814881
509,-404.6929016113281,-431.0069580078125,77.50479125976562,2.7123320031646587,-5.272161626459643,175.98523350560643,1.0143967,4.747763,10.597425,17.502163,-11.418404,-5.9272633,-7.386967,-13.070113,-7.4323545,34.736523,-19.0176,7.9623823,-5.7932544,-3.3364751,13.072432,-3.4493883,26.853786,-42.623444,40.41113,-2.0379987,3.1287332,12.168466,-2.0055285,-20.102936,35.185707,48.89385,-2.056073,-4.630339,-7.0415406
510,-404.8218688964844,-431.0643310546875,77.4779052734375,2.848989657659434,-5.270242225900225,175.9391330353027,1.3894912,4.506966,10.706077,16.985613,-11.343954,-5.97016,-7.262152,-12.862566,-8.318395,32.965805,-18.420876,5.58464,-5.5139966,-3.5545697,13.157264,-3.543087,26.935404,-42.96796,40.605072,-2.10494,3.1844602,12.195488,-2.6313155,-19.947638,35.785664,48.929882,-1.5833389,-4.5808387,-7.228482
511,-404.93994140625,-431.1149597167969,77.46370697021484,2.9707311865284596,-5.272465895030368,175.89286618965482,1.740809,4.288541,10.799638,16.521238,-11.282369,-6.0008664,-7.219109,-12.692555,-8.9766655,31.611076,-18.018524,3.2208545,-5.215167,-3.74203,13.253336,-3.671498,26.967775,-43.306484,40.8866,-2.1639638,3.2530067,12.229533,-3.2737727,-19.811642,36.414368,49.04246,-1.0367273,-4.5429497,-7.364725
512,-405.0581359863281,-431.1368408203125,77.50806427001953,3.117751995923446,-5.2877874261718265,175.83549078621795,2.112221,4.0368133,10.893147,16.032274,-11.190181,-5.9862294,-7.1396666,-12.66194,-9.35592,30.695774,-17.836983,1.7190949,-4.906239,-3.938237,13.368708,-3.8100014,26.948002,-43.602512,41.25337,-2.226586,3.3167298,12.2515955,-3.9380538,-19.689997,37.07192,49.228554,-0.45774376,-4.525092,-7.439362
513,-405.187744140625,-431.17303466796875,77.50237274169922,3.3602293609082614,-5.332003806253748,175.76465019173602,2.5352225,3.6653137,10.9918375,15.483778,-11.045819,-5.8967104,-6.9492135,-12.843898,-9.304376,30.292276,-17.963806,1.5012755,-4.5764303,-4.2159624,13.50881,-3.9796717,26.880125,-43.877052,41.717426,-2.2709,3.3614366,12.234995,-4.620727,-19.578192,37.75457,49.475246,0.1543453,-4.539488,-7.4423633
514,-405.3084411621094,-431.2137145996094,77.45825958251953,3.6647913655572193,-5.396983670676669,175.687013237973,2.9893737,3.2167609,11.0861225,14.907485,-10.869336,-5.756893,-6.701706,-13.163869,-8.886663,30.28037,-18.306784,2.067212,-4.225706,-4.5415826,13.6699295,-4.1810174,26.765676,-44.137085,42.272915,-2.2984598,3.3999143,12.196833,-5.3230276,-19.473614,38.46292,49.78988,0.81688136,-4.576781,-7.381927
515,-405.4109191894531,-431.2455749511719,77.44022369384766,3.9209531861956126,-5.457577827095945,175.60664954267844,3.433656,2.8235276,11.169957,14.340372,-10.6858835,-5.613097,-6.4389977,-13.4798975,-8.37135,30.34497,-18.613785,2.887447,-3.883111,-4.8000627,13.844132,-4.3600216,26.596018,-44.32647,42.89571,-2.357315,3.4555418,12.183465,-6.0587077,-19.373598,39.2082,50.203518,1.5156518,-4.6120024,-7.274438
516,-405.4967956542969,-431.28466796875,77.45869445800781,4.02223678287892,-5.489986902215234,175.52852544011643,3.82846,2.6132011,11.240519,13.815193,-10.517027,-5.510769,-6.1657987,-13.60959,-8.034589,30.154888,-18.662886,3.4350848,-3.5815315,-4.8805633,14.020413,-4.4636497,26.356348,-44.386642,43.568806,-2.4924197,3.5510592,12.240697,-6.8451943,-19.275696,40.007137,50.75221,2.2379725,-4.6203547,-7.137161
517,-405.57855224609375,-431.3348693847656,77.51299285888672,3.9058792589374183,-5.4961660231473966,175.43625342515497,4.1664867,2.6618714,11.310118,13.355268,-10.375606,-5.4648995,-5.853626,-13.439992,-7.9373016,29.612003,-18.372349,3.5703435,-3.3238525,-4.712508,14.220408,-4.4779515,26.028208,-44.276527,44.313385,-2.734669,3.6686847,12.392577,-7.7224026,-19.18038,40.891075,51.49101,3.0240874,-4.621434,-6.9700036
518,-405.6710205078125,-431.3977355957031,77.59430694580078,3.642015285342235,-5.4873474557682265,175.33288034144243,4.459807,2.8860507,11.379076,12.951662,-10.25222,-5.450678,-5.493993,-13.082213,-7.9375296,28.895664,-17.879004,3.5706973,-3.0967224,-4.3681326,14.436537,-4.4388533,25.604893,-44.03644,45.150623,-3.0496817,3.8020802,12.610557,-8.671596,-19.08512,41.848164,52.389378,3.8684793,-4.6176233,-6.7661486
519,-405.7779235839844,-431.4627685546875,77.67977905273438,3.324789099116378,-5.454299603109736,175.25331935907792,4.713873,3.1676087,11.427666,12.559174,-10.127457,-5.450785,-5.098846,-12.663055,-8.012426,28.074081,-17.306648,3.5414195,-2.9065342,-3.955128,14.6139555,-4.3694715,25.093416,-43.737373,46.060875,-3.3885634,3.9914224,12.862568,-9.620071,-18.982656,42.824776,53.35949,4.686049,-4.560072,-6.534054
520,-405.9109191894531,-431.5323486328125,77.76285552978516,3.0479595320840605,-5.386553549265717,175.23262666154622,4.932884,3.390454,11.434975,12.138184,-9.984259,-5.4468427,-4.687179,-12.314056,-8.136454,27.215916,-16.777851,3.5893538,-2.7591016,-3.5833237,14.699012,-4.2871885,24.510681,-43.45032,47.01394,-3.7017314,4.278341,13.117215,-10.49891,-18.86462,43.76704,54.32067,5.3908052,-4.4017797,-6.2832007
521,-406.05047607421875,-431.59527587890625,77.8388442993164,2.8345700954589863,-5.270625843462332,175.28932993359953,5.110704,3.5237556,11.387001,11.670244,-9.810892,-5.4290137,-4.280613,-12.083929,-8.304477,26.340246,-16.32192,3.7549458,-2.6669667,-3.282046,14.670574,-4.160496,23.860426,-43.120552,48.0271,-4.0726113,4.678877,13.386433,-11.303225,-18.724874,44.679523,55.307842,6.0064306,-4.1194115,-5.990666
522,-406.1861877441406,-431.6501159667969,77.91070556640625,2.6354832293456156,-5.114771826102462,175.40137313313545,5.2467613,3.6317966,11.296557,11.183462,-9.621094,-5.406779,-3.8682578,-11.903386,-8.525888,25.408573,-15.876514,3.973756,-2.6240327,-2.9963787,14.55921,-3.9880106,23.14222,-42.739285,49.097363,-4.497405,5.1696177,13.682143,-12.073125,-18.562637,45.589714,56.36268,6.5614634,-3.74287,-5.661909
523,-406.3180847167969,-431.6927490234375,77.9747543334961,2.4368072407712043,-4.9411077783750725,175.54290363774064,5.3573694,3.740873,11.183056,10.699923,-9.431998,-5.3905153,-3.4271758,-11.726707,-8.79592,24.408773,-15.427621,4.192606,-2.604224,-2.70924,14.3919935,-3.830521,22.376308,-42.446445,50.159313,-4.799741,5.73412,13.971324,-12.795162,-18.378614,46.463497,57.400047,6.9707704,-3.3058584,-5.347659
524,-406.46124267578125,-431.728515625,78.03832244873047,2.223989196015472,-4.771759783532996,175.68823683872367,5.459941,3.8769202,11.066144,10.24247,-9.262397,-5.390719,-2.9321637,-11.507087,-9.110433,23.324835,-14.95836,4.3594604,-2.574044,-2.404803,14.199484,-3.7454052,21.598444,-42.38467,51.138462,-4.8092456,6.358215,14.217929,-13.452549,-18.177069,47.254288,58.326267,7.147201,-2.8439188,-5.095465
525,-406.60284423828125,-431.76025390625,78.09989166259766,1.9869484355385645,-4.593835062530869,175.84196280279855,5.5285845,4.0547495,10.94201,9.829553,-9.117602,-5.4107013,-2.3902483,-11.231568,-9.492077,22.140219,-14.4664955,4.440952,-2.524397,-2.0811048,13.976051,-3.727689,20.834845,-42.567566,52.004395,-4.4430456,7.135441,14.438877,-14.041664,-17.963814,47.956535,59.110115,7.0221996,-2.3275447,-4.8938375
526,-406.74652099609375,-431.7842102050781,78.16320037841797,1.7342638804016375,-4.401950266913288,176.01399222274347,5.558377,4.263483,10.801237,9.461229,-8.996826,-5.443693,-1.8150262,-10.9316225,-9.931423,20.866756,-13.9652405,4.46372,-2.4685788,-1.7488725,13.717353,-3.7304652,20.095802,-42.92424,52.763763,-3.8113515,8.045732,14.63448,-14.569289,-17.74311,48.58404,59.79054,6.6562967,-1.7531219,-4.719726
527,-406.8914489746094,-431.80126953125,78.222900390625,1.4793406935690514,-4.229740166193187,176.18687482307382,5.611678,4.4843826,10.657409,9.100926,-8.890731,-5.4862595,-1.2011579,-10.62316,-10.3750925,19.556242,-13.458987,4.467092,-2.4066098,-1.4146425,13.456837,-3.7399962,19.396544,-43.463295,53.390427,-3.0284448,8.904405,14.744325,-15.028005,-17.515703,49.11506,60.36759,6.158862,-1.1941049,-4.6038995
528,-407.0372619628906,-431.8145751953125,78.27391052246094,1.2359351385895223,-4.111705204966111,176.3435087646213,5.7524548,4.695079,10.525719,8.708065,-8.790533,-5.5359035,-0.53047943,-10.316418,-10.77369,18.244244,-12.949316,4.4961686,-2.336341,-1.0873485,13.228427,-3.7468312,18.754984,-44.198833,53.858444,-2.2105954,9.524836,14.715007,-15.411762,-17.282225,49.524963,60.844715,5.6372194,-0.7227854,-4.5797234
529,-407.1867980957031,-431.8282470703125,78.31681823730469,0.9989865209633427,-4.0589909601257235,176.4850378086997,5.979738,4.9020357,10.404651,8.309411,-8.712318,-5.599372,0.2240969,-9.994694,-11.131966,16.91193,-12.426879,4.567404,-2.2620652,-0.76363915,13.038059,-3.7523751,18.19011,-45.212204,54.137535,-1.316879,9.874945,14.521317,-15.71419,-17.04404,49.808746,61.211727,5.023748,-0.35335842,-4.6671953
530,-407.3286437988281,-431.8340759277344,78.35160064697266,0.751127643080099,-4.052074342481172,176.62327446331122,6.182437,5.139508,10.276771,8.085551,-8.74473,-5.67807,1.045886,-9.644561,-11.47541,15.550255,-11.893143,4.6518865,-2.1867502,-0.43441927,12.872198,-3.746389,17.709087,-46.471226,54.223774,-0.3124887,10.046102,14.196777,-15.940052,-16.80391,49.977516,61.46361,4.2954526,-0.046913195,-4.8444953
531,-407.4808654785156,-431.84881591796875,78.37106323242188,0.48539256245484264,-4.079114477411877,176.75829151841884,6.238564,5.433,10.128961,8.26863,-9.003439,-5.7658734,1.9063181,-9.269074,-11.793551,14.181921,-11.362587,4.7348,-2.1124296,-0.094595775,12.734132,-3.7043853,17.306986,-47.81274,54.13368,0.68076235,10.035592,13.784071,-16.094711,-16.562485,50.028286,61.6079,3.6189888,0.20479967,-5.086496
532,-407.6510314941406,-431.8681335449219,78.38365936279297,0.24338267514508158,-4.136743633352244,176.8768525546907,6.3364434,5.702357,9.994218,8.447949,-9.265636,-5.8474975,2.8019314,-8.912164,-12.060002,12.79088,-10.825257,4.8093166,-2.0313659,0.21435173,12.632945,-3.6068463,16.973179,-49.069164,53.892563,1.5437558,9.842322,13.32732,-16.189379,-16.317965,49.96697,61.66,3.1659563,0.40717405,-5.370142
533,-407.81231689453125,-431.8817138671875,78.38796997070312,0.013111079277333444,-4.245389728174409,176.98769981192484,6.489375,5.962232,9.859857,8.644179,-9.546916,-5.9284167,3.8415422,-8.533998,-12.288871,11.204771,-10.192419,4.8878174,-1.9586202,0.507468,12.583555,-3.4490302,16.70536,-50.247272,53.476524,2.3021429,9.385933,12.791453,-16.22034,-16.066225,49.77308,61.617878,2.971156,0.5517295,-5.7198195
534,-407.9610290527344,-431.882080078125,78.37672424316406,-0.12004923400803391,-4.381200731892609,177.06986217030465,6.730126,6.105865,9.762378,8.735049,-9.78443,-5.999672,4.546621,-8.324822,-12.389335,10.387657,-9.961597,4.9975,-1.8712782,0.69769055,12.550683,-3.247268,16.507208,-51.417652,52.889984,2.9972694,8.6916065,12.174432,-16.185432,-15.803238,49.456192,61.479607,2.9483647,0.63783526,-6.139902
535,-408.1253662109375,-431.8824157714844,78.35264587402344,-0.16597487727164667,-4.507776535240137,177.11147961538566,7.012186,6.145903,9.716647,8.728327,-9.969836,-6.05718,4.9086857,-8.271608,-12.383176,10.256793,-10.085004,5.121583,-1.7580695,0.79317755,12.512632,-3.0128117,16.371004,-52.50166,52.197838,3.5369143,7.921482,11.567981,-16.110678,-15.529518,49.07619,61.27295,3.087726,0.67948234,-6.5779963
536,-408.2735595703125,-431.8890075683594,78.32771301269531,-0.18352493695847594,-4.607719712663968,177.11943460226945,7.274782,6.154106,9.711586,8.70199,-10.132251,-6.1022387,5.2108994,-8.249762,-12.349728,10.157962,-10.219208,5.2333655,-1.632161,0.8534802,12.469671,-2.7563887,16.280075,-53.412464,51.46862,3.8374152,7.2404532,11.058389,-16.024303,-15.247652,48.698,61.027416,3.379926,0.69015825,-6.9818883
537,-408.41912841796875,-431.897216796875,78.30193328857422,-0.161351783617265,-4.676446943742194,177.0901444141304,7.5233955,6.1152515,9.756451,8.642113,-10.267978,-6.130418,5.4517255,-8.275384,-12.279727,10.085541,-10.371232,5.336241,-1.4951643,0.8708684,12.4098425,-2.4846718,16.222939,-54.22006,50.67408,3.789945,6.6671295,10.648581,-15.921527,-14.957912,48.322006,60.735683,3.895264,0.6645578,-7.3567595
538,-408.5583801269531,-431.90118408203125,78.27276611328125,-0.10160813987284693,-4.730668035982041,177.02873692428145,7.771748,6.033583,9.841883,8.5594225,-10.386897,-6.145764,5.6527486,-8.340966,-12.172286,10.034367,-10.535098,5.4401913,-1.3478518,0.84983325,12.344024,-2.198602,16.194057,-54.940014,49.808872,3.4728093,6.1264715,10.292852,-15.792409,-14.659952,47.920708,60.390793,4.614802,0.5949173,-7.723502
539,-408.6959228515625,-431.90960693359375,78.24482727050781,-0.03024936825977625,-4.768556030844827,176.94024857011806,8.003547,5.9433265,9.953461,8.471158,-10.488167,-6.153255,5.809829,-8.415675,-12.051201,9.997861,-10.686114,5.531673,-1.1903884,0.8154356,12.284981,-1.8985647,16.18475,-55.401024,48.980698,3.0872068,5.6408176,10.005298,-15.657072,-14.355691,47.524624,60.02307,5.397347,0.4949881,-8.052913
540,-408.80926513671875,-431.9171447753906,78.218505859375,0.02510688253165964,-4.788982948279302,176.83019046821238,8.199087,5.879328,10.076335,8.400557,-10.5734625,-6.1570945,5.9187675,-8.465253,-11.940816,9.9726305,-10.801096,5.5943623,-1.029974,0.79375196,12.245662,-1.5802847,16.18527,-55.42118,48.295723,2.8377318,5.230106,9.803979,-15.546372,-14.047016,47.182568,59.669746,6.11506,0.38034543,-8.316715
541,-408.9121398925781,-431.92529296875,78.20169067382812,0.06684265588071926,-4.788044285642241,176.70067114873441,8.343641,5.841181,10.203862,8.358042,-10.637935,-6.1523066,5.972493,-8.489904,-11.852744,9.964406,-10.880865,5.6136727,-0.86827433,0.7809958,12.233777,-1.2351294,16.187246,-54.835236,47.796352,2.8707292,4.896698,9.677912,-15.461602,-13.732705,46.885696,59.32038,6.786537,0.23808482,-8.50708
542,-409.0054931640625,-431.923828125,78.1925277709961,0.10718755981010625,-4.767627882743947,176.54833862476204,8.452295,5.8112574,10.34548,8.326409,-10.680453,-6.1378164,5.971105,-8.50864,-11.7707405,9.983236,-10.942237,5.5980654,-0.71062165,0.766431,12.240656,-0.8633475,16.186504,-53.766415,47.424774,3.0520854,4.6290364,9.624851,-15.395196,-13.408879,46.6288,58.96741,7.4674077,0.06749557,-8.6390085
543,-409.0862731933594,-431.9150390625,78.19022369384766,0.13064101130242656,-4.735817642355775,176.37094421731467,8.54313,5.806161,10.508875,8.304484,-10.7182045,-6.1257,5.939615,-8.503604,-11.680916,10.006997,-10.97778,5.563902,-0.5635312,0.7697563,12.254233,-0.47935796,16.179733,-52.475697,47.141632,3.1602917,4.4251275,9.677237,-15.354787,-13.074281,46.452312,58.64801,8.075593,-0.09574303,-8.720225
544,-409.1581726074219,-431.9100036621094,78.1923599243164,0.1224387351849873,-4.700789747225105,176.16595908238105,8.6364,5.8416424,10.702472,8.288106,-10.767209,-6.127379,5.9011006,-8.457659,-11.56934,10.018261,-10.98235,5.5290933,-0.42985174,0.81119055,12.26218,-0.10276332,16.163942,-51.22838,46.911453,2.973337,4.2827363,9.866497,-15.341742,-12.72962,46.38874,58.39298,8.525215,-0.21572876,-8.759307
545,-409.22979736328125,-431.90325927734375,78.19866180419922,0.0691711028239234,-4.665448806402712,175.91867408977765,8.738374,5.93633,10.942095,8.279653,-10.831999,-6.1497226,5.853953,-8.354882,-11.428922,10.015348,-10.947039,5.488025,-0.29213956,0.9103729,12.268538,0.27288485,16.13148,-50.016357,46.7324,2.374108,4.2096624,10.246596,-15.35052,-12.378012,46.432278,58.20652,8.785557,-0.2796144,-8.754772
546,-409.3060607910156,-431.9066467285156,78.20762634277344,-0.018437528979004216,-4.625774856036788,175.6349431825193,8.838712,6.076983,11.219391,8.280635,-10.90482,-6.1852403,5.786758,-8.209292,-11.267886,10.007224,-10.87653,5.434922,-0.1482406,1.0518925,12.276571,0.6432636,16.075527,-48.733204,46.632442,1.4977965,4.1981397,10.786008,-15.37572,-12.022188,46.562172,58.069344,8.902508,-0.30650312,-8.7038355
547,-409.3811950683594,-431.9093322753906,78.21809387207031,-0.11917185439657396,-4.579280085296113,175.34352957543462,8.9309635,6.234668,11.504818,8.28499,-10.979817,-6.2253246,5.7099366,-8.048242,-11.09622,9.989673,-10.78554,5.3877482,-0.022219792,1.2049029,12.272598,0.97087,15.998556,-47.497723,46.624565,0.50268847,4.222325,11.388597,-15.416523,-11.662464,46.78831,57.975563,8.90867,-0.30897775,-8.61361
548,-409.4632568359375,-431.9123229980469,78.22763061523438,-0.21210885480237923,-4.522896779080863,175.073203097764,9.008611,6.380428,11.769009,8.286518,-11.051356,-6.2614336,5.636541,-7.8979163,-10.923996,9.955816,-10.687999,5.3650527,0.067111224,1.3391274,12.242555,1.2169608,15.910268,-46.43571,46.72022,-0.45568037,4.262144,11.958971,-15.469009,-11.299455,47.1105,57.920048,8.829916,-0.29964122,-8.490427
549,-409.5337829589844,-431.9129333496094,78.23883056640625,-0.2988135710298618,-4.450480254643228,174.82384720058675,9.064348,6.513755,12.010607,8.285432,-11.119946,-6.289469,5.559818,-7.756481,-10.745149,9.905134,-10.57405,5.376847,0.11903426,1.4573573,12.180123,1.3732255,15.818714,-45.571873,46.932346,-1.4143919,4.3145313,12.522294,-15.541869,-10.935057,47.551247,57.91343,8.656175,-0.27261546,-8.321706
550,-409.6174621582031,-431.9130554199219,78.24726867675781,-0.38853171845909146,-4.365324095804176,174.58278218717004,9.101455,6.6491203,12.242687,8.286139,-11.187431,-6.3156414,5.4790325,-7.6113977,-10.557686,9.83512,-10.439066,5.411639,0.14505792,1.5725797,12.094338,1.4609158,15.727122,-44.845215,47.2458,-2.4323118,4.3876834,13.114439,-15.630736,-10.571337,48.100548,57.95261,8.379627,-0.22510445,-8.107945
551,-409.7016296386719,-431.90704345703125,78.25450134277344,-0.46917671627177404,-4.2789858815329245,174.35936206798368,9.137367,6.7726297,12.458898,8.280329,-11.251346,-6.341836,5.4063954,-7.4785137,-10.3752575,9.760424,-10.316676,5.4576797,0.14544722,1.6692873,11.994141,1.4881558,15.641437,-44.25277,47.628777,-3.3847623,4.4861937,13.654943,-15.710889,-10.208781,48.708332,58.00861,8.02836,-0.17396642,-7.8756766
552,-409.7709045410156,-431.8937683105469,78.25776672363281,-0.5299383264426817,-4.2027035631325305,174.16340236956572,9.182829,6.87183,12.65213,8.267688,-11.310623,-6.3696523,5.357343,-7.3708596,-10.212537,9.687232,-10.234478,5.5013866,0.12236274,1.7317799,11.888324,1.46199,15.5690975,-43.79479,48.04907,-4.1491003,4.620076,14.063654,-15.762552,-9.849252,49.32505,58.05737,7.6332235,-0.13613357,-7.6514287
553,-409.8454895019531,-431.8770751953125,78.25653839111328,-0.5638467019932333,-4.125954492117764,173.9983438787448,9.226314,6.940655,12.820404,8.245594,-11.360222,-6.3993087,5.3224616,-7.2953467,-10.070336,9.61971,-10.205447,5.543252,0.071645685,1.7491117,11.767591,1.3805294,15.516393,-43.473644,48.509483,-4.691165,4.82392,14.314087,-15.788184,-9.494896,49.966316,58.092026,7.16966,-0.12305941,-7.4332585
554,-409.93548583984375,-431.8555908203125,78.2522964477539,-0.5779761118600587,-4.04678440586605,173.85891372796584,9.267073,6.985866,12.967466,8.213806,-11.401815,-6.429468,5.299078,-7.242845,-9.942239,9.551183,-10.210192,5.588072,-0.0058466056,1.7315501,11.632898,1.2459744,15.486987,-43.28873,49.01371,-5.0782614,5.0880017,14.450692,-15.797582,-9.147034,50.649822,58.122345,6.6345816,-0.124004744,-7.2098627
555,-410.0213928222656,-431.8305358886719,78.2461166381836,-0.5820192837868955,-3.990063126938228,173.74115173869882,9.331964,7.0168676,13.095247,8.179016,-11.446493,-6.4618335,5.3099165,-7.2028995,-9.83124,9.488265,-10.241894,5.6290746,-0.09927228,1.6948456,11.508803,1.0719287,15.483998,-43.23745,49.53004,-5.338127,5.357207,14.499055,-15.775127,-8.805883,51.320953,58.14442,6.0818973,-0.121358044,-6.994197
556,-410.1179504394531,-431.8081970214844,78.23552703857422,-0.5857455176004878,-3.9803616138649502,173.64154299728472,9.446805,7.044932,13.204612,8.149571,-11.506216,-6.4987693,5.3760448,-7.1654997,-9.740641,9.442447,-10.296859,5.659628,-0.19568981,1.654766,11.419735,0.87044036,15.510034,-43.319527,50.027657,-5.4986477,5.575074,14.484382,-15.707441,-8.472096,51.926533,58.155922,5.56994,-0.09736683,-6.798686
557,-410.21356201171875,-431.78302001953125,78.22144317626953,-0.5871321071881883,-4.039537082602508,173.56269881570904,9.638419,7.0666018,13.294257,8.123638,-11.586267,-6.5435944,5.522027,-7.133765,-9.675475,9.41777,-10.382898,5.67494,-0.29023564,1.6073978,11.383694,0.630823,15.568968,-43.569054,50.51244,-5.5507293,5.7294593,14.39499,-15.584208,-8.145466,52.468033,58.138287,5.0657015,-0.024174405,-6.6558614
558,-410.3115539550781,-431.7557678222656,78.20055389404297,-0.5825060808797501,-4.149162008472887,173.5055555874724,9.884705,7.0796432,13.363569,8.100435,-11.68032,-6.594983,5.7287016,-7.112433,-9.632334,9.4117,-10.5014515,5.6803045,-0.38861963,1.5454596,11.384835,0.35313225,15.661906,-43.97717,50.990253,-5.485388,5.849975,14.221873,-15.416438,-7.8272552,52.967033,58.09844,4.554172,0.08145607,-6.548606
559,-410.4131774902344,-431.7289733886719,78.18093872070312,-0.5786481360361909,-4.274170298035061,173.46308869484926,10.143764,7.0932794,13.416725,8.082216,-11.780277,-6.6461368,5.9562545,-7.091747,-9.601688,9.410162,-10.628031,5.6830297,-0.49300435,1.4798974,11.397126,0.063444585,15.785486,-44.48088,51.43161,-5.3334947,5.943416,13.995677,-15.21417,-7.518898,53.39772,58.060184,4.117354,0.17153844,-6.4155455
560,-410.5154113769531,-431.6927490234375,78.15896606445312,-0.582236953686689,-4.379716826473563,173.4284525078179,10.373418,7.117182,13.457816,8.072697,-11.879222,-6.690442,6.167722,-7.0608606,-9.574582,9.395864,-10.738045,5.690264,-0.6066885,1.423108,11.394073,-0.2146615,15.933565,-45.015327,51.811756,-5.1247573,6.0159316,13.746847,-14.99097,-7.222466,53.736042,58.051716,3.83957,0.19728683,-6.1959944
561,-410.6136474609375,-431.6593017578125,78.1399154663086,-0.5964977925661786,-4.472176290145216,173.41317024840257,10.57529,7.153845,13.47303,8.080051,-11.981872,-6.7230263,6.377523,-7.0160103,-9.560784,9.363391,-10.828558,5.7043705,-0.7403006,1.3787185,11.379328,-0.48833138,16.103851,-45.610413,52.136612,-4.8499002,6.058976,13.479975,-14.734314,-6.9377127,53.972225,58.070225,3.7383864,0.11967978,-5.88034
562,-410.7124328613281,-431.6251220703125,78.11869049072266,-0.6172222525027677,-4.564747891905279,173.4163660807192,10.766427,7.198913,13.465143,8.101902,-12.090878,-6.7492194,6.5945477,-6.964749,-9.560469,9.327937,-10.914498,5.721495,-0.88833594,1.3403642,11.362773,-0.76948315,16.29501,-46.28555,52.419277,-4.4987035,6.071375,13.18045,-14.443838,-6.664959,54.12124,58.104362,3.7726705,-0.025587298,-5.4989605
563,-410.80584716796875,-431.5905456542969,78.1014404296875,-0.6412751056149126,-4.6334062703238015,173.41274070837977,10.929892,7.2491937,13.463329,8.121048,-12.192903,-6.774576,6.7822037,-6.9089227,-9.551191,9.286145,-10.987987,5.738448,-1.0317429,1.3068796,11.328088,-1.0420363,16.501656,-46.957886,52.650764,-4.0980644,6.0701914,12.8498955,-14.145415,-6.4069858,54.195084,58.164734,3.9343314,-0.17421797,-5.0517445
564,-410.8948669433594,-431.5580749511719,78.08794403076172,-0.6645230015632999,-4.653741467080713,173.3766035327979,11.046713,7.3001256,13.497024,8.124986,-12.277363,-6.8035235,6.8984447,-6.8506546,-9.510176,9.242375,-11.044326,5.7517004,-1.153698,1.2777224,11.258207,-1.2877904,16.71646,-47.540737,52.823822,-3.6729245,6.072546,12.489856,-13.863568,-6.1672063,54.20716,58.261524,4.212732,-0.2611416,-4.5389175
565,-410.974609375,-431.5225524902344,78.07716369628906,-0.6868436223938712,-4.607994507860196,173.30073312067114,11.100402,7.351841,13.574086,8.109343,-12.340559,-6.836163,6.924199,-6.7883067,-9.42807,9.188135,-11.077319,5.763149,-1.2535807,1.255543,11.135004,-1.5065092,16.935621,-48.020023,52.94657,-3.177278,6.0769763,12.059135,-13.591945,-5.946666,54.14927,58.38903,4.641038,-0.26518205,-3.9383671
566,-411.05517578125,-431.4990539550781,78.06758880615234,-0.710163981278829,-4.512944732400358,173.1989672561159,11.103159,7.4057465,13.678626,8.084612,-12.389978,-6.869351,6.8832006,-6.7198544,-9.318497,9.126938,-11.092623,5.77298,-1.3408227,1.2414119,10.971151,-1.708752,17.158054,-48.43675,53.027107,-2.6139545,6.073629,11.571147,-13.321336,-5.745283,54.02015,58.543133,5.2127414,-0.21735269,-3.2578416
567,-411.1260070800781,-431.47021484375,78.06084442138672,-0.734335107475621,-4.395940543766555,173.0773735450324,11.084529,7.4618692,13.804613,8.052508,-12.429313,-6.906011,6.8058524,-6.6472263,-9.194111,9.066334,-11.096311,5.7776084,-1.4128417,1.2325069,10.796212,-1.8921524,17.380728,-48.785755,53.060364,-2.0797436,6.0691943,11.109116,-13.072367,-5.565117,53.845036,58.73519,5.859002,-0.13176106,-2.5430756
568,-411.18890380859375,-431.4440612792969,78.05524444580078,-0.7595362615668841,-4.284367922322822,172.94200403884645,11.073847,7.5210676,13.945953,8.015224,-12.462151,-6.949632,6.7219787,-6.5718465,-9.067266,9.014909,-11.095204,5.772616,-1.4702997,1.226544,10.6393795,-2.0526679,17.599325,-49.057884,53.040775,-1.6697319,6.0731573,10.755906,-12.864923,-5.4096937,53.651695,58.976673,6.5106997,-0.02487947,-1.839522
569,-411.2412109375,-431.41583251953125,78.05250549316406,-0.7877792967085757,-4.173345307981802,172.78368517286577,11.067105,7.5871606,14.113716,7.9693856,-12.48497,-7.0069675,6.620545,-6.488942,-8.933055,8.973826,-11.084466,5.7510424,-1.5069156,1.2250715,10.501901,-2.1946647,17.811386,-49.245125,52.96725,-1.4130214,6.095333,10.528511,-12.702457,-5.2813773,53.40723,59.267677,7.2249856,0.11641049,-1.0702983
570,-411.2854919433594,-431.38861083984375,78.05329895019531,-0.8183266186777146,-4.052364540096325,172.60260918420823,11.051494,7.659034,14.3069315,7.9174976,-12.49866,-7.074712,6.4910684,-6.399688,-8.787329,8.939524,-11.062673,5.7171288,-1.5234308,1.229313,10.370176,-2.320667,18.0157,-49.354813,52.848267,-1.2571673,6.1301975,10.384647,-12.57334,-5.1812344,53.109505,59.59988,8.012417,0.2988179,-0.24197274
571,-411.3382873535156,-431.36199951171875,78.05266571044922,-0.8480731033309666,-3.9403388552401335,172.41966493931113,11.046343,7.727685,14.501447,7.864965,-12.510599,-7.138648,6.368824,-6.3139753,-8.645008,8.908245,-11.0406275,5.6831565,-1.5332092,1.2368519,10.250953,-2.4238353,18.209513,-49.400326,52.69239,-1.1761291,6.166342,10.317629,-12.473418,-5.110695,52.834984,59.969673,8.737244,0.48911852,0.4760166
572,-411.4032287597656,-431.3399658203125,78.05164337158203,-0.8737876026609883,-3.8556404009001146,172.25565070807278,11.066374,7.785453,14.672441,7.825681,-12.532161,-7.184855,6.2853146,-6.2426195,-8.520183,8.884334,-11.03353,5.6617827,-1.55062,1.2461636,10.151221,-2.4957025,18.389036,-49.392487,52.507263,-1.1423584,6.191635,10.320663,-12.397201,-5.070383,52.661526,60.370907,9.265623,0.64671576,0.9154122
573,-411.4622497558594,-431.32135009765625,78.0473861694336,-0.8918359110700025,-3.8084071258913705,172.12019840337948,11.121152,7.8253574,14.807315,7.80381,-12.564959,-7.202592,6.259204,-6.193707,-8.423633,8.865562,-11.045793,5.65902,-1.583456,1.2566147,10.073565,-2.5334563,18.538013,-49.323128,52.30605,-1.1681515,6.204931,10.415743,-12.350375,-5.0633535,52.62064,60.818268,9.577016,0.75374496,1.0275376
574,-411.544189453125,-431.3035888671875,78.0425796508789,-0.9048407276183296,-3.7869732982615876,172.00080499024037,11.199828,7.853503,14.921251,7.7941675,-12.604942,-7.20195,6.2676682,-6.159461,-8.345202,8.855061,-11.071163,5.666637,-1.6124631,1.2728784,10.006711,-2.5664334,18.62493,-49.205177,52.130047,-1.2623795,6.2094483,10.601067,-12.331882,-5.080198,52.656082,61.323414,9.73696,0.8267695,0.9049146
575,-411.6104736328125,-431.2895202636719,78.03670501708984,-0.918391902772552,-3.7775919483371325,171.88511553001337,11.292011,7.8798633,15.031454,7.784578,-12.648097,-7.1990676,6.2912245,-6.126706,-8.268492,8.844086,-11.099139,5.677211,-1.650012,1.2935349,9.955856,-2.5667956,18.71653,-49.027637,51.906055,-1.387569,6.2051644,10.827486,-12.332875,-5.1223083,52.75766,61.845535,9.751884,0.8772371,0.590465
576,-411.6711730957031,-431.27423095703125,78.0290756225586,-0.9382070388197532,-3.7662885074894565,171.76043234222533,11.384539,7.914238,15.15528,7.767761,-12.693185,-7.2097516,6.3082013,-6.0828333,-8.1766,8.829707,-11.122932,5.6834645,-1.691534,1.3232656,9.919208,-2.54388,18.82831,-48.802425,51.626156,-1.5076896,6.188446,11.0486555,-12.332334,-5.2043667,52.90251,62.33409,9.629964,0.9187012,0.12795305
577,-411.728271484375,-431.26544189453125,78.02178192138672,-0.967331033155142,-3.7509296046865392,171.6172374177122,11.476331,7.9610734,15.304187,7.7418404,-12.7417145,-7.2394323,6.312255,-6.0222554,-8.059213,8.808623,-11.138529,5.6842074,-1.7048562,1.3692911,9.891424,-2.530589,18.930553,-48.553974,51.33187,-1.6280823,6.1525865,11.267669,-12.335778,-5.3157945,53.09339,62.81479,9.297336,0.93778735,-0.56414694
578,-411.79022216796875,-431.2525329589844,78.01484680175781,-1.0021594509435225,-3.7382648000447927,171.46429250695215,11.574295,8.013844,15.466818,7.709052,-12.792736,-7.2788563,6.3145437,-5.953335,-7.9270496,8.7853155,-11.151571,5.6838403,-1.7010936,1.4281082,9.872337,-2.5198145,19.012115,-48.272053,51.030354,-1.7628719,6.1003184,11.504804,-12.353494,-5.44794,53.338177,63.3103,8.774714,0.93956697,-1.4780915
579,-411.8433532714844,-431.2370300292969,78.00471496582031,-1.0388074398793907,-3.728690510970303,171.3165795762348,11.673937,8.068727,15.625768,7.6755066,-12.845106,-7.3232746,6.321275,-5.881329,-7.795563,8.760545,-11.163383,5.6810546,-1.6974893,1.4892657,9.856516,-2.5129244,19.072552,-47.97896,50.7347,-1.9045857,6.0401287,11.745725,-12.368583,-5.592102,53.562134,63.8003,8.194474,0.95939296,-2.4338892
580,-411.8931884765625,-431.2213439941406,77.99605560302734,-1.0736566211170513,-3.722304195322276,171.18910995385824,11.770219,8.12161,15.76328,7.6484413,-12.898336,-7.367113,6.3375216,-5.8134503,-7.679859,8.739363,-11.177456,5.6762257,-1.7089391,1.5430826,9.838978,-2.5096905,19.115993,-47.6996,50.451008,-2.0469742,5.981343,11.976227,-12.3597765,-5.743261,53.68716,64.25657,7.688263,1.0259577,-3.2509375
581,-411.9476318359375,-431.20721435546875,77.98907470703125,-1.1068026353871139,-3.72022715296695,171.0877807051838,11.864808,8.173278,15.873806,7.6250544,-12.950774,-7.4116163,6.3673515,-5.748813,-7.5842214,8.72036,-11.192691,5.6667805,-1.7392781,1.5871737,9.8215475,-2.507334,19.149471,-47.43844,50.167347,-2.1974857,5.9263716,12.204194,-12.313008,-5.9174433,53.69575,64.65516,7.2093506,1.1661583,-3.9223802
582,-412.01495361328125,-431.1925964355469,77.97955322265625,-1.139917955473175,-3.721956371108987,171.00405763167652,11.956382,8.225596,15.966637,7.6095977,-13.006772,-7.458088,6.4072356,-5.6857233,-7.5003223,8.703265,-11.208927,5.654316,-1.7740688,1.6254854,9.80277,-2.5121107,19.16792,-47.19371,49.89046,-2.3604305,5.870538,12.434104,-12.248949,-6.0920787,53.617416,65.03865,6.7122574,1.3552734,-4.5300126
583,-412.0780944824219,-431.1739807128906,77.97129821777344,-1.1709634037324432,-3.7254320425417133,170.9309057302929,12.047705,8.27492,16.048307,7.5922184,-13.059605,-7.5038238,6.4528537,-5.62593,-7.4248576,8.685357,-11.225554,5.6421895,-1.8133163,1.6597891,9.78474,-2.5194967,19.173746,-46.95611,49.62402,-2.5160422,5.8123593,12.644194,-12.16718,-6.280922,53.470844,65.38999,6.3384376,1.5421298,-5.0261064
584,-412.1334228515625,-431.1587219238281,77.96272277832031,-1.1974951081632805,-3.728521687879223,170.86129636969977,12.134744,8.318081,16.124384,7.5762587,-13.109244,-7.545194,6.4980445,-5.572804,-7.3541026,8.667115,-11.243807,5.634909,-1.8527126,1.6898865,9.765601,-2.5288901,19.166466,-46.724728,49.378227,-2.6470559,5.7510295,12.813718,-12.0752945,-6.4752245,53.264656,65.7187,6.223042,1.6710168,-5.365077
585,-412.19171142578125,-431.1435241699219,77.95467376708984,-1.2170829048362193,-3.732237652385186,170.79574124499908,12.218628,8.351948,16.192194,7.5608244,-13.155415,-7.5811014,6.545032,-5.528882,-7.288846,8.646945,-11.264372,5.6371236,-1.8954263,1.7121234,9.745366,-2.5348303,19.146261,-46.482315,49.151794,-2.7435625,5.680324,12.9311905,-11.969547,-6.674663,52.97169,66.02644,6.4775023,1.7011278,-5.4890556
586,-412.2404479980469,-431.12225341796875,77.94554901123047,-1.2315911279487972,-3.7370787899848685,170.73712085168555,12.302106,8.378577,16.250298,7.5425725,-13.197179,-7.613544,6.594858,-5.492232,-7.230243,8.626864,-11.287308,5.6451077,-1.9422212,1.727316,9.724512,-2.538824,19.113588,-46.234932,48.940205,-2.816086,5.603006,13.009816,-11.849114,-6.8787184,52.59723,66.31332,7.0036883,1.6682187,-5.4383855
587,-412.29425048828125,-431.1105651855469,77.93955993652344,-1.2444043420267321,-3.740448090963825,170.68211646997767,12.380715,8.402619,16.305975,7.5256352,-13.236304,-7.643116,6.6436763,-5.458771,-7.175838,8.605836,-11.309704,5.651684,-1.9879252,1.7428268,9.702909,-2.5512671,19.069138,-46.013844,48.74865,-2.8796313,5.5317497,13.065173,-11.722915,-7.0868306,52.20138,66.57524,7.6227145,1.6320503,-5.31534
588,-412.35675048828125,-431.09747314453125,77.92996978759766,-1.2591708497610952,-3.739105291982204,170.62741480688507,12.450957,8.427346,16.366371,7.511781,-13.273092,-7.6697965,6.680093,-5.425398,-7.1224885,8.593956,-11.332648,5.649476,-2.0281942,1.7655585,9.68056,-2.5819125,19.013536,-45.848484,48.582336,-2.948217,5.4791465,13.112813,-11.60489,-7.299059,51.850174,66.811676,8.160879,1.6503539,-5.223201
589,-412.40362548828125,-431.0855407714844,77.92434692382812,-1.275995845529267,-3.731876299418993,170.57548017455795,12.512459,8.452099,16.432892,7.497906,-13.3043585,-7.6917806,6.704389,-5.391491,-7.072018,8.590106,-11.355681,5.631712,-2.066454,1.7974203,9.658964,-2.6357594,18.947298,-45.75054,48.443027,-3.0407999,5.449813,13.156909,-11.498412,-7.5146837,51.541126,67.02539,8.61291,1.7479028,-5.1706133
590,-412.4554138183594,-431.0778503417969,77.91831970214844,-1.2930956338998478,-3.7203964075818727,170.52697608497255,12.564337,8.476155,16.501312,7.488883,-13.333349,-7.7097063,6.717822,-5.359095,-7.024867,8.595631,-11.380457,5.6040077,-2.103963,1.8344214,9.637287,-2.705746,18.870493,-45.70225,48.32682,-3.144492,5.43666,13.189086,-11.39826,-7.733231,51.247086,67.217804,9.059189,1.8907619,-5.1096973
591,-412.5028076171875,-431.07275390625,77.91521453857422,-1.310973407477399,-3.7067225887829096,170.47573747601226,12.6138315,8.500475,16.57277,7.477531,-13.359608,-7.7276225,6.728251,-5.326447,-6.9774947,8.597476,-11.4013195,5.577086,-2.1337242,1.8755288,9.613905,-2.7845888,18.783192,-45.68847,48.230175,-3.2257907,5.4346786,13.206464,-11.300995,-7.955062,50.991295,67.38022,9.446987,2.04763,-5.059412
592,-412.550537109375,-431.0654296875,77.91282653808594,-1.3307384092880745,-3.692398101260913,170.41574710631525,12.666089,8.525912,16.647923,7.4614263,-13.38594,-7.7488065,6.738092,-5.2925205,-6.9257555,8.592512,-11.417228,5.5626125,-2.1506274,1.9201419,9.586778,-2.8632565,18.685724,-45.692734,48.148926,-3.2510147,5.438619,13.205804,-11.202403,-8.180589,50.79924,67.503,9.724908,2.1869116,-5.0381722
593,-412.5962829589844,-431.0602722167969,77.91111755371094,-1.3538473638983297,-3.6758948216140386,170.34263673013845,12.71908,8.556877,16.729141,7.440684,-13.414259,-7.7790046,6.7467837,-5.254623,-6.8683186,8.572583,-11.423238,5.5650225,-2.1513305,1.9694766,9.553763,-2.9401312,18.578197,-45.71053,48.08351,-3.1918173,5.453439,13.179627,-11.106404,-8.411222,50.687862,67.58228,9.864831,2.3056955,-5.0474286
594,-412.6345520019531,-431.0552978515625,77.90656280517578,-1.3793592078548849,-3.656920891337611,170.2605930155184,12.77326,8.589421,16.815659,7.4117785,-13.440335,-7.8137674,6.7531424,-5.21441,-6.807402,8.543623,-11.422829,5.577835,-2.1407516,2.02352,9.517091,-3.0181253,18.460936,-45.748466,48.033985,-3.0716941,5.4796276,13.131419,-11.013023,-8.6466055,50.64112,67.62298,9.899124,2.4171677,-5.0777216
595,-412.6819152832031,-431.048095703125,77.902587890625,-1.404509109533857,-3.639512752705383,170.17615589637094,12.82729,8.621802,16.902119,7.387265,-13.467232,-7.84616,6.760398,-5.175575,-6.744694,8.51341,-11.41994,5.5946465,-2.1256576,2.0794833,9.47969,-3.0959048,18.335112,-45.807472,47.99639,-2.9361837,5.5059786,13.075409,-10.916434,-8.885809,50.638058,67.63077,9.8684025,2.5190442,-5.131566
596,-412.7248840332031,-431.0404357910156,77.89886474609375,-1.425864273151323,-3.6278283276719034,170.09600752259934,12.884579,8.649428,16.98373,7.3694015,-13.492608,-7.868082,6.771973,-5.1414766,-6.681898,8.492368,-11.421031,5.6082635,-2.1128435,2.1348872,9.445252,-3.171893,18.202389,-45.88816,47.965137,-2.8304372,5.521234,13.025389,-10.808755,-9.126465,50.655304,67.60928,9.811419,2.6082454,-5.211438
597,-412.76708984375,-431.0328063964844,77.89592742919922,-1.4417285822147707,-3.625111432996882,170.0201612378288,12.946111,8.671587,17.059591,7.364892,-13.516805,-7.8739457,6.7897806,-5.1145835,-6.616793,8.484587,-11.425824,5.6184964,-2.1018631,2.1875482,9.416161,-3.248424,18.06429,-46.0021,47.94078,-2.7718446,5.5217843,12.990613,-10.690964,-9.3671875,50.706963,67.55993,9.706342,2.6914413,-5.338551
598,-412.8110046386719,-431.02655029296875,77.89363098144531,-1.4545227238873033,-3.628510972127228,169.94569886680958,13.011076,8.690379,17.132126,7.3683105,-13.539772,-7.868891,6.8132844,-5.0913987,-6.5496373,8.480935,-11.430034,5.6281304,-2.0899568,2.239574,9.390595,-3.3246984,17.921427,-46.14518,47.923306,-2.7348056,5.5139894,12.961808,-10.566917,-9.6070385,50.79745,67.48263,9.5429125,2.766802,-5.5044
599,-412.8540954589844,-431.0189208984375,77.8908920288086,-1.465615606045725,-3.6326345548838046,169.8746663110754,13.075665,8.705974,17.201492,7.3729634,-13.562653,-7.861871,6.836915,-5.0714116,-6.4848084,8.481452,-11.437743,5.6373243,-2.0797696,2.2917848,9.363538,-3.3922417,17.774061,-46.29494,47.907608,-2.700119,5.5019417,12.925434,-10.435251,-9.84517,50.890663,67.380356,9.376971,2.8217354,-5.668292
600,-412.90069580078125,-431.01416015625,77.8872299194336,-1.4771749413934554,-3.63249689438377,169.80907357879013,13.138033,8.720371,17.26809,7.3690114,-13.585084,-7.862998,6.8596854,-5.050797,-6.4273677,8.477086,-11.4483795,5.6442776,-2.0736742,2.3462384,9.330183,-3.443056,17.62217,-46.429794,47.88865,-2.648348,5.490168,12.8678875,-10.294662,-10.0804615,50.950714,67.26015,9.265685,2.8396215,-5.789184
601,-412.9462585449219,-431.00872802734375,77.88214874267578,-1.4896653382793252,-3.6254116601335133,169.74894524675076,13.195156,8.732575,17.332306,7.35685,-13.608819,-7.874062,6.880631,-5.030083,-6.3795567,8.466059,-11.463023,5.650112,-2.0715013,2.4049294,9.288227,-3.472835,17.465384,-46.538815,47.8622,-2.566346,5.4779487,12.770335,-10.1438,-10.312711,50.970516,67.12358,9.223485,2.7970972,-5.8519197
602,-412.9941101074219,-431.0072021484375,77.8764419555664,-1.5020948076580265,-3.6145060931114608,169.69332439589746,13.250334,8.742159,17.39429,7.3358073,-13.630042,-7.890421,6.8991876,-5.0104423,-6.3381076,8.453401,-11.481028,5.65465,-2.0725782,2.4662228,9.240218,-3.4864984,17.303856,-46.635483,47.831898,-2.4671352,5.463629,12.645221,-9.984544,-10.541953,50.96918,66.9692,9.220835,2.708279,-5.8798966
603,-413.03662109375,-431.0042419433594,77.87110900878906,-1.5136531536533084,-3.603394072946928,169.64308029756097,13.305752,8.750302,17.452217,7.311039,-13.651537,-7.910038,6.9193525,-4.991801,-6.3008103,8.439645,-11.501558,5.657415,-2.0768683,2.5264866,9.189969,-3.4904032,17.138548,-46.734665,47.80466,-2.3706582,5.449253,12.525547,-9.816602,-10.765914,50.944828,66.79355,9.244949,2.6145954,-5.8899508
604,-413.08087158203125,-430.99908447265625,77.86632537841797,-1.5239402337517125,-3.5952233060199403,169.59930031425384,13.359356,8.759747,17.503956,7.2910686,-13.675434,-7.9309797,6.943552,-4.9736233,-6.265381,8.427313,-11.525,5.6570754,-2.084363,2.58177,9.140432,-3.491455,16.971087,-46.85271,47.78741,-2.298253,5.4375854,12.444648,-9.642295,-10.981405,50.89702,66.59779,9.284093,2.5567176,-5.8989244
605,-413.12261962890625,-430.9898986816406,77.85839080810547,-1.5322988712142525,-3.5896537537679944,169.5629587414489,13.413619,8.769397,17.549269,7.2706923,-13.701166,-7.9548254,6.9712276,-4.9564786,-6.2305913,8.418202,-11.553625,5.6523657,-2.0965567,2.6298416,9.090448,-3.4889028,16.80256,-46.996315,47.779404,-2.260484,5.430867,12.421389,-9.459481,-11.184823,50.81369,66.37308,9.352503,2.5480752,-5.904613
606,-413.16656494140625,-430.9817199707031,77.85145568847656,-1.5395765106715604,-3.5852533863605403,169.53331145415856,13.466812,8.779675,17.58913,7.25083,-13.729056,-7.982072,7.0007124,-4.9396954,-6.1979227,8.410413,-11.585637,5.6436324,-2.112651,2.6729465,9.038398,-3.47994,16.6334,-47.157642,47.77751,-2.2461019,5.427447,12.43472,-9.270454,-11.374878,50.699944,66.12749,9.451004,2.5656438,-5.900427
607,-413.2086181640625,-430.9715270996094,77.84332275390625,-1.5454728562698619,-3.5842229508869687,169.50864278291934,13.521939,8.789021,17.624117,7.2303715,-13.755572,-8.008569,7.0348063,-4.9243217,-6.168741,8.403661,-11.619885,5.6348095,-2.1306539,2.7126565,8.988531,-3.4648504,16.463833,-47.325893,47.78144,-2.2385745,5.4240603,12.457771,-9.079664,-11.550829,50.57583,65.880844,9.544264,2.596284,-5.896696
608,-413.25335693359375,-430.96136474609375,77.83561706542969,-1.5505297543301289,-3.5886272476150842,169.48725001886606,13.578969,8.797442,17.654375,7.2160935,-13.78223,-8.029969,7.076616,-4.911203,-6.1444626,8.394851,-11.652759,5.6298614,-2.1484537,2.7511199,8.944659,-3.4438493,16.294067,-47.49021,47.79116,-2.222176,5.4176664,12.463693,-8.891958,-11.712509,50.46226,65.65312,9.596814,2.6270583,-5.903568
609,-413.29327392578125,-430.9512023925781,77.82842254638672,-1.5543591823214444,-3.6025946045177566,169.47015176731796,13.641611,8.804287,17.678432,7.2110744,-13.809888,-8.043924,7.1281085,-4.9019313,-6.1266546,8.390776,-11.687528,5.6300344,-2.1690333,2.787797,8.910847,-3.4135952,16.124357,-47.64532,47.804188,-2.193749,5.406669,12.45328,-8.707687,-11.858974,50.363754,65.4465,9.594594,2.6679661,-5.924053
610,-413.3341369628906,-430.9423828125,77.82069396972656,-1.556621368956648,-3.6239477843049506,169.45797444651703,13.709701,8.809398,17.696585,7.2090707,-13.836639,-8.053298,7.1900773,-4.8951917,-6.1144714,8.385701,-11.72276,5.6330285,-2.1935089,2.8215814,8.88386,-3.3735573,15.954972,-47.795753,47.82048,-2.1604953,5.3928947,12.437988,-8.525924,-11.989409,50.270878,65.253944,9.557409,2.721337,-5.952765
611,-413.3744201660156,-430.93353271484375,77.8144760131836,-1.5586598258927333,-3.644840211107249,169.44747148032587,13.775017,8.814136,17.712658,7.207911,-13.861788,-8.060984,7.2513213,-4.8889446,-6.1044593,8.379134,-11.75617,5.6377134,-2.2174058,2.8546543,8.857258,-3.3303556,15.786513,-47.94796,47.84388,-2.1248538,5.378816,12.407189,-8.34945,-12.104016,50.186176,65.07736,9.506309,2.7627013,-5.986983
612,-413.4130554199219,-430.923828125,77.80836486816406,-1.561096758509507,-3.6574261137589006,169.43558554470445,13.828482,8.8206215,17.729942,7.2061777,-13.884285,-8.07126,7.3012943,-4.880642,-6.0931273,8.369567,-11.785271,5.642244,-2.2359583,2.8884614,8.824525,-3.2893531,15.619602,-48.106064,47.87755,-2.0871265,5.366978,12.349914,-8.1811695,-12.203762,50.113964,64.91887,9.462964,2.767632,-6.024471
613,-413.4405212402344,-430.9105529785156,77.80201721191406,-1.5640938675338767,-3.6567963074896057,169.42024671590312,13.867474,8.8282,17.750668,7.1978774,-13.901402,-8.084238,7.3332715,-4.8696465,-6.078004,8.355855,-11.808029,5.649213,-2.2481136,2.9225907,8.782186,-3.2472887,15.460667,-48.266712,47.91433,-2.047736,5.3587203,12.249144,-8.024003,-12.286306,50.058067,64.78211,9.430733,2.7127345,-6.070623
614,-413.4749450683594,-430.9011535644531,77.79730224609375,-1.5671482985673182,-3.648146900868589,169.40336230400615,13.8946705,8.837041,17.7722,7.189251,-13.9157,-8.098378,7.354366,-4.856794,-6.06138,8.339056,-11.826513,5.657879,-2.252349,2.958152,8.733316,-3.2108812,15.296291,-48.432957,47.968456,-2.0060728,5.3516145,12.115943,-7.8707895,-12.359108,50.01306,64.65799,9.399738,2.617372,-6.1244755
615,-413.5039367675781,-430.88983154296875,77.79248046875,-1.570463726837521,-3.6385483849261333,169.38837821259906,13.919324,8.846318,17.79245,7.180252,-13.928628,-8.113441,7.3738446,-4.8437157,-6.0472765,8.321195,-11.843381,5.6642933,-2.257778,2.9932094,8.685652,-3.1697457,15.140843,-48.60557,48.022358,-1.9630569,5.3454757,11.979467,-7.724223,-12.415827,49.9762,64.548676,9.366744,2.5189278,-6.174829
616,-413.53021240234375,-430.877685546875,77.7886962890625,-1.57323459584615,-3.6352831167921074,169.37803373103515,13.949386,8.854967,17.80905,7.172121,-13.941217,-8.128984,7.3988566,-4.8329616,-6.0390306,8.310674,-11.8658085,5.664253,-2.2637928,3.0289927,8.643295,-3.132007,14.98184,-48.795464,48.09117,-1.91911,5.3386097,11.870819,-7.5775137,-12.461718,49.937527,64.44689,9.329557,2.4560049,-6.209751
617,-413.5671691894531,-430.87371826171875,77.78314971923828,-1.5753727895159066,-3.6384909532344243,169.3755951869936,13.983546,8.862049,17.820498,7.1656756,-13.954295,-8.145747,7.429504,-4.825854,-6.040994,8.308057,-11.894707,5.6534786,-2.2751045,3.0640852,8.608297,-3.0934303,14.827458,-49.0066,48.16712,-1.875947,5.3303123,11.805672,-7.4316244,-12.49381,49.893433,64.352844,9.286566,2.4421115,-6.2222815
618,-413.5978698730469,-430.86614990234375,77.77749633789062,-1.5766919633663097,-3.644946501101713,169.3784733872341,14.020189,8.868326,17.828642,7.157043,-13.965561,-8.164272,7.461176,-4.821021,-6.049989,8.314324,-11.930319,5.63505,-2.2895875,3.0979578,8.578541,-3.0501745,14.683349,-49.233395,48.242374,-1.8333751,5.3219395,11.765098,-7.2894225,-12.511597,49.849842,64.26907,9.240253,2.4555857,-6.2199674
619,-413.6241455078125,-430.8547058105469,77.77457427978516,-1.57859400046294,-3.656817442740156,169.38202196804562,14.059906,8.875916,17.834894,7.154237,-13.978399,-8.18151,7.4989905,-4.815938,-6.059131,8.31969,-11.964153,5.61648,-2.300686,3.1325867,8.552464,-3.0088887,14.537589,-49.469406,48.32901,-1.7886996,5.314433,11.727158,-7.1487584,-12.517432,49.809433,64.19585,9.189479,2.4816613,-6.21296
620,-413.63916015625,-430.8370056152344,77.77024841308594,-1.5808341316303913,-3.676032024474963,169.38085253541416,14.109196,8.883596,17.842041,7.1529446,-13.990953,-8.194383,7.5444593,-4.8094563,-6.0610294,8.324002,-11.994327,5.6051493,-2.3105805,3.1665294,8.531697,-2.958232,14.403166,-49.697327,48.40697,-1.7383195,5.310341,11.668303,-7.014019,-12.511184,49.786747,64.13349,9.138117,2.5054293,-6.211899
621,-413.6518859863281,-430.8210754394531,77.76791381835938,-1.5838307410660681,-3.710407001689464,169.37096655112495,14.174489,8.892354,17.85057,7.1611314,-14.0059595,-8.198881,7.6053886,-4.8018246,-6.050288,8.326631,-12.018454,5.605267,-2.3189352,3.2004306,8.524898,-2.8898814,14.289464,-49.910366,48.46362,-1.6761088,5.310284,11.576786,-6.884612,-12.4955015,49.783913,64.078354,9.076852,2.52969,-6.2231517
622,-413.6950988769531,-430.81866455078125,77.7637710571289,-1.5873317268894211,-3.7563648417732045,169.35602167104508,14.253103,8.901545,17.859509,7.175651,-14.023411,-8.198086,7.6781387,-4.793396,-6.0319614,8.3305645,-12.040655,5.6118984,-2.317526,3.2361789,8.523797,-2.8275113,14.163436,-50.128212,48.543148,-1.6066351,5.3113136,11.468981,-6.7564588,-12.466723,49.786385,64.037865,9.005279,2.5597847,-6.2398705
623,-413.7204284667969,-430.8092956542969,77.76158142089844,-1.5914061696937267,-3.7995624285059453,169.3426177233821,14.326793,8.912743,17.867525,7.1895995,-14.0392885,-8.198643,7.747164,-4.7829266,-6.014271,8.332799,-12.059983,5.61943,-2.320875,3.2705054,8.521285,-2.756113,14.054204,-50.340496,48.607826,-1.539071,5.3155336,11.356801,-6.6342697,-12.429938,49.808266,64.00314,8.946495,2.5860996,-6.25254
624,-413.7460632324219,-430.7956237792969,77.75967407226562,-1.5964203363343643,-3.8256943547981517,169.3374335803539,14.378657,8.927065,17.873423,7.1976085,-14.052159,-8.207403,7.801122,-4.769105,-6.0057077,8.32636,-12.075536,5.6227136,-2.3319006,3.30108,8.5058775,-2.678177,13.969385,-50.552666,48.64934,-1.4855443,5.3240314,11.25464,-6.517228,-12.390347,49.849457,63.969074,8.9182415,2.5986035,-6.251407
625,-413.7644348144531,-430.7795104980469,77.75787353515625,-1.6037881349549994,-3.825438535484922,169.34305723811102,14.395692,8.948429,17.87788,7.199205,-14.06133,-8.230395,7.8283286,-4.7482333,-6.008903,8.311325,-12.086231,5.619646,-2.3362486,3.3300798,8.45679,-2.6293588,13.8585415,-50.794643,48.73529,-1.4597282,5.3348536,11.175848,-6.4091234,-12.321864,49.898705,63.974056,8.936441,2.5822985,-6.2313747
626,-413.78167724609375,-430.7610168457031,77.75493621826172,-1.612736789120876,-3.808663006243312,169.35563103070743,14.392354,8.973215,17.88182,7.193957,-14.067219,-8.26175,7.8399196,-4.722899,-6.01929,8.288188,-12.091787,5.6140604,-2.3668213,3.3569891,8.408547,-2.544283,13.811393,-51.007927,48.73787,-1.4385566,5.3537703,11.099913,-6.3011227,-12.282123,49.98854,63.940456,8.994064,2.5525386,-6.19544
627,-413.7934265136719,-430.74017333984375,77.75203704833984,-1.6204092951521691,-3.7881317401595207,169.37201131449618,14.382421,8.9979515,17.882414,7.1871686,-14.070621,-8.29267,7.847483,-4.6984177,-6.033963,8.264779,-12.098244,5.6060286,-2.3764675,3.3795433,8.345095,-2.4820004,13.749675,-51.254604,48.780857,-1.4347212,5.371297,11.029701,-6.1938076,-12.216164,50.06808,63.9333,9.051609,2.5223594,-6.15762
628,-413.80706787109375,-430.72467041015625,77.74710845947266,-1.623655685291981,-3.7776814799494516,169.38933928100215,14.380902,9.016206,17.87664,7.1871243,-14.076006,-8.315083,7.86266,-4.681253,-6.0500813,8.250131,-12.1119375,5.5967274,-2.3806756,3.3961265,8.283898,-2.432928,13.660418,-51.48645,48.8672,-1.4110231,5.387756,10.94617,-6.1069484,-12.102047,50.13157,63.967052,9.063231,2.5154607,-6.125708
629,-413.8196105957031,-430.70855712890625,77.74092102050781,-1.6201586515695667,-3.77993898216651,169.40761043569884,14.390243,9.02474,17.861547,7.1938853,-14.08094,-8.322793,7.889982,-4.6754813,-6.0687075,8.243448,-12.134201,5.58693,-2.396496,3.4074757,8.244262,-2.3631766,13.601396,-51.692722,48.9195,-1.3392015,5.406334,10.853165,-6.014752,-12.010774,50.198647,63.9515,9.018571,2.5539591,-6.0962586
630,-413.8354797363281,-430.6949462890625,77.73855590820312,-1.6116534286203001,-3.7880076036358834,169.42811904540122,14.402744,9.026693,17.839548,7.205943,-14.086332,-8.321067,7.9201894,-4.6773205,-6.090611,8.245911,-12.164311,5.5759153,-2.409922,3.413653,8.212596,-2.2909415,13.554131,-51.89736,48.96637,-1.2419933,5.4263816,10.75687,-5.9196796,-11.922307,50.258472,63.916073,8.935648,2.620623,-6.0663905
631,-413.84478759765625,-430.67755126953125,77.73561096191406,-1.6028979085566721,-3.800930997952674,169.44967198627143,14.419738,9.028275,17.815937,7.217586,-14.091238,-8.319203,7.953988,-4.6797404,-6.1129107,8.250581,-12.195682,5.5624056,-2.4153244,3.417367,8.183977,-2.2208714,13.506535,-52.07555,49.020824,-1.1660997,5.444864,10.637598,-5.8296347,-11.816101,50.31111,63.89031,8.846507,2.6866014,-6.04193
632,-413.857666015625,-430.6620178222656,77.73290252685547,-1.5977854412809802,-3.817362155675651,169.47089849924075,14.439813,9.036501,17.795553,7.227705,-14.097115,-8.326742,7.9899993,-4.6755104,-6.1327195,8.254548,-12.223944,5.5442367,-2.4190724,3.4204416,8.155365,-2.1489294,13.452236,-52.18519,49.0862,-1.1527765,5.4588923,10.472885,-5.758616,-11.672253,50.368164,63.906204,8.78366,2.7234805,-6.0285473
633,-413.8638916015625,-430.6422119140625,77.72997283935547,-1.598114198682165,-3.8391233285440554,169.4924884332378,14.466963,9.053091,17.77958,7.232926,-14.102994,-8.347787,8.02766,-4.6621614,-6.1478267,8.262575,-12.251446,5.516576,-2.4226553,3.4274898,8.138475,-2.0638616,13.413206,-52.20923,49.127235,-1.2139841,5.469987,10.242289,-5.6809263,-11.544899,50.440765,63.898575,8.765101,2.7224603,-6.032288
634,-413.8738098144531,-430.6250915527344,77.72703552246094,-1.6011533226648746,-3.8661309907085517,169.51490842394978,14.499188,9.074907,17.765095,7.237093,-14.1095295,-8.37689,8.068291,-4.643525,-6.160334,8.273123,-12.278803,5.4819407,-2.421426,3.4365513,8.132099,-1.9716809,13.385975,-52.172523,49.152153,-1.3271532,5.4795885,9.962408,-5.595694,-11.430897,50.518745,63.867195,8.77021,2.699781,-6.048231
635,-413.8781433105469,-430.60540771484375,77.72476959228516,-1.6063133010260944,-3.8942379981369344,169.5362208347527,14.531773,9.099525,17.752674,7.2412653,-14.117491,-8.408436,8.109416,-4.6226907,-6.173268,8.281433,-12.302349,5.449908,-2.4274268,3.4448798,8.125236,-1.8713781,13.360473,-52.076344,49.176697,-1.4775436,5.4862494,9.663575,-5.5298305,-11.287681,50.60188,63.86785,8.783683,2.6696439,-6.0641212
636,-413.879638671875,-430.5858154296875,77.72122192382812,-1.6128346283261843,-3.9195666769372606,169.55449781396575,14.560682,9.125705,17.742836,7.2455206,-14.126527,-8.437859,8.150807,-4.6012754,-6.189815,8.27957,-12.317431,5.4291525,-2.4321637,3.4555812,8.118861,-1.7681117,13.342168,-51.94296,49.193993,-1.6557331,5.4890084,9.376662,-5.4674716,-11.143318,50.66783,63.86555,8.7891,2.6524615,-6.0641026
637,-413.8795471191406,-430.5686340332031,77.71764373779297,-1.621932850658618,-3.9397061529964654,169.56659629006106,14.584033,9.153725,17.738508,7.2479267,-14.1376,-8.462838,8.190016,-4.579701,-6.212503,8.263024,-12.3185625,5.430164,-2.4338877,3.4711547,8.111981,-1.6620528,13.330146,-51.73308,49.206142,-1.8910472,5.483473,9.108815,-5.411273,-10.9988365,50.70122,63.857574,8.780473,2.6582665,-6.034535
