Frame,root_translateX,root_translateY,root_translateZ,root_rotateX,root_rotateY,root_rotateZ,left_hip_pitch_joint_dof,left_hip_roll_joint_dof,left_hip_yaw_joint_dof,left_knee_joint_dof,left_ankle_pitch_joint_dof,left_ankle_roll_joint_dof,right_hip_pitch_joint_dof,right_hip_roll_joint_dof,right_hip_yaw_joint_dof,right_knee_joint_dof,right_ankle_pitch_joint_dof,right_ankle_roll_joint_dof,waist_yaw_joint_dof,waist_roll_joint_dof,waist_pitch_joint_dof,left_shoulder_pitch_joint_dof,left_shoulder_roll_joint_dof,left_shoulder_yaw_joint_dof,left_elbow_joint_dof,left_wrist_roll_joint_dof,left_wrist_pitch_joint_dof,left_wrist_yaw_joint_dof,right_shoulder_pitch_joint_dof,right_shoulder_roll_joint_dof,right_shoulder_yaw_joint_dof,right_elbow_joint_dof,right_wrist_roll_joint_dof,right_wrist_pitch_joint_dof,right_wrist_yaw_joint_dof
0,0.12870581448078156,-2.2329092025756836,78.49723052978516,1.3948200296881272,4.279775185161082,86.85604527476951,-24.08674,9.688282,16.326637,74.38869,-17.59668,-0.1062727,10.259612,-1.8416456,-4.423289,21.120085,-11.435209,2.3822353,10.063636,-0.12499905,6.3521886,38.8271,13.803084,-12.11188,-44.984043,-3.4305985,2.7563722,-12.568659,3.1241603,-15.840629,21.719057,-27.314342,-18.086697,1.3095487,3.4398806
1,0.061935000121593475,-0.5509850382804871,78.97350311279297,1.6114458585188522,4.697181012420676,87.04747335997791,-24.095123,8.604055,17.134712,68.868034,-16.872244,-0.94659823,10.799564,-2.223608,-4.361254,21.046911,-8.527794,2.7758236,10.509382,-0.5206216,5.653385,40.4992,13.906282,-11.688558,-46.386333,-4.6650233,2.7385755,-12.758757,3.3882768,-15.998901,22.897852,-28.635286,-16.812422,0.6289972,3.6401222
2,0.0183806661516428,1.1522527933120728,79.4245376586914,1.8578947994912514,5.132043330331695,87.25277247993932,-24.074617,7.473813,17.985437,63.253014,-16.1424,-1.7763171,11.3414545,-2.6302369,-4.2944226,20.958502,-5.569025,3.2055225,10.943298,-0.9511469,4.9557056,42.22287,14.015259,-11.241397,-47.86171,-5.955123,2.7189755,-12.952944,3.7460828,-16.22762,24.099224,-30.067102,-15.5412855,-0.035155494,3.8093565
3,-0.003179768566042185,2.861564874649048,79.83992767333984,2.0117781347079315,5.516194975097191,87.43384110822535,-23.924692,6.3612247,18.704588,57.51264,-15.367099,-2.6768608,11.907715,-2.908947,-4.1425567,20.914333,-2.7290184,3.6816912,11.367547,-1.2985388,4.3042345,43.93371,14.122257,-10.786062,-49.312576,-7.1919336,2.7108734,-13.134779,4.1347857,-16.520895,25.287453,-31.525293,-14.202949,-0.7026111,4.0111694
4,-0.022814705967903137,4.556724548339844,80.20259094238281,1.9349536156420368,5.784230957817254,87.55225252033011,-23.552645,5.3778386,19.091288,51.643127,-14.526977,-3.701738,12.528485,-2.8889189,-3.8388042,20.936218,-0.15817603,4.198008,11.75679,-1.4338194,3.7428162,45.615974,14.2211485,-10.29985,-50.68611,-8.283873,2.7239256,-13.286822,4.473796,-16.889723,26.470018,-32.92981,-12.712447,-1.3834568,4.2916393
5,-0.044014330953359604,6.274514675140381,80.51399993896484,1.5284591538461598,5.913477516486467,87.56487995157454,-22.879883,4.612193,19.041924,45.476276,-13.585758,-4.899906,13.242008,-2.4515624,-3.2798703,20.931482,2.1780405,4.762538,12.144324,-1.2681708,3.2665436,47.32881,14.299151,-9.743976,-51.98632,-9.219573,2.7528822,-13.4324665,4.7150517,-17.35418,27.706621,-34.258385,-10.969229,-2.1143959,4.626168
6,-0.06615191698074341,7.968997955322266,80.76559448242188,0.8708885043484657,5.938502600648367,87.49575665648725,-21.940847,4.0761414,18.65091,39.026447,-12.560403,-6.1672735,14.036371,-1.7036765,-2.527141,20.89239,4.360598,5.3538804,12.539991,-0.86738545,2.8527293,49.058105,14.345396,-9.138216,-53.23809,-10.040568,2.792913,-13.573231,4.904085,-17.91541,28.979887,-35.56484,-9.03698,-2.8713827,5.0070653
7,-0.0777435377240181,9.677143096923828,80.94664001464844,0.08345581526145342,5.881212507323877,87.4062200974723,-20.818058,3.7589824,18.027502,32.580875,-11.520603,-7.343123,14.851964,-0.81559974,-1.7704234,20.99539,6.292757,5.907529,12.886028,-0.32925808,2.520308,50.680225,14.364522,-8.550586,-54.422222,-10.735407,2.852364,-13.656536,5.103503,-18.550032,30.176157,-36.889835,-7.0741367,-3.5700066,5.501454
8,-0.06295967102050781,11.35920524597168,81.0625,-0.7161006134793417,5.763364875210081,87.35792774008316,-19.620205,3.6068852,17.2994,26.44834,-10.523142,-8.316654,15.622951,0.051021457,-1.2092177,21.420488,7.8729744,6.3518634,13.121956,0.25089443,2.29137,52.080315,14.378854,-8.049266,-55.52563,-11.29469,2.939199,-13.628196,5.365452,-19.222717,31.176455,-38.25566,-5.245155,-4.1256423,6.174117
9,-0.046950437128543854,13.007789611816406,81.09793853759766,-1.5999221921368114,5.57273637149015,87.35486882147862,-18.345903,3.648271,16.434393,20.529734,-9.531891,-9.18787,16.3729,0.96725166,-0.8819782,22.175936,9.082832,6.6373906,13.241416,0.9391564,2.1640453,53.297733,14.409612,-7.645629,-56.58154,-11.705168,3.07034,-13.439447,5.6563487,-19.91297,31.954967,-39.66868,-3.6477506,-4.5092564,7.0948763
10,-0.038660697638988495,14.629324913024902,81.06510925292969,-2.6572800865118458,5.289402569585084,87.35865087960632,-16.950245,3.9732945,15.399953,14.722129,-8.525328,-10.0074415,17.127697,2.011776,-0.68144625,23.208694,9.965841,6.762361,13.291744,1.8160014,2.1284416,54.393963,14.467494,-7.3098507,-57.60504,-11.97964,3.2340703,-13.123538,5.950121,-20.617952,32.562702,-41.093113,-2.1826901,-4.759102,8.211094
11,-0.022642625495791435,16.24213218688965,80.99801635742188,-3.747600863175325,4.936577885513304,87.387211428445,-15.450542,4.4702034,14.351485,9.201112,-7.494762,-10.637018,17.797264,2.994837,-0.6196865,24.623127,10.493726,6.7484264,13.267813,2.754828,2.199858,55.27656,14.566187,-7.0476117,-58.539314,-12.147938,3.3965228,-12.749533,6.3165245,-21.32361,32.995293,-42.49466,-0.7210988,-4.896016,9.3973255
12,-0.0006714491755701602,17.842748641967773,80.8988037109375,-4.642175669577519,4.560078470799596,87.48050394527348,-15.302834,5.2194576,13.324604,7.2182665,-8.04653,-10.944891,18.246918,3.658084,-0.74258727,26.564198,10.609644,6.657861,13.141142,3.5334826,2.3923693,55.824863,14.724771,-6.863322,-59.301563,-12.240517,3.5237432,-12.384593,6.813731,-22.006205,33.24898,-43.818333,0.8643129,-4.943566,10.529274
13,0.018012305721640587,19.42262077331543,80.76652526855469,-5.196335729690552,4.184307869779078,87.69272310555245,-15.7390585,5.7957997,12.441388,7.0703344,-9.325354,-10.737374,18.428097,3.8698087,-1.1544496,29.15321,10.131892,6.5023255,12.85007,4.0037217,2.7184477,55.97229,14.962574,-6.7663045,-59.84897,-12.217695,3.6029425,-12.006602,7.4524302,-22.6342,33.300095,-45.05457,2.6350129,-4.8823504,11.657239
14,0.035229358822107315,20.989748001098633,80.6146240234375,-5.476856834786079,3.8047886597448812,88.01432923616285,-15.999178,6.0420575,11.697554,6.99431,-10.44691,-10.172141,18.392494,3.7144432,-1.8308507,32.302197,9.121104,6.2773166,12.422809,4.23879,3.133323,55.599026,15.284871,-6.7839923,-60.000134,-12.084182,3.6324575,-11.581955,8.190814,-23.186169,33.148216,-46.158875,4.5051866,-4.701345,12.814266
15,0.06377357989549637,22.532108306884766,80.42511749267578,-5.56940125645179,3.43021568788379,88.38495013548881,-16.092049,6.0176196,11.008102,6.9621677,-11.277094,-9.597552,18.158901,3.2709858,-2.6311252,35.823658,7.9049463,6.033821,11.913831,4.295855,3.630358,54.946144,15.6908045,-6.8759875,-60.000134,-11.933092,3.650974,-11.170459,8.983726,-23.656334,32.854683,-47.089916,6.387913,-4.450916,13.853723
16,0.10145263373851776,24.05621337890625,80.18785858154297,-5.551278370004843,3.0665642746738233,88.74328934178382,-16.023037,5.8017683,10.281133,6.9488688,-11.657118,-9.325737,17.745916,2.610241,-3.4167855,39.537033,6.8083153,5.8179784,11.382867,4.2397695,4.1957083,54.180515,16.172853,-7.002733,-60.000134,-11.8613615,3.6842475,-10.833084,9.790191,-24.04946,32.48388,-47.803585,8.199039,-4.194148,14.628251
17,0.14004583656787872,25.57295799255371,79.89796447753906,-5.483370542402109,2.689423037978959,89.05533211687312,-15.767516,5.4607067,9.426524,6.93501,-11.483347,-9.777565,17.188412,1.7724218,-4.186602,43.42908,5.952648,5.6215825,10.861239,4.138938,4.840434,53.270622,16.721071,-7.1785574,-60.000134,-11.849802,3.7284575,-10.581847,10.634129,-24.366663,32.025173,-48.294285,10.02397,-3.9423256,15.125043
18,0.18484057486057281,27.06058692932129,79.55699157714844,-5.305572430433642,2.304905509467791,89.357593353137,-15.3219385,4.9586716,8.507913,6.9332895,-10.859243,-10.656124,16.497599,0.7106224,-4.991093,47.552975,5.168485,5.4328837,10.316585,3.9393868,5.55545,52.104877,17.327438,-7.4285254,-59.88225,-11.861226,3.768214,-10.384905,11.52453,-24.601177,31.45917,-48.57032,11.876071,-3.6808822,15.4107895
19,0.21870876848697662,28.51322364807129,79.20320892333984,-4.913110893825259,1.961750155816103,89.69131057982165,-14.731757,4.2157364,7.669074,6.976367,-9.921189,-11.1979,15.652527,-0.6428605,-5.760482,51.838146,4.3438253,5.292323,9.74307,3.542148,6.261463,50.503742,17.977158,-7.7757106,-59.346424,-11.964749,3.7821057,-10.236513,12.408444,-24.74839,30.820965,-48.58008,13.566602,-3.4445295,15.462494
20,0.1911654770374298,29.922691345214844,78.88605499267578,-4.204345033366536,1.7002196425549532,90.09078310998748,-14.041941,3.1551971,7.0615635,7.0967464,-8.774236,-10.64131,14.637198,-2.3541164,-6.4011273,56.212193,3.3711,5.245219,9.092255,2.8134842,6.943,48.67236,18.658216,-8.163536,-58.55122,-12.223498,3.7968235,-10.143697,13.197856,-24.807892,30.178097,-48.317505,14.9068,-3.2690423,15.264598
21,0.1824885606765747,31.316858291625977,78.53083038330078,-3.079890463960294,1.5396806095285729,90.59439845319477,-13.898825,1.7121884,6.683325,8.709486,-7.77654,-8.355976,13.460535,-4.555489,-6.9196887,60.70956,2.2220042,5.3938932,8.326957,1.6474626,7.5856547,46.60826,19.36436,-8.583896,-57.526512,-12.710711,3.8267086,-10.124453,13.880556,-24.775236,29.539457,-47.79353,15.881504,-3.160822,14.773401
22,0.22242854535579681,32.71648406982422,78.07572174072266,-1.849052709844143,1.3995966354138554,91.12474815299063,-16.183912,0.41863889,6.4559484,15.88539,-9.08998,-4.9880815,12.216362,-6.9103527,-7.2946563,65.24695,1.0247586,5.6408153,7.5236154,0.36946496,8.206528,44.35227,20.089167,-9.061137,-56.339077,-13.37125,3.867411,-10.175738,14.505866,-24.658558,28.879335,-47.03347,16.57854,-3.1056733,14.022863
23,0.2652188539505005,34.106781005859375,77.54974365234375,-0.8732186001994892,1.201284902547073,91.56472757944839,-18.106836,-0.59688956,6.4371877,22.618015,-10.275632,-1.5978643,10.947677,-8.941171,-7.4228535,69.64937,-0.14921921,5.7638435,6.791446,-0.6488801,8.822929,41.97663,20.817799,-9.60725,-54.974037,-14.08234,3.894989,-10.269561,15.081311,-24.479832,28.211184,-46.026276,16.963263,-3.1067142,13.104313
24,0.2857467234134674,35.467987060546875,76.99166107177734,-0.14766071541556744,0.9339246107119682,91.86483834431439,-19.309881,-1.3227556,6.540557,28.023767,-11.684253,0.8866079,9.595961,-10.561636,-7.2029667,73.87044,-1.3151733,5.648873,6.162566,-1.4178448,9.4505415,39.4947,21.529127,-10.216018,-53.344975,-14.72252,3.8820024,-10.382763,15.582471,-24.252634,27.568777,-44.72969,17.00406,-3.1711729,12.096452
25,0.316266268491745,36.81657409667969,76.40823364257812,0.491753360641167,0.6118919307540709,92.04750651957356,-19.850315,-1.881599,6.7686486,32.25645,-13.800415,2.2819188,8.075227,-11.885931,-6.524173,78.054375,-2.5373356,5.291739,5.5990176,-2.106253,10.12071,36.887512,22.21068,-10.850836,-51.411377,-15.526211,3.745081,-10.56582,15.979331,-23.979528,26.953348,-43.11801,16.827963,-3.33267,11.038652
26,0.3464454412460327,38.14060592651367,75.84624481201172,1.1296403439888851,0.2678797583482082,92.15829398474175,-20.062244,-2.3629417,7.1066804,36.04438,-16.55385,3.1303852,6.377648,-13.022021,-5.48151,82.24241,-3.8237073,4.8042865,5.0588694,-2.8029108,10.812998,34.138187,22.85632,-11.512917,-49.203007,-16.469763,3.5260167,-10.822378,16.28323,-23.661432,26.361343,-41.214676,16.404243,-3.569666,9.876711
27,0.37657874822616577,39.483367919921875,75.31592559814453,1.7123042085527072,-0.06569058107440347,92.1947308634978,-19.977516,-2.7630284,7.4614,39.324257,-19.476028,3.623901,4.5476637,-13.952059,-4.2688713,86.23387,-5.1053476,4.2668247,4.5491967,-3.4658184,11.458404,31.266777,23.451324,-12.242817,-46.732502,-17.045477,3.3799942,-11.057278,16.520197,-23.302351,25.827862,-39.039818,15.465082,-3.7947855,8.544823
28,0.4113263487815857,40.83871078491211,74.82403564453125,2.1782259759760363,-0.35996953440931123,92.15477135835933,-19.604246,-3.0759346,7.746221,41.971367,-22.055918,3.9461489,2.6244445,-14.679558,-3.0824738,89.83486,-6.3151164,3.7379963,4.0702944,-4.0401897,11.991945,28.295135,23.973318,-13.079949,-44.014763,-16.745014,3.4592843,-11.172345,16.713608,-22.910412,25.390448,-36.612595,13.743619,-3.902059,6.974865
29,0.4301578402519226,42.213504791259766,74.39274597167969,2.528649714481537,-0.6299276868532542,91.98949562649787,-18.854767,-3.2892067,7.991319,43.87178,-24.240873,4.0488644,0.5700822,-15.204273,-1.8444654,93.07542,-7.4494753,3.2030237,3.6548452,-4.525518,12.429584,25.106926,24.394789,-14.056628,-40.79387,-15.665091,3.9263089,-11.166645,16.790255,-22.486229,25.10716,-33.74787,11.006178,-3.7248468,4.9516497
30,0.4622405469417572,43.580509185791016,74.02387237548828,2.7985293522682193,-0.8800482195644986,91.71807789295309,-17.7626,-3.3953803,8.245136,45.14508,-26.290422,3.8691354,-1.6333172,-15.531272,-0.50225085,96.04721,-8.533068,2.632265,3.2724395,-4.9516196,12.798698,21.75011,24.701042,-15.122988,-37.15467,-14.001228,4.6640387,-11.110441,16.76453,-22.033302,24.949694,-30.50457,7.461048,-3.2646067,2.596777
31,0.48853984475135803,44.969783782958984,73.73694610595703,2.970208570164738,-1.069214715443098,91.44064761009199,-16.501202,-3.4066045,8.443915,45.97444,-28.137564,3.5651975,-3.922204,-15.704981,0.7110603,98.64567,-9.542689,2.0435805,2.8317988,-5.2984104,13.052975,18.481287,24.897827,-16.206541,-33.615948,-11.382121,5.4124575,-11.014521,16.80145,-21.570679,24.824394,-27.284859,3.4945655,-2.7025692,0.32766598
32,0.5293093323707581,46.35457992553711,73.515625,3.021445155683067,-1.1575329813124422,91.25740908933598,-15.243622,-3.3419468,8.51759,46.53895,-29.714203,3.2977648,-6.2367644,-15.792327,1.5640306,100.7609,-10.4549465,1.4499768,2.2525308,-5.539882,13.146244,15.539625,25.008863,-17.255379,-30.685883,-7.4112816,5.9190297,-10.870718,17.073431,-21.127047,24.631195,-24.495451,-0.5358039,-2.3027644,-1.4840579
33,0.5737137794494629,47.758094787597656,73.37773132324219,2.9292312755801295,-1.1152426674354148,91.20039031463341,-14.040505,-3.1895564,8.433582,46.85947,-31.02932,3.0988164,-8.639745,-15.833967,1.9883518,102.385155,-11.256824,0.8034185,1.5070953,-5.6348305,13.044849,12.858336,25.0677,-18.400383,-28.329441,-0.62877065,6.1245904,-10.442091,17.629402,-20.709488,24.339964,-22.088583,-5.3479557,-2.1855094,-2.9380887
34,0.6170012950897217,49.17203903198242,73.31511688232422,2.7110818117911353,-0.9716766328084029,91.21558571911574,-12.7979355,-2.9441035,8.238733,46.850075,-32.11061,2.8877196,-11.140488,-15.822587,2.0914102,103.5691,-11.957031,0.09730294,0.6559806,-5.6060185,12.797359,10.345714,25.080679,-19.632381,-26.341486,8.360403,6.2460814,-9.7855015,18.40825,-20.31624,23.990183,-19.941849,-10.884159,-2.1972485,-4.2069387
35,0.6477386355400085,50.62310028076172,73.3340072631836,2.415397924831202,-0.7772334190590737,91.27492026393583,-11.471561,-2.6377459,7.9743514,46.53097,-32.920143,2.658518,-13.597421,-15.762839,1.926018,104.28447,-12.565202,-0.57157826,-0.25922868,-5.51053,12.473393,8.183014,25.032944,-20.693338,-24.93587,16.764677,6.3289223,-9.327865,19.392677,-19.973772,23.597734,-18.319984,-15.623888,-2.3392918,-5.0616827
36,0.6780136823654175,52.10605239868164,73.4253921508789,2.0853200894441666,-0.5819699044847806,91.35045301193861,-10.016336,-2.302016,7.680008,45.92052,-33.418705,2.4040577,-15.869298,-15.654798,1.5494419,104.504944,-13.092285,-1.1025132,-1.2096095,-5.3922853,12.135392,6.545207,24.906591,-21.321884,-24.303469,21.809805,6.2513976,-9.488132,20.568981,-19.733252,23.185205,-17.494184,-18.034853,-2.6893404,-5.268047
37,0.7078968286514282,53.61664962768555,73.58257293701172,1.7164619974929278,-0.4002479469428662,91.47328340777116,-8.392539,-1.9390037,7.324938,44.97077,-33.637684,2.1296957,-17.91756,-15.533217,0.9019779,104.19954,-13.567689,-1.4472625,-2.2269366,-5.2378345,11.806911,5.565988,24.682941,-21.29605,-24.683863,22.36024,5.7772293,-10.703938,22.040115,-19.64838,22.695679,-17.757946,-17.049627,-3.447431,-4.4590745
38,0.7417158484458923,55.12663269042969,73.79790496826172,1.288947020757463,-0.20517360999215464,91.64574021901926,-6.635984,-1.5258279,6.8999224,43.69826,-33.58935,1.8371677,-19.80215,-15.400177,-0.031228984,103.38421,-13.98119,-1.6575056,-3.3293462,-4.999474,11.463278,5.107806,24.37033,-20.79387,-25.897306,20.038034,5.0514994,-12.6551485,23.826574,-19.738674,22.140804,-18.961842,-13.653264,-4.4811454,-2.8049867
39,0.7730966210365295,56.67615509033203,74.08564758300781,0.8263465866455161,0.014565289362103384,91.7963661998048,-4.813525,-1.061162,6.4764457,42.21423,-33.204838,1.5113409,-21.533415,-15.192928,-1.1205864,102.102936,-14.284926,-1.7825836,-4.4510174,-4.6748466,11.087175,4.936541,23.998077,-20.17416,-27.501389,16.321009,4.4641027,-14.5922985,25.790413,-19.990479,21.62571,-20.693306,-9.434683,-5.409208,-0.90509266
40,0.8065968751907349,58.25712585449219,74.42530059814453,0.3549748301192273,0.26913227705034387,91.85316099555925,-2.991093,-0.55089456,6.1252947,40.62763,-32.41339,1.1354887,-23.124996,-14.845016,-2.2322123,100.39883,-14.431189,-1.8720472,-5.5261903,-4.273557,10.654679,4.8354244,23.609169,-19.789413,-29.062119,12.718391,4.2478814,-15.706878,27.744215,-20.369217,21.25602,-22.48364,-6.044701,-6.023603,0.5453291
41,0.8502776622772217,59.860931396484375,74.82626342773438,-0.1276765383903221,0.5607820324679584,91.79323097208497,-1.1330049,-0.0051892027,5.8306127,38.87028,-31.17279,0.7143408,-24.583563,-14.375102,-3.390877,98.258514,-14.432213,-1.9820791,-6.5389347,-3.802138,10.144424,4.8206344,23.237759,-19.743835,-30.557554,8.993576,4.4466534,-15.580392,29.632225,-20.85548,21.092772,-24.273203,-3.8238924,-6.364135,1.3064921
42,0.8856506943702698,61.487083435058594,75.27964782714844,-0.6311562638542325,0.8822267045885397,91.65390328986287,0.7712227,0.5748825,5.562906,36.927975,-29.534662,0.2532879,-25.887152,-13.797165,-4.6485014,95.66008,-14.316393,-2.061832,-7.5058174,-3.2688444,9.578926,5.00131,22.893707,-19.85191,-32.213352,4.537041,4.846977,-14.660812,31.538925,-21.438501,21.047014,-26.264614,-1.9486434,-6.564104,1.7473861
43,0.934005618095398,63.146053314208984,75.76602935791016,-1.1429402130727708,1.2289107295376083,91.45299124316504,2.62178,1.1867405,5.3693485,34.986557,-27.565493,-0.262119,-27.01739,-13.042165,-5.8955984,92.629326,-14.055907,-2.003732,-8.420661,-2.690347,8.989462,5.3090343,22.578234,-20.02288,-33.953983,0.33238032,5.207167,-13.44455,33.449295,-22.086798,21.017056,-28.325994,-0.34208733,-6.688415,2.0395133
44,1.001803994178772,64.8326644897461,76.28044128417969,-1.650341766601066,1.596679335229039,91.20992619363142,4.3264623,1.8230133,5.293422,33.2225,-25.325193,-0.84559137,-27.965025,-12.051638,-7.012377,89.18651,-13.619302,-1.711226,-9.269115,-2.0821223,8.399924,5.655707,22.28038,-20.184656,-35.685417,-2.6139855,5.394612,-12.471913,35.34621,-22.751799,20.896551,-30.313354,1.0650791,-6.7869697,2.3612568
45,1.0651352405548096,66.53026580810547,76.81232452392578,-2.187871740044455,1.9983368675527768,90.90638929039204,5.8769236,2.5281646,5.3783445,31.645525,-22.723118,-1.537899,-28.740807,-10.728123,-7.952836,85.26461,-12.948124,-1.1522391,-10.031791,-1.4127928,7.793902,6.029701,21.98668,-20.355446,-37.39536,-3.7943778,5.427939,-11.821857,37.2051,-23.397158,20.680151,-32.16957,2.215458,-6.871797,2.7286673
46,1.1363534927368164,68.24987030029297,77.34907531738281,-2.7458413106843667,2.428085511150937,90.5392667121451,7.3245664,3.2679322,5.5704536,30.174978,-19.76376,-2.3199055,-29.341856,-9.149359,-8.749905,80.85711,-12.082576,-0.39885917,-10.706208,-0.6972136,7.156226,6.445832,21.696018,-20.581646,-39.094917,-3.8180904,5.4034953,-11.248987,39.01846,-24.01363,20.413895,-33.931164,3.0803175,-6.9249167,3.0607514
47,1.2144818305969238,69.96601104736328,77.87614440917969,-3.2409452335822686,2.856672852675486,90.15346226585216,8.663899,3.9229333,5.768332,28.852207,-16.645838,-3.1183944,-29.743467,-7.5243206,-9.401935,76.070526,-11.134601,0.48136258,-11.31077,-0.017320892,6.509067,6.864508,21.414507,-20.830252,-40.732307,-3.3541083,5.365821,-10.816305,40.797108,-24.592346,20.074745,-35.604362,3.7734566,-6.940255,3.3901327
48,1.310067057609558,71.69768524169922,78.38771057128906,-3.5951954494611664,3.257797129684603,89.79546546279806,9.885745,4.3845944,5.879814,27.71095,-13.556779,-3.8587945,-29.922787,-6.0527515,-9.921519,71.005356,-10.207934,1.423406,-11.8694,0.5473279,5.8734384,7.2542667,21.152346,-21.063517,-42.260246,-3.0735233,5.3440614,-10.585116,42.552467,-25.124012,19.644579,-37.198547,4.4097137,-6.9094896,3.7486684
49,1.4124819040298462,73.4272689819336,78.86650848388672,-3.8135944642350066,3.659044757721645,89.46672679509732,10.933603,4.6691713,5.910677,26.772774,-10.391684,-4.5047054,-29.869963,-4.715786,-10.30217,65.543465,-9.286454,2.4229972,-12.382838,1.0114611,5.223526,7.622205,20.913826,-21.263819,-43.679752,-3.1045382,5.343324,-10.62659,44.298306,-25.596853,19.117199,-38.692245,5.0190864,-6.840297,4.1256995
50,1.5008307695388794,75.18306732177734,79.30933380126953,-3.926977134161264,4.064664499300365,89.15084669955175,11.831396,4.818452,5.8920617,26.004568,-7.0881753,-5.112148,-29.57793,-3.4491007,-10.526987,59.63981,-8.315384,3.487018,-12.843858,1.3964792,4.5531282,7.983421,20.700546,-21.452358,-45.015404,-3.10893,5.3491983,-10.887773,46.01564,-26.004393,18.509953,-40.081875,5.5375886,-6.735153,4.510436
51,1.5811797380447388,76.93405151367188,79.71517944335938,-3.890699333953289,4.416821427657464,88.86928789910408,12.691586,4.769067,5.782543,25.339462,-3.8899813,-5.725726,-29.039549,-2.3671012,-10.61221,53.507072,-7.330962,4.5825458,-13.268225,1.6356936,3.911752,8.322165,20.521128,-21.648777,-46.26764,-3.0596411,5.354372,-11.2439995,47.669807,-26.349749,17.835468,-41.400185,5.9404106,-6.576542,4.934402
52,1.6608986854553223,78.68341064453125,80.06534576416016,-3.6592249075620855,4.657688951982491,88.64335255908841,13.629699,4.458775,5.5443053,24.709164,-1.0400348,-6.374302,-28.259186,-1.5759132,-10.58504,47.362125,-6.3704834,5.686574,-13.674879,1.6609582,3.350321,8.629079,20.3888,-21.869177,-47.447227,-2.9321122,5.3509836,-11.569339,49.231037,-26.643167,17.105455,-42.685127,6.2038355,-6.3470273,5.428924
53,1.749381422996521,80.42951965332031,80.36197662353516,-3.155420459518215,4.757500971863745,88.50200069095567,14.752036,3.8031366,5.1062512,23.948833,1.5168073,-7.1375337,-27.142847,-1.1311214,-10.427187,41.011456,-5.369942,6.9136314,-14.09803,1.390673,2.8767653,8.904884,20.31728,-22.125587,-48.570316,-2.651718,5.3408847,-11.859767,50.728367,-26.891699,16.307564,-43.968063,6.3430715,-6.009838,6.013204
54,1.8494218587875366,82.16349792480469,80.58738708496094,-2.4109428611912147,4.7489917747279975,88.43475317162033,15.994409,2.8638115,4.4943542,23.129963,3.8963504,-7.94999,-25.686714,-0.9910384,-10.147059,34.33521,-4.2892785,8.231414,-14.536021,0.8649829,2.4643838,9.171616,20.310469,-22.399307,-49.65175,-2.2592843,5.3248854,-12.168515,52.170963,-27.094536,15.444179,-45.236366,6.3638387,-5.5876875,6.665901
55,1.9289737939834595,83.89970397949219,80.74401092529297,-1.54567778850295,4.666560520315121,88.40816592637451,17.2225,1.8082246,3.8286376,22.51147,5.9578815,-8.617528,-24.034721,-1.084079,-9.839859,27.657541,-3.176943,9.42725,-14.960496,0.20304057,2.1164255,9.451411,20.364403,-22.657087,-50.69535,-1.9017433,5.295349,-12.456617,53.495712,-27.251366,14.556876,-46.461388,6.2286844,-5.153372,7.357614
56,1.9942337274551392,85.61785125732422,80.81729125976562,-0.6758139465866068,4.544037919880082,88.38684508083563,18.291683,0.78948236,3.251242,22.34911,7.5425878,-8.951499,-22.37003,-1.316229,-9.601844,21.385664,-2.1145933,10.316001,-15.336914,-0.4820059,1.8391458,9.761463,20.47159,-22.866838,-51.699253,-1.7243291,5.247148,-12.687257,54.63746,-27.364729,13.687962,-47.611275,5.9008045,-4.7804193,8.059925
57,2.053577423095703,87.32730102539062,80.8197250366211,0.23824591943424328,4.376529695699058,88.37091894068747,19.175083,-0.26166177,2.7665248,22.685545,8.566175,-8.806255,-20.735613,-1.7043861,-9.435003,15.550173,-1.1569507,10.907807,-15.66031,-1.2273039,1.630581,10.083147,20.635698,-23.03136,-52.666317,-1.7065117,5.177066,-12.854276,55.631058,-27.439737,12.801764,-48.72,5.279707,-4.494642,8.815177
58,2.1463162899017334,88.99263763427734,80.76142883300781,1.2625279670287166,4.143206342898045,88.37848299995886,19.950352,-1.4005985,2.3192492,23.398611,9.116639,-8.305643,-19.021059,-2.2735426,-9.328451,9.89362,-0.20901226,11.3301935,-15.952447,-2.1002574,1.4890683,10.4173,20.860357,-23.161358,-53.603508,-1.7904683,5.08886,-12.977447,56.497253,-27.479942,11.893929,-49.797047,4.4159055,-4.2630095,9.624299
59,2.2533915042877197,90.62655639648438,80.65558624267578,2.2361360203574345,3.8753479641037027,88.37021707070836,20.572712,-2.3958683,2.0070193,24.544369,9.250607,-7.6943383,-18.31503,-3.0017943,-9.301137,6.795672,-0.38674587,11.571726,-16.179482,-2.954086,1.4273179,10.792314,21.13055,-23.24323,-54.49114,-2.0632436,4.9935403,-13.058262,57.135685,-27.490568,11.050137,-50.75477,3.4987988,-4.065826,10.398302
60,2.3607795238494873,92.25384521484375,80.5344467163086,2.978045476675873,3.615427352251393,88.29996996546771,20.980204,-3.0108786,1.9471005,26.181568,9.028835,-7.2261853,-18.77149,-3.6834986,-9.369577,6.6357923,-1.7524968,11.603978,-16.298111,-3.6148949,1.4555188,11.221741,21.418264,-23.264887,-55.290646,-2.6094484,4.901498,-13.102035,57.433037,-27.47988,10.363611,-51.49101,2.7169282,-3.875362,11.0455
61,2.4636433124542236,93.8541259765625,80.39230346679688,3.368746726908149,3.3989911867321565,88.13852688010282,21.11355,-3.145092,2.2280817,28.41498,8.302174,-6.9809585,-19.052446,-3.986855,-9.78223,6.5543094,-2.772666,11.23454,-16.27903,-3.9567285,1.5751113,11.675174,21.702942,-23.230858,-55.96453,-3.490928,4.8069286,-13.095207,57.337986,-27.452759,9.852275,-51.97062,1.9943458,-3.6751773,11.549575
62,2.570283889770508,95.43912506103516,80.21756744384766,3.4566642370206377,3.21196149967314,87.89565075179058,21.004501,-2.9028554,2.8020535,31.195614,7.078009,-6.8540506,-19.1449,-3.9534862,-10.475967,6.4873934,-3.5075617,10.534085,-16.124372,-4.0214643,1.7825242,12.111576,21.965567,-23.15519,-56.483833,-4.642925,4.7076874,-13.049177,56.903248,-27.41539,9.472081,-52.2266,1.2724061,-3.478626,11.953964
63,2.6705634593963623,97.00769805908203,79.99748992919922,3.4538400177312116,3.0274304856758327,87.5993219709295,20.75717,-2.5067065,3.5685954,34.25862,5.7227798,-6.7852097,-19.1022,-3.7743628,-11.066622,6.5073276,-4.000312,9.86409,-15.851237,-4.0232844,2.0449085,12.560833,22.214579,-23.035799,-56.867477,-5.9645915,4.619331,-12.99877,56.194763,-27.377228,9.216065,-52.29024,0.76775074,-3.294502,12.257485
64,2.7574243545532227,98.56941223144531,79.73424530029297,3.428417213686072,2.800359107477582,87.27977515534675,20.454266,-1.9925113,4.422996,37.44343,4.534533,-6.7378964,-18.856245,-3.4790735,-11.248744,6.48159,-4.1738253,9.542923,-15.483516,-4.034027,2.3784642,13.017998,22.413712,-22.872803,-57.08347,-7.349455,4.5597982,-12.988204,55.268646,-27.359785,9.07893,-52.174637,0.6946403,-3.1310587,12.451715
65,2.8476855754852295,100.12153625488281,79.41291046142578,3.592124351897856,2.4890731077871626,86.96014805376922,20.1981,-1.5811539,5.3525953,40.624126,3.6891437,-6.674185,-18.428762,-3.2845745,-10.734124,6.4833226,-3.993494,10.185623,-15.015014,-4.251025,2.754642,13.42802,22.493286,-22.705984,-57.044994,-8.839504,4.5436096,-13.051862,54.20964,-27.368563,9.020151,-51.9492,1.1435063,-3.0000582,12.521739
66,2.9404873847961426,101.65705871582031,79.04788970947266,3.8123088950087385,2.118288681460348,86.62098114281875,19.93238,-1.1396668,6.402248,43.930542,2.9823592,-6.630728,-17.805195,-3.0798295,-9.771862,6.5015225,-3.4886541,11.425746,-14.4913025,-4.5575323,3.2151968,13.958461,22.563997,-22.430685,-56.951534,-10.491556,4.557191,-13.157279,52.88074,-27.410696,9.103427,-51.54598,1.9850153,-2.8922024,12.472616
67,3.020273447036743,103.1850357055664,78.64169311523438,3.7722701684326863,1.785583955275101,86.22437692977236,19.498049,-0.31352332,7.546755,47.482903,2.2149196,-6.6407804,-17.043495,-2.5650203,-8.770366,6.507261,-2.7506511,12.146934,-13.906224,-4.622117,3.7276332,14.538084,22.611,-22.058353,-56.735523,-12.150999,4.586944,-13.25923,51.232224,-27.516779,9.372588,-50.88804,3.1335065,-2.7837574,12.29843
68,3.0943925380706787,104.69074249267578,78.22516632080078,3.2540818453143183,1.5785447593408883,85.74208632232032,18.783476,1.1491954,8.736862,51.32993,1.2325611,-6.716793,-16.28294,-1.5542133,-8.077678,6.6154003,-1.8899239,11.253945,-13.184607,-4.183311,4.240443,14.982989,22.579876,-21.702492,-56.250473,-13.6506195,4.6235824,-13.314198,49.350693,-27.657581,9.754631,-49.996017,4.512984,-2.6540425,12.030179
69,3.2225475311279297,106.13946533203125,77.87781524658203,1.9928123694425417,1.5351073001969813,85.13611002184963,17.76294,3.5848823,9.974225,55.605362,-0.016798146,-6.946595,-15.539675,0.2753706,-7.7706223,6.8130884,-0.54935515,7.6340117,-12.283146,-2.9663393,4.7471747,15.252346,22.451765,-21.38123,-55.46372,-15.122885,4.680888,-13.319374,47.192898,-27.809834,10.274766,-48.82279,6.2551823,-2.5055115,11.637951
70,3.298556089401245,107.60832214355469,77.4487533569336,0.38919777857616755,1.539901725946132,84.48540355664254,16.645096,6.541224,11.166434,60.080185,-1.3440343,-7.255812,-17.646116,2.1296751,-7.7163296,13.242937,-1.9248433,2.2192345,-11.297197,-1.3914543,5.2387533,15.4245825,22.23145,-21.060608,-54.43461,-16.58863,4.764218,-13.30815,44.827675,-27.968842,10.922221,-47.461723,8.3499365,-2.3590453,11.125455
71,3.3652515411376953,109.07137298583984,76.9410400390625,-0.9748534849652852,1.4626798208326985,83.93029851323385,15.590104,9.315851,12.169897,64.41312,-2.6382926,-7.4449673,-19.73554,3.708924,-7.894391,19.874401,-3.4583716,-3.1134856,-10.375544,-0.05953975,5.725086,15.562828,21.943272,-20.714977,-53.21917,-17.727812,4.846635,-13.293387,42.373974,-28.122776,11.635518,-46.021454,10.48871,-2.215041,10.575679
72,3.450451374053955,110.49463653564453,76.39218139648438,-1.9674933487793618,1.2673890055575652,83.52005336338038,14.58982,11.707635,12.9109955,68.48578,-3.9371257,-7.4275913,-21.007214,4.912474,-8.119208,25.062534,-5.094852,-6.620357,-9.560919,0.8968663,6.2433815,15.67257,21.602764,-20.344671,-51.81137,-18.227072,4.8872957,-13.272,39.8673,-28.251553,12.352476,-44.513657,12.367533,-2.0666227,10.073492
73,3.553161382675171,111.8848648071289,75.81366729736328,-2.8053074178808624,0.9777272237034454,83.18125623547121,13.588419,14.014056,13.413564,72.4818,-5.3703375,-7.302668,-21.502628,5.9222355,-8.342329,28.979218,-7.417077,-7.662584,-8.767505,1.6988828,6.8440757,15.682991,21.218262,-19.943626,-50.13417,-18.15007,4.858789,-13.307612,37.278503,-28.34324,13.026924,-42.926994,14.226697,-1.9049188,9.731974
74,3.6697349548339844,113.25687408447266,75.24128723144531,-3.664481399858244,0.6500856593260115,82.86899632065608,12.517116,16.436594,13.724665,76.4985,-6.9479785,-7.121502,-21.659193,6.8332353,-8.624999,32.521244,-10.448376,-7.307888,-7.951144,2.537523,7.493522,15.594127,20.788677,-19.523222,-48.199543,-17.621084,4.7801924,-13.370069,34.571342,-28.389238,13.687779,-41.22366,16.122606,-1.7315038,9.478771
75,3.7840261459350586,114.61980438232422,74.7259521484375,-4.468200582304267,0.3233515637359885,82.64620934777024,11.2949095,18.758667,13.801896,80.32751,-8.550356,-6.761233,-21.544594,7.5328846,-8.934743,35.695545,-13.658557,-6.405031,-7.178025,3.3531647,8.106695,15.490508,20.300673,-19.125343,-46.1189,-16.415764,4.6831875,-13.316171,31.769804,-28.37025,14.376182,-39.358936,17.475014,-1.5499846,9.128024
76,3.8846209049224854,115.98841094970703,74.30830383300781,-5.099450668811856,0.028015104253034617,82.58559110938778,9.84243,20.715252,13.60583,83.73856,-10.044604,-6.08423,-21.144861,7.9856186,-9.189106,38.293266,-16.429258,-5.7803955,-6.511266,4.035207,8.609463,15.45057,19.734394,-18.801926,-43.99352,-14.302864,4.611175,-13.003874,28.915192,-28.259388,15.126961,-37.301914,17.703022,-1.3608974,8.499881
77,3.978167772293091,117.36268615722656,74.00558471679688,-5.515688742189602,-0.24938970114040315,82.76061087926995,8.053399,22.230415,13.01014,86.750175,-11.410065,-4.8763084,-20.32954,8.2111,-9.391463,40.068577,-18.605389,-5.5631566,-5.9992223,4.5311646,9.011945,15.397989,19.061136,-18.622742,-41.64172,-10.608377,4.6483126,-12.252335,25.892244,-28.033886,15.973305,-34.85094,16.720814,-1.1285108,7.5657063
78,4.044961452484131,118.76419830322266,73.7886734008789,-5.775560867627205,-0.5163653269084622,83.11527544273223,5.9542723,23.409512,12.064624,89.462265,-12.709705,-3.263595,-19.12509,8.263238,-9.600095,41.13426,-20.482763,-5.338412,-5.5802574,4.896252,9.353592,15.29868,18.274956,-18.55235,-39.05131,-5.641052,4.8242736,-11.197454,22.757362,-27.682934,16.846865,-32.106926,14.813456,-0.82197845,6.434045
79,4.077947616577148,120.1773910522461,73.64543914794922,-5.896585398571404,-0.7385572396316523,83.53130493088231,3.6847827,24.250326,11.025765,91.75804,-13.92387,-1.6144103,-17.720997,8.201127,-9.764815,41.734642,-22.104332,-5.109556,-5.146442,5.1505237,9.605005,15.292909,17.407333,-18.497816,-36.57555,-0.6580033,5.0520306,-10.163806,19.794409,-27.209585,17.645662,-29.47679,11.950838,-0.4257514,5.1330094
80,4.086549758911133,121.59735870361328,73.5692138671875,-5.893910013812613,-0.8825161209323307,83.8896649680615,1.4065456,24.782219,10.169259,93.52264,-15.028468,-0.29404756,-16.310167,8.059979,-9.8232975,42.125767,-23.516487,-4.870425,-4.5941906,5.3063283,9.73162,15.5274935,16.515306,-18.36995,-34.577744,3.0818522,5.147505,-9.443261,17.249327,-26.631737,18.309013,-27.332603,8.086843,0.085543424,3.686737
81,4.0964741706848145,123.0077133178711,73.54656219482422,-5.736175416517167,-0.9199651866480096,84.19462629476384,-0.9185134,24.974392,9.54719,94.75496,-16.03268,0.64067125,-14.94614,7.7814307,-9.765179,42.356586,-24.760094,-4.607241,-3.9144452,5.310361,9.709968,16.09381,15.626418,-18.144485,-33.135887,5.341055,4.9320908,-9.025771,15.143842,-25.955416,18.914303,-25.69012,2.4873424,0.9771925,1.7797575
82,4.134520530700684,124.43544006347656,73.59651947021484,-5.424530219158402,-0.8781939438392463,84.49944360492387,-3.32106,24.830791,9.073075,95.50382,-16.930096,1.3712378,-13.523849,7.3503675,-9.624457,42.299328,-25.803865,-4.3214498,-3.1638398,5.147326,9.569939,16.921799,14.749165,-17.866602,-32.096653,6.7548575,4.5007043,-8.758428,13.338354,-25.183126,19.505217,-24.363152,-4.588748,2.3401117,-0.39485773
83,4.193761348724365,125.86727142333984,73.72135925292969,-5.03179751307939,-0.8075236908386796,84.75132744766556,-5.628361,24.47255,8.811808,95.74569,-17.682428,1.8854145,-12.01256,6.8621316,-9.394366,41.961494,-26.583471,-4.0220366,-2.337935,4.898053,9.3570385,17.927242,13.9194765,-17.550974,-31.492577,7.382983,4.0293493,-8.701708,11.807865,-24.338247,19.990423,-23.397793,-11.703542,3.7402391,-2.1317239
84,4.263720512390137,127.31298065185547,73.90571594238281,-4.63145971611904,-0.7560065253998604,84.8967248766994,-7.678225,24.027914,8.809128,95.46003,-18.2551,2.1696424,-10.381502,6.413335,-9.063452,41.35049,-27.034683,-3.7192845,-1.4269773,4.653602,9.1243725,19.043985,13.188881,-17.217775,-31.39129,7.2673492,3.7013958,-8.915335,10.530246,-23.462397,20.252548,-22.852894,-17.460686,4.5003066,-2.9213579
85,4.314195156097412,128.77867126464844,74.14140319824219,-4.235836958216423,-0.747188190694817,84.85258208681293,-9.38366,23.553429,9.167967,94.597916,-18.620028,2.0948443,-8.597453,6.0502396,-8.551009,40.42533,-27.157497,-3.4302018,-0.3588925,4.447496,8.922115,20.365147,12.592086,-16.847599,-32.04597,5.9997005,3.6011527,-9.527415,9.573605,-22.580225,20.130213,-22.896156,-21.855955,4.032226,-2.5598986
86,4.351898670196533,130.26751708984375,74.43452453613281,-3.8115625156784043,-0.7499243452461919,84.66968496633656,-10.837533,22.994808,9.833914,93.177536,-18.802519,1.7026238,-6.693644,5.7020736,-7.885377,39.204285,-26.983372,-3.139008,0.8482913,4.227072,8.733684,21.930328,12.133703,-16.453058,-33.416534,3.669809,3.6531153,-10.460932,8.930317,-21.701859,19.708548,-23.483866,-25.516012,2.6400087,-1.5247067
87,4.386716842651367,131.77932739257812,74.78031921386719,-3.354943786857611,-0.7296798824460117,84.49478498918192,-12.149959,22.310785,10.61704,91.282394,-18.858442,1.2483582,-4.736297,5.297653,-7.2187095,37.78548,-26.49777,-2.8101823,2.0600817,3.9563456,8.507252,23.594297,11.812884,-16.08856,-35.11871,1.0711424,3.78706,-11.466717,8.468842,-20.85356,19.244644,-24.358122,-28.044235,0.9778485,-0.3745706
88,4.410905361175537,133.31944274902344,75.17678833007812,-2.8655319570399023,-0.654813988416954,84.47611977047546,-13.42261,21.446117,11.332733,88.99028,-18.84548,0.9818555,-2.7877777,4.778236,-6.704962,36.265026,-25.68548,-2.4133773,3.1341703,3.6017723,8.186371,25.200672,11.622793,-15.798635,-36.748085,-0.9990322,3.884397,-12.304842,8.09223,-20.066841,19.008345,-25.284552,-29.07335,-0.21516013,0.42929244
89,4.427139759063721,134.89044189453125,75.61652374267578,-2.3246504886895343,-0.5221428939640408,84.66744997341809,-14.671829,20.344238,11.972299,86.27847,-18.8075,1.016967,-0.8072908,4.121086,-6.368221,34.58256,-24.513962,-1.9390169,4.0231075,3.143888,7.741017,26.700459,11.567112,-15.613157,-38.242744,-2.3479679,3.8837495,-12.928812,7.8507633,-19.365408,19.081495,-26.316547,-28.100817,-0.6375796,0.82748693
90,4.435043811798096,136.46380615234375,76.09168243408203,-1.7409552988627455,-0.35129221253305837,84.98784515301165,-15.823899,19.031017,12.6238575,83.10699,-18.714396,1.1900373,1.214418,3.3771818,-6.1336155,32.727898,-23.00645,-1.407999,4.795632,2.6106508,7.2106524,28.18027,11.641428,-15.489422,-39.800568,-3.3970253,3.8404973,-13.466376,7.8087063,-18.75485,19.33086,-27.579521,-25.463863,-0.6719749,1.0848426
91,4.42927360534668,138.05078125,76.58649444580078,-1.1551713843065177,-0.14662089545583032,85.38289926978439,-16.845488,17.570824,13.250364,79.52247,-18.5094,1.3374177,3.1736295,2.6066298,-6.0014243,30.874104,-21.233315,-0.8416764,5.483381,2.0407166,6.6351376,29.669327,11.818855,-15.361892,-41.382122,-4.2653584,3.7800963,-13.949163,7.893855,-18.237825,19.705357,-28.941767,-22.083035,-0.59094876,1.2529204
92,4.412614345550537,139.66287231445312,77.08643341064453,-0.608324001079609,0.08961591029108394,85.79720888603877,-17.7102,16.035013,13.809954,75.567375,-18.129477,1.3026209,4.9724145,1.8677964,-5.965799,29.188522,-19.262691,-0.26225507,6.110926,1.4746308,6.050349,31.198881,12.054603,-15.158137,-42.946033,-5.0647206,3.731552,-14.411482,8.016208,-17.81093,20.16264,-30.2465,-18.876434,-0.6720763,1.4047925
93,4.384452819824219,141.29933166503906,77.58395385742188,-0.05718985170283241,0.3812717134370545,86.26334567880313,-18.42632,14.373175,14.314513,71.151924,-17.506123,1.1057488,6.613505,1.1110357,-6.070443,27.643345,-17.014778,0.31786212,6.642524,0.8686829,5.4305873,32.76578,12.3177185,-14.851489,-44.459705,-5.739136,3.691209,-14.884154,8.166612,-17.470926,20.726515,-31.439476,-15.766031,-0.98876214,1.534175
94,4.35205602645874,142.9366455078125,78.06094360351562,0.5011057661696183,0.717419711850494,86.797587391388,-18.980469,12.558205,14.769038,66.25564,-16.681644,0.80560106,8.1462345,0.34229723,-6.286192,26.186958,-14.496765,0.9126864,7.0649962,0.23307554,4.7615237,34.34399,12.599904,-14.471702,-45.925194,-6.2439923,3.643168,-15.352017,8.370321,-17.220749,21.420181,-32.58238,-12.36921,-1.3972608,1.6264803
95,4.321438789367676,144.56787109375,78.5169677734375,0.9582676260736553,1.0494154861194005,87.31541633870788,-19.333883,10.72376,15.105973,61.021687,-15.756095,0.32568836,9.555148,-0.3027831,-6.4953003,24.916424,-11.890546,1.5422968,7.4441257,-0.31398502,4.092903,35.92873,12.889308,-14.033642,-47.351074,-6.7043047,3.6016204,-15.777744,8.590921,-17.063713,22.196665,-33.692684,-9.143446,-1.8435282,1.7582655
96,4.2663774490356445,146.19996643066406,78.94598388671875,1.2058643328174483,1.335065845552735,87.72786791139512,-19.469978,9.037805,15.24579,55.60656,-14.83871,-0.386711,10.822248,-0.69056493,-6.5791807,23.914993,-9.365291,2.226116,7.852066,-0.6561037,3.4720356,37.513557,13.173092,-13.552439,-48.74721,-7.2443843,3.5821075,-16.124725,8.796614,-17.001383,23.00648,-34.79819,-6.546774,-2.2689385,1.9934839
97,4.194916725158691,147.83583068847656,79.33837127685547,1.2054917466912236,1.588827022236564,87.99502413547715,-19.361227,7.554118,15.119897,49.857716,-13.940538,-1.3203461,11.926441,-0.7729284,-6.490804,23.156868,-6.840421,2.946355,8.3328495,-0.7566519,2.8755796,39.11184,13.442709,-13.008738,-50.11091,-7.9665895,3.5899174,-16.400341,8.980193,-17.041924,23.869434,-35.89902,-4.743816,-2.6760755,2.3465495
98,4.13400936126709,149.4703826904297,79.68380737304688,1.01497311482557,1.8302812547543816,88.15915109919297,-19.004883,6.246796,14.757628,43.703705,-12.996316,-2.398736,12.901235,-0.6181874,-6.2780538,22.561184,-4.2410116,3.7169628,8.850582,-0.6764559,2.2833083,40.71959,13.69375,-12.397974,-51.437737,-8.777836,3.615741,-16.620115,9.1632805,-17.187347,24.800306,-36.992077,-3.4689622,-3.0907397,2.774303
99,4.097683906555176,151.11434936523438,79.97282409667969,0.6691508170396397,2.0278353818970656,88.25105684153645,-18.435106,5.1670094,14.237824,37.423576,-12.005959,-3.5777438,13.807901,-0.27036166,-5.9693236,22.120262,-1.7365242,4.592747,9.363325,-0.450179,1.744916,42.30379,13.923259,-11.759224,-52.73406,-9.507285,3.6525853,-16.760456,9.344538,-17.427532,25.7402,-38.084873,-2.5394027,-3.4894211,3.2509964
100,4.08335018157959,152.75416564941406,80.20130920410156,0.20116309915936423,2.147955238922516,88.30191809848125,-17.69495,4.340972,13.653736,31.29976,-10.959034,-4.842883,14.703695,0.22687235,-5.597232,21.843742,0.49889392,5.608778,9.832062,-0.10574954,1.312143,43.831703,14.131966,-11.135296,-54.00586,-9.9834385,3.6920877,-16.796879,9.520083,-17.745203,26.627329,-39.179615,-1.7773207,-3.8470244,3.754613
101,4.0689544677734375,154.36387634277344,80.35967254638672,-0.4944226389540842,2.18040350554878,88.28793309147801,-16.722792,3.8357973,12.980972,25.132658,-9.744598,-6.4485006,15.673203,0.9921685,-5.132213,21.57207,2.507367,6.924896,10.272754,0.45212713,0.9794879,45.34965,14.323134,-10.512421,-55.28379,-10.153983,3.7389777,-16.709642,9.648385,-18.138977,27.481699,-40.267414,-1.22022,-4.168964,4.278482
102,4.05157470703125,155.95126342773438,80.4452133178711,-1.472592209964036,2.1296648682193458,88.18200833788443,-15.4736185,3.7356322,12.181539,18.769014,-8.371026,-8.314324,16.689434,2.0718043,-4.538188,21.336086,4.381787,8.435716,10.725664,1.2835653,0.71905625,46.875637,14.495996,-9.8775,-56.57915,-10.11232,3.7939436,-16.514414,9.740337,-18.612385,28.319023,-41.35136,-0.93643486,-4.4692745,4.8353505
103,4.034353256225586,157.5272216796875,80.46639251708984,-2.611558655360658,1.986946574873632,88.02320341533068,-14.07322,4.011336,11.3611965,12.648208,-7.0145106,-9.982206,17.616243,3.289161,-3.8756711,21.476954,5.9957433,9.774045,11.17158,2.294098,0.55230546,48.32697,14.649633,-9.277351,-57.852615,-9.903443,3.8438616,-16.24215,9.861303,-19.15187,29.070438,-42.44425,-0.79868096,-4.732584,5.4369464
104,4.033405780792236,159.0782928466797,80.43611907958984,-3.6681125228430673,1.7645888623361616,87.88855641000625,-12.681356,4.4235225,10.65887,7.222257,-5.8156266,-11.015576,18.253803,4.346299,-3.2757652,22.418474,7.158504,10.608619,11.54967,3.2636642,0.50786144,49.590324,14.790185,-8.758825,-59.029476,-9.571463,3.8755124,-15.924339,10.061006,-19.729189,29.669937,-43.52948,-0.68220687,-4.9431543,6.0951805
105,4.035623550415039,160.61424255371094,80.37875366210938,-4.415093037389307,1.4907251206004384,87.83707581125245,-13.42887,5.039085,9.973205,7.0149574,-7.132298,-11.130861,18.415066,5.020046,-2.8036504,24.525127,7.707296,10.804303,11.79911,3.968432,0.5987787,50.58264,14.928581,-8.340767,-60.000134,-9.055941,3.871835,-15.5201645,10.301153,-20.317396,30.118359,-44.57193,-0.6377349,-5.087425,6.8498297
106,4.029086112976074,162.13096618652344,80.29670715332031,-4.9020668829764835,1.1787484993691595,87.85179068021294,-13.989796,5.382237,9.441186,6.8942432,-8.300303,-10.651515,18.204878,5.3753204,-2.4583895,27.526213,7.7493367,10.580542,12.0193405,4.494463,0.7025377,50.69395,15.052243,-8.117233,-60.000134,-8.355262,3.7731342,-15.009665,10.586786,-20.895641,30.388262,-45.451134,-0.7127504,-5.1773868,7.682028
107,4.0200395584106445,163.6226043701172,80.18966674804688,-5.217478270815849,0.8377876804907692,87.91701885014776,-14.363778,5.508051,9.017438,6.8308754,-9.299855,-10.035642,17.795952,5.4707484,-2.301904,30.990496,7.4366336,10.164262,12.108994,4.8687825,0.9288072,50.70068,15.181829,-7.9292607,-60.000134,-7.606111,3.6938186,-14.507335,10.882293,-21.451849,30.549181,-46.232487,-0.77062565,-5.2435412,8.518022
108,4.008108615875244,165.09902954101562,80.03793334960938,-5.487613302376483,0.4636177457358638,88.01429064786514,-14.541231,5.536936,8.632339,6.8018866,-10.099281,-9.723604,17.364801,5.3932023,-2.3838158,34.517532,6.9044695,9.771964,12.09703,5.2152076,1.2521532,50.58324,15.327118,-7.7594905,-60.000134,-6.955137,3.6468925,-14.097267,11.233337,-21.969257,30.58888,-46.888298,-0.67914087,-5.307575,9.277938
109,3.9935100078582764,166.55825805664062,79.82234191894531,-5.8252223584550205,0.020803391498743672,88.13016251027933,-14.484218,5.6076665,8.289546,6.80086,-10.83791,-10.019167,16.983635,5.257769,-2.7161782,38.077732,6.080956,9.376341,12.001031,5.6496267,1.6748984,50.334938,15.4936,-7.5964046,-60.000134,-6.3568726,3.6319077,-13.814094,11.66299,-22.43395,30.471607,-47.419952,-0.3943464,-5.3802342,10.02144
110,3.979241132736206,167.9944305419922,79.55445861816406,-6.143115914548272,-0.4763841545154279,88.27758337548862,-14.197974,5.653646,8.017859,6.8206773,-11.466408,-10.616263,16.565619,4.987477,-3.2556152,41.848896,4.9303617,8.885565,11.803478,6.0764422,2.2043622,49.96926,15.687259,-7.453364,-60.000134,-5.765341,3.6403985,-13.604779,12.134106,-22.836775,30.216694,-47.818863,0.008112411,-5.4435506,10.766468
111,3.9826929569244385,169.40931701660156,79.23824310302734,-6.271760404652174,-0.9607198778220208,88.4765085259522,-13.747408,5.4937654,7.7668605,6.856621,-11.674984,-11.020738,16.038925,4.374658,-3.969532,45.7855,3.6216931,8.413946,11.483642,6.307782,2.8242204,49.49805,15.913997,-7.3546705,-60.000134,-5.3207455,3.6670156,-13.424409,12.605182,-23.169445,29.890522,-48.041924,0.4813805,-5.475962,11.372264
112,3.9992241859436035,170.81307983398438,78.89126586914062,-6.053055793876994,-1.3679819684295613,88.74081815510378,-13.203473,4.945334,7.47262,6.9195433,-11.1692,-10.7432,15.352125,3.2171636,-4.8156114,49.814354,2.3414836,8.0720415,11.02673,6.165504,3.513242,48.935143,16.178068,-7.322454,-60.000134,-5.163839,3.7060575,-13.227827,13.031373,-23.423769,29.562563,-48.048664,0.9777264,-5.459244,11.698055
113,4.033099174499512,172.1940460205078,78.52143096923828,-5.3691372214822,-1.6972503791425373,89.0945344078981,-12.544744,3.8268209,7.057404,6.985483,-9.46215,-9.617696,14.546948,1.3263907,-5.844939,53.9521,1.1470233,7.947509,10.411503,5.5303984,4.295287,48.250965,16.479078,-7.3669596,-60.000134,-5.3639946,3.7481377,-13.000127,13.413749,-23.586857,29.232447,-47.83471,1.5429702,-5.367212,11.69562
114,4.003146171569824,173.5215606689453,78.20040130615234,-4.360505479564406,-1.99968539877108,89.50454518646309,-11.761112,2.290806,6.6067543,7.074997,-6.8065853,-8.001548,13.712109,-1.127829,-6.9961724,58.177097,-0.03422532,7.9564323,9.67692,4.5457373,5.160701,47.44999,16.81509,-7.47332,-60.000134,-5.836181,3.7938416,-12.764017,13.763171,-23.652008,28.875422,-47.403732,2.181485,-5.220233,11.44711
115,3.972449779510498,174.84706115722656,77.83212280273438,-3.256927339001704,-2.294226511638087,89.89475348812667,-12.384655,0.8191029,6.256585,10.377477,-5.6872153,-6.151562,12.850914,-3.8030367,-8.064831,62.371674,-1.2179255,7.9487963,8.903142,3.4374037,6.0460305,46.596436,17.186003,-7.6258373,-60.000134,-6.4879394,3.8530366,-12.531535,14.051461,-23.629398,28.520458,-46.73119,2.784836,-5.071511,11.007775
116,3.9925694465637207,176.1849822998047,77.3592758178711,-2.2657523131328174,-2.582529622841425,90.19952209978038,-13.6162815,-0.3718227,6.195888,15.142138,-6.021768,-4.209542,11.911062,-6.37328,-8.877524,66.45042,-2.4393928,7.7745886,8.154227,2.412868,6.8950076,45.75111,17.591303,-7.806642,-60.000134,-7.227464,3.9378114,-12.314921,14.255366,-23.538754,28.195778,-45.799576,3.2441607,-4.9735746,10.429591
117,4.002159595489502,177.514892578125,76.83415222167969,-1.3748239505155955,-2.8391841796632047,90.42065579212678,-15.058442,-1.2837912,6.437347,20.55393,-7.5446873,-1.8023471,10.832985,-8.90662,-9.44481,70.523445,-3.764697,7.4472666,7.4352274,1.4562207,7.6953006,44.882454,18.032898,-8.022072,-60.000134,-8.253363,4.045428,-12.091072,14.3904705,-23.40057,27.898554,-44.65304,3.656939,-4.930101,9.679574
118,3.9979248046875,178.80796813964844,76.29190063476562,-0.5503564610631357,-3.0752362082032354,90.57982061623196,-16.662697,-1.9933233,6.8252697,26.556616,-9.821434,1.059774,9.642786,-11.46163,-9.838324,74.59521,-5.157501,7.0079613,6.8048797,0.5921314,8.386595,43.435966,18.490305,-8.413214,-59.3596,-9.545289,4.1077366,-11.844051,14.548748,-23.219418,27.555689,-43.255745,4.039891,-4.917845,8.737892
119,3.9927687644958496,180.10049438476562,75.74859619140625,0.18166646189249655,-3.317684363561928,90.66655250118245,-17.940203,-2.565862,7.218977,32.073677,-12.306209,3.7431498,8.343928,-13.851987,-9.983153,78.48512,-6.5468087,6.400051,6.2700453,-0.13907887,8.977959,41.42067,18.938015,-8.98393,-58.006355,-10.676583,4.1284943,-11.624812,14.729605,-22.990927,27.165169,-41.551758,4.1651335,-4.946557,7.6830983
120,3.973114013671875,181.381103515625,75.24446105957031,0.8218417403905062,-3.5868999834124273,90.67843288264007,-18.489023,-3.0974553,7.552378,36.194584,-14.527955,5.5970745,6.92286,-15.9129925,-9.814842,82.014786,-7.8590007,5.5798697,5.768843,-0.76026946,9.532533,39.18774,19.355417,-9.633703,-56.277565,-11.217854,4.1576734,-11.494489,14.872898,-22.702923,26.773623,-39.501755,3.8013005,-5.017528,6.59448
121,3.9611849784851074,182.64947509765625,74.80693817138672,1.4357343831588985,-3.9092197454670976,90.6018299683263,-18.158403,-3.6503017,7.888798,38.706703,-16.560984,6.3081203,5.304139,-17.662872,-9.217508,85.24689,-9.099597,4.4306836,5.2820797,-1.3326193,10.086605,36.675766,19.727222,-10.357221,-54.06103,-11.345672,4.1130495,-11.431771,14.883638,-22.33702,26.421885,-36.926384,2.969581,-5.1443663,5.4880414
122,3.954246997833252,183.93556213378906,74.44906616210938,2.0465131092279667,-4.254009739443891,90.44952790768505,-17.254362,-4.19836,8.269373,40.244408,-18.686422,6.2867904,3.4642591,-19.17757,-8.252732,88.25494,-10.295771,3.035451,4.802297,-1.8981532,10.624304,33.941887,20.03983,-11.135324,-51.46893,-11.191918,4.020943,-11.425111,14.786206,-21.88681,26.100466,-33.901295,1.7592682,-5.3032093,4.325495
123,3.964088201522827,185.2399444580078,74.17032623291016,2.5744086224755667,-4.560410068843553,90.26490422919215,-16.075687,-4.677233,8.628629,41.19921,-20.737808,5.956708,1.4673198,-20.377024,-7.1528296,90.90198,-11.412331,1.6418257,4.316635,-2.403204,11.069338,31.157839,20.26993,-11.919957,-48.72458,-10.268296,4.052287,-11.544932,14.722682,-21.361443,25.764431,-30.719791,0.039836545,-5.4232283,3.0950787
124,3.973604440689087,186.55943298339844,73.95503234863281,2.9399337897785425,-4.770577444656315,90.09230041441549,-14.905634,-5.021423,8.880635,41.939297,-22.531126,5.7313633,-0.6024908,-21.207993,-6.1685653,93.05351,-12.420146,0.48991567,3.802321,-2.781519,11.346159,28.468348,20.395962,-12.672843,-46.014263,-8.075372,4.375815,-11.877964,14.824239,-20.782223,25.383053,-27.670507,-2.3167708,-5.4244466,1.7812532
125,3.9918758869171143,187.8745880126953,73.8106460571289,3.1035610348200966,-4.854552454828862,89.90535055293203,-13.799464,-5.1705995,9.015102,42.524517,-24.05166,5.6639347,-2.8114672,-21.622112,-5.3142586,94.71735,-13.337179,-0.40372786,3.2825162,-2.9676204,11.418707,25.750559,20.401888,-13.431942,-43.148693,-4.293138,5.239317,-12.529801,15.093312,-20.15004,24.970594,-24.618113,-6.066735,-5.177769,0.16861102
126,4.00479793548584,189.1917266845703,73.73173522949219,3.1135436541225183,-4.850444623414102,89.69498207889322,-12.605237,-5.1568947,9.075219,42.7706,-25.385902,5.548029,-5.1589594,-21.664951,-4.5203805,95.95672,-14.166078,-1.1580212,2.7446375,-3.0001767,11.332572,22.958946,20.285677,-14.200917,-40.059277,0.7802464,6.429956,-13.525233,15.467251,-19.465443,24.55295,-21.480587,-10.894487,-4.6611085,-1.6410761
127,3.9930782318115234,190.53553771972656,73.7199478149414,3.0194007841123964,-4.8046463379575535,89.53198143262522,-11.291408,-5.0609612,9.0401945,42.673134,-26.49612,5.4041877,-7.455515,-21.453856,-3.9131382,96.731766,-14.857296,-1.7378289,2.1146317,-2.9614046,11.136994,20.329472,20.061218,-14.905636,-37.09297,6.7373657,7.419663,-14.793434,15.978843,-18.761381,24.11837,-18.626213,-15.309865,-4.066396,-3.2128308
128,3.9873242378234863,191.87510681152344,73.78522491455078,2.8715801184742817,-4.7625498285791235,89.48712541583924,-9.827687,-4.966166,8.886392,42.228626,-27.345015,5.256193,-9.514757,-21.118761,-3.6058066,96.997314,-15.36606,-2.1086502,1.3220698,-2.9293053,10.890698,18.105944,19.755297,-15.470115,-34.623997,13.17694,7.7137785,-16.150072,16.675709,-18.09464,23.645422,-16.450624,-17.842026,-3.7281735,-4.1817594
129,3.9730288982391357,193.236328125,73.90731811523438,2.6659144576389453,-4.753745170601374,89.61830371429542,-8.145571,-4.9018755,8.561018,41.353558,-27.947807,5.1189184,-11.260313,-20.69713,-3.6723957,96.701996,-15.664461,-2.203234,0.31295303,-2.9138677,10.636765,16.330528,19.377724,-15.882435,-32.711388,21.154842,6.933606,-17.59979,17.667297,-17.49921,23.070019,-15.169567,-17.727589,-3.8918886,-4.3913555
130,3.979327917098999,194.62200927734375,74.10061645507812,2.3813772579693873,-4.747682856556064,89.87521540302534,-6.283393,-4.811909,8.092509,40.08227,-28.31926,4.9772754,-12.792687,-20.1459,-4.0436187,95.87904,-15.785572,-2.0594585,-0.8637206,-2.8694937,10.359644,14.865592,18.939419,-16.165428,-31.178074,30.504148,5.3110056,-18.982729,18.932877,-16.981293,22.424253,-14.604408,-15.864848,-4.3940835,-4.071456
131,3.9928832054138184,196.0380096435547,74.3558349609375,2.043230975961472,-4.698457685754681,90.16640210015655,-4.3701916,-4.6582284,7.578313,38.588135,-28.422773,4.8120666,-14.198393,-19.486849,-4.6016097,94.6085,-15.778165,-1.7988181,-2.114516,-2.778934,10.026881,13.700344,18.477795,-16.31755,-30.07588,38.92743,3.4910345,-19.938066,20.327648,-16.56372,21.812725,-14.552716,-13.305877,-4.992959,-3.4796426
132,4.017974853515625,197.45706176757812,74.65267181396484,1.6772644609794425,-4.561447952014319,90.39982364603968,-2.5351045,-4.411469,7.1174917,37.043484,-28.220985,4.6027107,-15.560102,-18.731298,-5.231142,92.970695,-15.691508,-1.5422293,-3.3355138,-2.6176136,9.5988035,12.845558,18.036562,-16.370268,-29.46322,44.17772,2.2525423,-20.419254,21.726665,-16.282114,21.325363,-14.8242655,-11.111928,-5.469533,-2.911462
133,4.045127868652344,198.89183044433594,74.99895477294922,1.2722097672610175,-4.319783934039822,90.57392882376116,-0.7747934,-4.0639687,6.6971297,35.406628,-27.692362,4.375198,-16.887676,-17.889515,-5.9727964,90.95901,-15.565345,-1.3121136,-4.527299,-2.365433,9.055955,12.398028,17.639399,-16.285847,-29.510115,45.43422,1.8906106,-20.63614,23.158474,-16.176727,20.998678,-15.530997,-9.34528,-5.8054266,-2.410509
134,4.070572376251221,200.33119201660156,75.37889099121094,0.8243117089761187,-3.999282133005712,90.72798826573975,0.9595547,-3.6378016,6.28147,33.62429,-26.865623,4.128232,-18.133068,-16.958971,-6.856799,88.530426,-15.371582,-1.042616,-5.73289,-2.0253983,8.437468,12.356261,17.288746,-16.070621,-30.181847,44.023697,2.0558574,-20.678364,24.707766,-16.256063,20.770952,-16.771666,-7.4951725,-6.0934277,-1.8370672
135,4.091862678527832,201.79974365234375,75.78926086425781,0.3673571601790982,-3.622287342121467,90.83166253617321,2.6115637,-3.1571467,5.9318156,31.848648,-25.77746,3.8035007,-19.288082,-15.924693,-7.75464,85.70982,-15.057457,-0.7206727,-6.899994,-1.6135749,7.7804704,12.568193,16.988182,-15.841919,-31.199585,40.990047,2.5348823,-20.454437,26.331026,-16.49471,20.569887,-18.321232,-5.779893,-6.3211217,-1.2416334
136,4.126082897186279,203.3003387451172,76.2257080078125,-0.06875248679749768,-3.211184674757758,90.8559779844938,4.13243,-2.6478436,5.7030935,30.223524,-24.459223,3.3465073,-20.343409,-14.767797,-8.539252,82.51968,-14.569485,-0.33635637,-7.9705477,-1.1563653,7.112597,12.866899,16.741476,-15.726895,-32.263546,37.36354,3.0939543,-19.869505,27.97065,-16.841923,20.319675,-19.928448,-4.4293475,-6.487366,-0.676133
137,4.1642231941223145,204.8014373779297,76.66747283935547,-0.5050942432439461,-2.7473761163696517,90.76774169014581,5.5160885,-2.0836363,5.628178,28.743658,-22.873226,2.7425454,-21.330065,-13.410256,-9.177822,78.918,-13.874964,0.095536485,-8.916028,-0.63689137,6.404411,13.256071,16.554976,-15.770071,-33.319965,32.60453,3.7709904,-18.679506,29.58308,-17.264603,20.009169,-21.546667,-3.6008978,-6.5954423,-0.1333622
138,4.207504749298096,206.29531860351562,77.12394714355469,-0.947451728335224,-2.2296720691720155,90.59024671628617,6.792822,-1.4759778,5.6565666,27.34866,-21.020283,2.0251133,-22.224625,-11.887448,-9.727438,74.891685,-13.012612,0.57139444,-9.759724,-0.067335166,5.6501975,13.797479,16.438574,-15.90271,-34.507027,26.384663,4.5222406,-16.93138,31.189842,-17.75178,19.664282,-23.266853,-3.1540961,-6.6577525,0.41103613
139,4.272546291351318,207.80453491210938,77.57189178466797,-1.3462726504655906,-1.7056814538538343,90.38182066310806,7.9761577,-0.9046377,5.712697,26.079134,-18.983093,1.2111742,-22.93866,-10.344173,-10.196656,70.49817,-12.031941,1.1159806,-10.524146,0.48135167,4.900788,14.40457,16.396854,-16.09245,-35.798485,20.117064,5.072667,-15.066858,32.821423,-18.278772,19.269014,-25.034,-2.8754666,-6.690553,0.9267879
140,4.346473693847656,209.3087158203125,78.01132202148438,-1.6490985662310786,-1.2204271627077217,90.20248441889021,9.073473,-0.44455522,5.7219114,24.982306,-16.839611,0.3149507,-23.392046,-8.920956,-10.596118,65.79085,-10.978614,1.7512013,-11.22652,0.9485252,4.1984754,14.989848,16.422832,-16.325375,-37.163548,15.248153,5.3247437,-13.598921,34.508675,-18.810846,18.797922,-26.782469,-2.5586364,-6.70602,1.385294
141,4.42379093170166,210.82875061035156,78.4256362915039,-1.8851079306391167,-0.7507065438097097,90.05704688580312,10.060327,-0.058914732,5.6965203,24.039326,-14.466885,-0.68589103,-23.566013,-7.594306,-10.963439,60.64362,-9.76754,2.4561741,-11.861902,1.3684143,3.510311,15.534462,16.5128,-16.654505,-38.588543,12.110675,5.364156,-12.650839,36.254856,-19.325026,18.23396,-28.472736,-2.196893,-6.7122927,1.7618853
142,4.4977922439575195,212.3526153564453,78.80970001220703,-2.0654420888703497,-0.2830817229144335,89.9206469498136,10.950312,0.26353356,5.6422124,23.219227,-11.867738,-1.804144,-23.486872,-6.3012114,-11.269766,55.035526,-8.390255,3.2243443,-12.41747,1.7535096,2.8165333,16.07379,16.666622,-17.082787,-40.076508,9.956653,5.303641,-11.989646,38.0352,-19.81318,17.582129,-30.121737,-1.896634,-6.7039886,2.0815036
143,4.562884330749512,213.88050842285156,79.15623474121094,-2.11724407079932,0.12511317333086033,89.8120373976788,11.811327,0.41516745,5.4853973,22.528805,-9.293358,-3.0029705,-23.15031,-5.1286325,-11.428325,49.172363,-7.004881,4.0967226,-12.90582,2.0154889,2.176268,16.611576,16.875433,-17.522184,-41.629276,8.597417,5.1939964,-11.602797,39.83287,-20.265785,16.847902,-31.745878,-1.6224045,-6.668696,2.3883686
144,4.621679306030273,215.4178924560547,79.45286560058594,-1.9654553404823836,0.41659267161823854,89.75236188222758,12.703127,0.2942343,5.1632266,21.984076,-6.99049,-4.2336755,-22.559357,-4.1798515,-11.358922,43.26612,-5.7672095,5.1047087,-13.346691,2.0658166,1.6470269,17.149958,17.12444,-17.880346,-43.24604,7.8545003,5.0703273,-11.479599,41.62757,-20.674408,16.039818,-33.361916,-1.3399067,-6.5930123,2.7260973
145,4.684058666229248,216.93336486816406,79.68946838378906,-1.5049224001404053,0.5586800476778506,89.7627762589013,13.721786,-0.21902695,4.6202483,21.447187,-4.920998,-5.5595856,-21.620352,-3.5345175,-10.940325,37.10027,-4.7471795,6.344896,-13.763187,1.8052027,1.2325304,17.687252,17.404673,-18.134825,-44.96099,8.048411,4.933541,-11.739389,43.46287,-21.029655,15.125738,-34.992138,-1.0179111,-6.4679646,3.1164007
146,4.747569561004639,218.45639038085938,79.86314392089844,-0.7834076654500274,0.5837367915686541,89.8398069979951,14.819524,-1.0481669,3.8850596,20.95151,-2.9708164,-6.9676704,-20.316158,-3.192465,-10.255135,30.551449,-3.8069675,7.737943,-14.160068,1.2819666,0.89708126,18.220924,17.714725,-18.32817,-46.75707,9.152221,4.767661,-12.348492,45.33097,-21.32584,14.112155,-36.623947,-0.68511546,-6.3021884,3.5305116
147,4.80288028717041,219.95950317382812,79.9541015625,0.06314027644534759,0.5291007128028968,89.96406376851816,15.834273,-2.0094037,3.0497806,20.7866,-1.2770768,-8.280392,-18.796541,-3.1235387,-9.533969,24.023205,-2.808861,9.085388,-14.52599,0.6116072,0.63987,18.752449,18.051521,-18.465046,-48.56126,10.470482,4.5796337,-13.068133,47.134506,-21.565084,13.072497,-38.21925,-0.39691722,-6.1089015,3.9369178
148,4.848973274230957,221.4338836669922,79.97108459472656,0.9007584857372521,0.4328181674322063,90.11028704152763,16.595852,-2.9327056,2.2355158,21.239052,0.020379,-9.320491,-17.269056,-3.2455506,-9.0004425,18.023863,-1.6507629,10.236604,-14.842077,-0.09447867,0.46353444,19.286697,18.412832,-18.550108,-50.30236,11.310729,4.3992963,-13.664839,48.772915,-21.76026,12.08624,-39.734447,-0.20947401,-5.901643,4.3053412
149,4.8955793380737305,222.88406372070312,79.92517852783203,1.725987260517775,0.30493073997200987,90.28455894868529,17.029558,-3.8405802,1.4101175,22.439247,0.86584413,-10.064503,-15.785959,-3.538015,-8.737095,12.605906,-0.22698,11.243348,-15.110624,-0.8317782,0.36649108,19.813725,18.80613,-18.577911,-52.0008,11.607769,4.2490673,-14.133493,50.262287,-21.922297,11.152704,-41.184704,-0.14342922,-5.6739035,4.638703
150,4.954909324645996,224.3173828125,79.8347396850586,2.5980910015798258,0.12414239630980661,90.48145414549872,17.213108,-4.78759,0.57551265,24.268463,1.3183279,-10.587448,-14.183612,-3.9727156,-8.641721,7.355163,1.4885027,12.203142,-15.328366,-1.6548284,0.35046878,20.343597,19.233402,-18.544529,-53.69512,11.689914,4.114793,-14.579644,51.639587,-22.055546,10.244088,-42.586365,-0.16537835,-5.423183,4.9488506
151,5.030557632446289,225.72848510742188,79.71007537841797,3.4041908876547353,-0.09894436028783134,90.63845160997161,17.159891,-5.579962,-0.061551552,26.675848,1.3758885,-10.882194,-14.453723,-4.648683,-8.500452,6.5613947,1.1123178,13.026358,-15.437281,-2.4572043,0.43122485,20.88444,19.675903,-18.467472,-55.30682,11.458938,3.9876142,-14.939003,52.83016,-22.171902,9.392205,-43.88059,-0.2510851,-5.169607,5.2219377
152,5.105055809020996,227.1147003173828,79.550537109375,4.037135698323703,-0.351403304243303,90.70313354335543,16.905807,-6.0432096,-0.3122197,29.55463,1.0665007,-10.943389,-14.786591,-5.1258087,-8.372704,6.4146304,0.53422016,13.609938,-15.38687,-3.1311564,0.6225404,21.43454,20.10179,-18.3658,-56.75208,10.82161,3.860599,-15.153154,53.762794,-22.290533,8.628158,-45.01371,-0.37644204,-4.9321613,5.443417
153,5.175524711608887,228.48219299316406,79.34940338134766,4.5166346133005355,-0.6440844580761459,90.68825195302142,16.474825,-6.215464,-0.15406863,32.925385,0.3354173,-10.678301,-14.875847,-5.4079294,-8.371788,6.3452206,-0.08348714,14.126916,-15.180516,-3.6886268,0.93561965,21.985418,20.486502,-18.234846,-58.014442,9.694027,3.7188914,-15.203925,54.455177,-22.427074,7.948697,-46.00175,-0.58844405,-4.706041,5.6074677
154,5.2546186447143555,229.81674194335938,79.11336517333984,4.845675450236478,-0.9650644530676756,90.61066949635914,15.860953,-6.123543,0.31425542,36.76898,-0.7888137,-10.130147,-14.742373,-5.517387,-8.514841,6.326813,-0.629053,14.555613,-14.832858,-4.1204,1.3606542,22.505415,20.820484,-18.077246,-59.096947,8.154785,3.5688035,-15.135573,54.936234,-22.593052,7.3366814,-46.864185,-0.8801977,-4.4836035,5.72159
155,5.313345432281494,231.16221618652344,78.83351135253906,4.923202816213396,-1.2721753039680253,90.43652593333289,15.093334,-5.6086802,1.0696297,40.8663,-2.1263404,-9.494938,-14.444167,-5.3057785,-8.63629,6.344079,-0.875987,14.4930525,-14.325553,-4.317432,1.8727746,22.959421,21.093357,-17.920761,-59.938778,6.3541713,3.432681,-14.983665,55.1525,-22.80296,6.809261,-47.54182,-1.146058,-4.278409,5.788651
156,5.35824728012085,232.4820556640625,78.51786041259766,4.644914109607538,-1.5282040038147615,90.13357019066872,14.204508,-4.496993,2.0800567,45.017418,-3.504726,-8.964097,-14.042135,-4.6179113,-8.56551,6.3902555,-0.60331124,13.53374,-13.588046,-4.189686,2.366183,22.939056,21.261467,-17.887785,-60.000134,4.408062,3.288774,-14.737239,55.09228,-23.059776,6.391391,-47.93176,-1.262301,-4.101596,5.78968
157,5.393589496612549,233.78253173828125,78.19334411621094,3.876646946379015,-1.7263524826561543,89.65131080929011,13.2221575,-2.5807226,3.4013686,49.2707,-4.9113674,-8.595086,-13.530404,-3.2495732,-8.123391,6.4576063,0.6381728,11.23212,-12.648129,-3.5501318,2.9741259,23.020601,21.33229,-17.862787,-60.000134,2.1807709,3.2238934,-14.468192,54.65369,-23.39574,6.0676403,-48.090317,-1.2100773,-3.9630566,5.7533107
158,5.487732410430908,235.03611755371094,77.89949798583984,2.7412857513874815,-1.9118165663823519,89.04261149891127,12.221567,-0.0213606,4.9420567,53.635952,-6.3881426,-8.282872,-12.89987,-1.3648059,-7.476102,6.56236,2.6881335,7.9671445,-11.587929,-2.5314324,3.6833339,23.264051,21.335796,-17.787613,-60.000134,-0.34454814,3.209009,-14.15655,53.873165,-23.84104,5.856731,-48.064915,-1.042164,-3.8534405,5.6683435
159,5.554898738861084,236.27801513671875,77.53546905517578,1.5563714553409114,-2.1163409818850547,88.425239850769,11.261485,2.7705853,6.488465,57.90341,-7.867404,-7.956112,-14.166673,0.36270246,-6.9164934,10.930634,2.5706985,4.5457616,-10.551593,-1.4589441,4.432899,23.634884,21.298891,-17.635122,-60.000134,-2.7225678,3.2178648,-13.835099,52.848698,-24.391495,5.7630386,-47.918777,-0.82522166,-3.7624412,5.5464945
160,5.618459224700928,237.52243041992188,77.08242797851562,0.5699477449625417,-2.3459255515758133,87.89681068118722,10.324552,5.460922,7.878176,61.93136,-9.331992,-7.546515,-15.40692,1.8211994,-6.732409,15.424651,1.5817666,1.6603558,-9.612615,-0.5859921,5.150309,23.907093,21.220713,-17.450527,-59.773487,-4.5090113,3.2163146,-13.522231,51.675507,-25.00674,5.7791705,-47.66339,-0.6269888,-3.6798038,5.398923
161,5.6780171394348145,238.7409210205078,76.58837127685547,-0.29570494858498714,-2.567691097314259,87.41059736725448,9.363959,8.249681,9.218643,65.85307,-10.88222,-7.1405463,-16.633776,3.0489616,-6.9058795,20.133097,-0.7476673,-0.75486827,-8.6978245,0.1568212,5.8276863,23.924679,21.109121,-17.254732,-59.184357,-5.711736,3.1821032,-13.176544,50.359913,-25.659504,5.8898582,-47.33579,-0.44865593,-3.5925934,5.2387147
162,5.761975288391113,239.9242706298828,76.07059478759766,-1.1641924931145995,-2.7788757472648564,86.92584773650793,8.380885,11.275131,10.553918,69.7432,-12.527424,-6.7393417,-17.949724,4.1511717,-7.204205,25.337976,-4.135686,-3.0486505,-7.777123,0.90209,6.5128465,23.87496,20.977488,-17.0269,-58.435204,-6.5215955,3.1502006,-12.799836,48.833584,-26.343073,6.1039944,-46.90632,-0.26707804,-3.5114245,5.0656
163,5.867194175720215,241.07675170898438,75.53567504882812,-1.9990539203972837,-3.00287126355255,86.52597402277004,7.3349543,14.257969,11.637616,73.43927,-14.164441,-6.183664,-19.020435,5.075396,-7.484576,30.274334,-7.81126,-5.004413,-6.930586,1.6173214,7.171445,23.771675,20.80997,-16.795107,-57.430897,-6.81026,3.1245646,-12.454572,47.072094,-27.036736,6.453467,-46.208015,-0.097101994,-3.4607964,4.8677173
164,5.98020076751709,242.22796630859375,75.02548217773438,-2.745287708431995,-3.2630336954328065,86.30074905102458,6.150657,16.878622,12.225121,76.765396,-15.686737,-5.31471,-19.526218,5.8242383,-7.715461,34.151737,-10.90977,-6.3819647,-6.2383966,2.2516365,7.773923,23.612291,20.574615,-16.593227,-56.05591,-6.4447474,3.112775,-12.211271,45.06488,-27.711037,6.9646463,-45.083652,0.04363173,-3.4651694,4.637635
165,6.0788164138793945,243.38064575195312,74.57750701904297,-3.4369729360338725,-3.5863204668693944,86.28018859028587,4.717425,19.12572,12.177949,79.78903,-17.11079,-3.9295588,-19.317732,6.4710555,-8.017682,36.68241,-13.19326,-6.9607673,-5.7200723,2.828516,8.362795,23.32362,20.249374,-16.443007,-54.16076,-5.320285,3.107234,-12.0972395,42.715847,-28.367252,7.6611605,-43.41706,0.2843426,-3.556306,4.4446383
166,6.131485462188721,244.53701782226562,74.22843933105469,-4.102033590710933,-3.943692641995041,86.41210883822569,3.0226588,21.119701,11.633735,82.56948,-18.485998,-2.1766572,-18.62283,7.042537,-8.442131,38.35402,-15.113324,-6.9146605,-5.3382363,3.3846738,8.942135,22.928894,19.828482,-16.313032,-51.83428,-3.5272436,3.1115735,-12.0802555,40.066204,-28.998335,8.523818,-41.32765,0.58970445,-3.7139204,4.2689443
167,6.14124870300293,245.71282958984375,73.99715423583984,-4.660764253190055,-4.276942054156509,86.66962407703993,1.1327981,22.714846,10.7888565,84.920715,-19.742905,-0.42082047,-17.66202,7.480095,-8.904854,39.485775,-16.791695,-6.5931687,-5.0666556,3.8661277,9.432225,22.533304,19.305748,-16.18178,-49.295624,-1.2239658,3.144416,-12.145537,37.350372,-29.54701,9.483077,-39.033607,0.68923515,-3.8838303,3.981706
168,6.1293206214904785,246.9124755859375,73.85436248779297,-5.031479757815136,-4.531549254982998,87.02463991931133,-0.85116017,23.788523,9.874139,86.66703,-20.807974,0.97520036,-16.64397,7.7066216,-9.298017,40.390713,-18.344103,-6.341492,-4.84063,4.214451,9.753326,22.191628,18.680992,-16.065067,-46.726536,1.4393464,3.2272224,-12.283719,34.82535,-29.932592,10.435638,-36.74519,0.3013596,-4.006654,3.4730616
169,6.129193305969238,248.11807250976562,73.79207611083984,-5.155194450660485,-4.678830079680483,87.57203737494858,-3.0074582,24.19197,8.839462,87.778336,-21.649706,1.9481009,-15.577792,7.5940943,-9.648434,41.089943,-19.820911,-6.1910133,-4.684661,4.3586345,9.853454,21.802015,17.943542,-16.029629,-43.938553,4.9278626,3.419639,-12.512817,32.48441,-30.07971,11.364785,-34.290257,-0.74035597,-4.0188546,2.6984417
170,6.148156642913818,249.32106018066406,73.78475952148438,-5.084776138491421,-4.757261643841687,88.29097689179854,-5.3218555,24.005636,7.6731896,88.35346,-22.296618,2.678623,-14.356398,7.2099643,-10.006271,41.43343,-21.153301,-5.976834,-4.556992,4.3314047,9.787518,21.307188,17.10338,-16.088282,-40.860237,9.1731825,3.6776042,-12.854061,30.259413,-29.975782,12.261454,-31.625233,-2.2813878,-3.943299,1.7639768
171,6.185356140136719,250.51577758789062,73.8272933959961,-4.909830210211493,-4.814394026686497,88.97976826067179,-7.5355263,23.491016,6.6616483,88.405785,-22.75775,3.1627707,-13.011341,6.758066,-10.275645,41.47569,-22.271347,-5.7443156,-4.3007274,4.227452,9.63223,20.842495,16.20843,-16.181644,-37.86439,13.2133665,3.8710587,-13.275313,28.292921,-29.660265,13.053124,-29.135416,-4.1194034,-3.850268,0.77285403
172,6.2228312492370605,251.70457458496094,73.92650604248047,-4.720816781378662,-4.893578620380487,89.43602992153947,-9.414899,22.94146,6.054825,87.94936,-23.048666,3.39814,-11.579503,6.4389486,-10.349779,41.27211,-23.105799,-5.538537,-3.776495,4.143441,9.465596,20.570095,15.326643,-16.246254,-35.35965,16.071217,3.8891957,-13.707977,26.715946,-29.203278,13.685502,-27.210903,-6.0441513,-3.8244314,-0.19677074
173,6.256422519683838,252.91702270507812,74.08749389648438,-4.528517435551964,-5.011998819053967,89.55949040407981,-10.885732,22.452715,5.954731,86.93926,-23.150513,3.2750769,-10.022282,6.3213058,-10.132132,40.739204,-23.641476,-5.3770037,-2.8941119,4.101862,9.318063,20.567371,14.48749,-16.25719,-33.440365,17.328053,3.6697354,-14.140654,25.636316,-28.63437,14.124492,-25.991219,-8.32621,-3.883824,-1.3055136
174,6.298186779022217,254.1344451904297,74.29997253417969,-4.289846628857232,-5.1435557275495905,89.47248379803003,-12.072089,21.900341,6.209266,85.38134,-23.0664,2.8299456,-8.340984,6.2769256,-9.695117,39.886368,-23.91753,-5.2292013,-1.7587287,4.04274,9.153135,20.772732,13.692807,-16.250225,-31.944029,17.537369,3.3036513,-14.582685,24.958872,-27.95776,14.417702,-25.268375,-10.957579,-3.9577942,-2.5575094
175,6.329704284667969,255.36676025390625,74.56407165527344,-4.015327182064625,-5.263336659938915,89.30678962677709,-13.057123,21.254879,6.661501,83.364334,-22.847916,2.280702,-6.6330485,6.2147202,-9.180128,38.90818,-23.944712,-5.0705967,-0.5396197,3.942341,8.947887,21.153019,12.97042,-16.245007,-30.902714,17.18143,2.9236958,-14.989006,24.494217,-27.216162,14.650742,-24.89913,-13.305351,-4.050829,-3.6539645
176,6.350402355194092,256.6226806640625,74.87432098388672,-3.713623482228142,-5.348256618997578,89.19451952707769,-13.918024,20.47856,7.1620855,80.97493,-22.549866,1.8459812,-4.9975557,6.0529237,-8.7335,38.00036,-23.73494,-4.8795466,0.58469284,3.7802725,8.68338,21.70031,12.360768,-16.25066,-30.37708,16.732822,2.655669,-15.301817,24.056822,-26.473509,14.912523,-24.75364,-14.722205,-4.2160892,-4.304085
177,6.37876033782959,257.8841247558594,75.21976470947266,-3.35904659642035,-5.390784357462099,89.13965146760495,-14.65962,19.543867,7.733051,78.20828,-22.187769,1.666229,-3.4258697,5.7642126,-8.344241,37.14399,-23.271854,-4.658182,1.5859908,3.5262668,8.3546295,22.493944,11.897682,-16.274057,-30.555437,16.2114,2.5393941,-15.450721,23.650042,-25.77446,15.21292,-24.916603,-14.836085,-4.550614,-4.3593197
178,6.39525032043457,259.16900634765625,75.59843444824219,-2.955533693406545,-5.4033515607641185,89.08292013720376,-15.242561,18.483408,8.421673,75.02251,-21.743147,1.598494,-1.8840282,5.396224,-7.9534245,36.265804,-22.559204,-4.416805,2.535193,3.1979816,7.985343,23.55409,11.579491,-16.303303,-31.400629,15.377902,2.5084996,-15.47849,23.370811,-25.125465,15.519929,-25.455473,-14.032431,-5.023407,-4.008329
179,6.382997512817383,260.4549560546875,76.00914001464844,-2.564156430717854,-5.394010829152183,89.0626344379884,-15.676042,17.33784,9.117379,71.44046,-21.206783,1.4319032,-0.42726025,4.9920244,-7.6337066,35.47257,-21.633738,-4.1533203,3.3994856,2.8530602,7.5940394,24.780617,11.380319,-16.31212,-32.630066,14.324121,2.5228837,-15.492597,23.166853,-24.523989,15.865939,-26.210854,-12.80048,-5.5082793,-3.4696496
180,6.355485439300537,261.7345886230469,76.42644500732422,-2.2437275438448947,-5.371241530128257,89.11606327883543,-15.965853,16.144236,9.710073,67.47176,-20.563244,0.9571897,0.89951,4.5994377,-7.4537115,34.86161,-20.529253,-3.8668358,4.144791,2.5519848,7.1926575,26.06414,11.259139,-16.267757,-33.946667,13.150868,2.5449247,-15.603765,22.97364,-23.963264,16.287474,-27.003126,-11.640216,-5.888731,-2.9714212
181,6.328719139099121,263.0435791015625,76.85188293457031,-1.9804687852187337,-5.3293891089207035,89.27999452520899,-16.088932,14.858185,10.18327,62.98905,-19.787603,0.11380558,2.1046844,4.1977553,-7.4679217,34.425957,-19.18225,-3.620462,4.73078,2.2859166,6.763158,27.395624,11.187456,-16.138874,-35.34044,11.794247,2.5762973,-15.887479,22.781647,-23.439747,16.820137,-27.816996,-10.521816,-6.1350822,-2.537211
182,6.285356044769287,264.3409423828125,77.26924133300781,-1.7536528690664779,-5.268551463763827,89.52469107291338,-16.0311,13.476021,10.575361,57.988796,-18.88206,-0.97712433,3.2184124,3.7877507,-7.621706,34.110733,-17.592533,-3.393944,5.1776853,2.0383437,6.298968,28.817392,11.158448,-15.9384985,-36.92505,10.243667,2.6387913,-16.279018,22.606037,-22.958172,17.451475,-28.717745,-9.239313,-6.302492,-2.057487
183,6.242783546447754,265.6120910644531,77.66040802001953,-1.6114625845653279,-5.20418829965871,89.78576666635813,-15.813321,12.107235,10.862395,52.656704,-17.87507,-2.2417624,4.2222853,3.4485104,-7.816338,33.955887,-15.897089,-3.0575879,5.5497265,1.8597875,5.8264775,30.291471,11.164423,-15.700855,-38.587685,8.68317,2.722889,-16.675337,22.425472,-22.525408,18.136831,-29.654217,-8.033647,-6.419812,-1.5696622
184,6.181110382080078,266.9011535644531,78.035888671875,-1.6024993860288306,-5.149600886880937,89.99783053053355,-15.468098,10.875748,11.019917,47.18732,-16.797663,-3.5996807,5.099435,3.2619257,-7.9467216,33.99022,-14.228138,-2.4812994,5.914131,1.8025752,5.3710794,31.773645,11.195872,-15.461865,-40.20632,7.2980976,2.8105872,-16.97377,22.2237,-22.146698,18.827904,-30.577194,-7.144146,-6.521707,-1.1111783
185,6.122124195098877,268.2037353515625,78.38440704345703,-1.7580530741722689,-5.099804504580511,90.15642294053309,-14.943577,9.800569,11.02562,41.407497,-15.5893955,-5.120535,5.8484116,3.285417,-7.9868674,34.192387,-12.57483,-1.6226418,6.2791204,1.8971816,4.9161835,33.267357,11.245694,-15.220386,-41.76647,6.1229005,2.896471,-17.159512,22.02577,-21.821415,19.52157,-31.495333,-6.656454,-6.6335096,-0.69900763
186,6.060554504394531,269.50469970703125,78.6798324584961,-2.0610863778756454,-5.051162525875919,90.28614001356297,-14.204129,8.8774805,10.872965,35.202168,-14.233036,-6.7825823,6.4866323,3.5004551,-7.976594,34.535187,-10.881451,-0.5399774,6.6198425,2.1310759,4.4527903,34.79053,11.310956,-14.956472,-43.325733,5.0670815,2.9844353,-17.283518,21.839853,-21.550203,20.238726,-32.431988,-6.435411,-6.7375035,-0.3120398
187,6.001827239990234,270.79962158203125,78.92437744140625,-2.50086748541657,-5.020667962285569,90.36594403888124,-13.317966,8.192131,10.581202,28.868265,-12.819894,-8.385615,7.0209565,3.8801901,-7.9091887,35.04312,-9.2114525,0.74003965,6.954786,2.4974113,4.016983,36.319042,11.390016,-14.67594,-44.87955,4.1283345,3.065408,-17.344261,21.622498,-21.34375,20.963871,-33.37043,-6.3887076,-6.806051,0.071599886
188,5.942677974700928,272.0920104980469,79.10181427001953,-3.06854964607321,-5.026607928812204,90.3753930103336,-12.377033,7.810596,10.19404,22.752369,-11.4452505,-9.760711,7.4579325,4.396321,-7.784053,35.750862,-7.6287456,2.180967,7.3020215,2.9982154,3.645403,37.830486,11.481095,-14.388596,-46.423782,3.304644,3.1305757,-17.338675,21.336693,-21.217285,21.679438,-34.301567,-6.4211864,-6.8097997,0.4722464
189,5.882401943206787,273.3861999511719,79.21144104003906,-3.8573754169061636,-5.0738583272107105,90.29519973279258,-11.3855,7.799285,9.704914,16.804028,-10.1050205,-10.955597,7.7890234,5.1772676,-7.5534196,36.670536,-6.0367274,3.929145,7.685902,3.729969,3.3319252,39.35277,11.578972,-14.083613,-47.984097,2.5682895,3.173139,-17.270994,20.99707,-21.18854,22.379404,-35.253117,-6.5741167,-6.7326093,0.9043871
190,5.81199836730957,274.6595764160156,79.25273132324219,-4.914120899517083,-5.168224741777292,90.13186976369556,-10.2710705,8.205311,9.12122,10.835531,-8.7198515,-12.05557,8.026443,6.286722,-7.231211,37.783215,-4.4472847,5.948022,8.108135,4.7456307,3.0603151,40.894627,11.674079,-13.767881,-49.567226,1.936039,3.1968453,-17.143322,20.640907,-21.262358,23.060745,-36.251026,-6.8730164,-6.5951633,1.358287
191,5.7422027587890625,275.91741943359375,79.23667907714844,-6.074783563394416,-5.318378645622231,89.91705437336556,-10.046338,9.041314,8.400821,7.1371613,-8.398582,-12.980874,8.173458,7.4756255,-6.929462,39.1421,-3.10748,7.924105,8.508239,5.87984,2.860462,42.44495,11.782298,-13.437425,-51.17422,1.4492636,3.207269,-16.944235,20.230846,-21.445494,23.759655,-37.26669,-7.196063,-6.419644,1.7939105
192,5.655911445617676,277.1578369140625,79.17364501953125,-7.085642570882802,-5.516248407990943,89.69581902737147,-11.222045,10.033309,7.5456886,6.8708487,-9.638769,-13.658947,8.209234,8.376536,-6.7783914,40.82807,-2.2683103,9.543349,8.848862,6.885316,2.760594,43.903145,11.903245,-13.135002,-52.71043,1.1737924,3.212333,-16.667467,19.738384,-21.712023,24.457909,-38.252132,-7.4247465,-6.2303147,2.1954217
193,5.582849502563477,278.3729553222656,79.08506774902344,-7.815389541255151,-5.730970014050042,89.47179516427954,-12.251646,10.77315,6.9007306,6.699477,-10.662946,-13.990104,8.079777,8.837664,-6.7730894,42.91908,-1.9905759,10.787248,9.1031475,7.619763,2.7615304,45.25897,12.044877,-12.862784,-54.153862,1.1564494,3.2101908,-16.258915,19.099077,-22.049057,25.192038,-39.17331,-7.5563693,-6.003099,2.5593429
194,5.497799396514893,279.5832214355469,78.93699645996094,-8.309469804163378,-5.951323206170159,89.24190764948192,-13.209269,11.248485,6.42881,6.688278,-11.557908,-14.081811,7.7729435,8.922509,-6.882728,45.420166,-2.1750379,11.805349,9.280588,8.1224375,2.8463032,46.519417,12.207637,-12.602793,-55.502846,1.3536847,3.1997921,-15.737093,18.314064,-22.443037,25.96299,-40.023342,-7.6458893,-5.7370853,2.8938935
195,5.43464469909668,280.7828063964844,78.7342758178711,-8.634536049143946,-6.230785742069786,89.01807802092699,-13.917225,11.483026,6.055333,6.623828,-12.193111,-14.166298,7.421948,8.650487,-7.1728115,48.159435,-2.7334723,12.500184,9.422011,8.479008,3.022858,47.591072,12.346866,-12.383959,-56.65576,1.728349,3.1947317,-15.231635,17.343723,-22.7381,26.691656,-40.63834,-7.6840553,-5.488604,3.2557447
196,5.384315013885498,281.9642639160156,78.4758529663086,-8.991164883906404,-6.563078993195469,88.84986515728622,-14.459061,11.704051,5.5459213,6.630992,-12.576948,-14.464827,7.111352,8.175889,-7.771171,50.90089,-3.5249484,12.741042,9.40382,8.863857,3.2945874,48.69647,12.542214,-12.077813,-57.868206,2.1027405,3.1946623,-14.797741,16.316277,-23.117949,27.480564,-41.21934,-7.615716,-5.300083,3.5101485
197,5.334766387939453,283.13031005859375,78.16303253173828,-9.47497692924192,-6.9972244329384905,88.72684888505756,-14.766431,12.010333,4.7264743,6.6183214,-12.956346,-15.000033,6.931789,7.516982,-8.758799,53.650394,-4.685238,12.362203,9.359714,9.414932,3.6533818,49.634575,12.716935,-11.813038,-58.926147,2.6191413,3.211954,-14.536913,15.201577,-23.401243,28.130331,-41.62972,-7.4290385,-5.1917253,3.795216
198,5.269542694091797,284.2803649902344,77.78070831298828,-9.933937110917366,-7.492872084459439,88.68673996201865,-14.902984,12.152893,3.5984461,6.6596756,-13.309064,-15.000033,6.811661,6.5156555,-10.040326,56.551277,-6.2763205,11.493118,9.1451435,9.948825,4.1242733,50.57687,12.937805,-11.492776,-59.993065,3.2185292,3.2335858,-14.339711,13.962246,-23.711363,28.822317,-41.942936,-7.138076,-5.126427,4.006809
199,5.219916820526123,285.41046142578125,77.36561584472656,-10.168954229858734,-8.000771291860515,88.69576407648195,-14.746571,12.117396,2.6746988,6.603453,-12.983828,-15.000033,6.6791887,5.0900874,-11.365312,59.509872,-7.993313,10.40395,8.946392,10.310533,4.5382304,50.624535,13.14532,-11.274601,-60.000134,3.8113189,3.161307,-14.123901,12.738082,-23.978224,29.418215,-42.045624,-6.7971106,-5.1000357,4.1839604
200,5.174386024475098,286.4987487792969,76.99032592773438,-10.029437707669658,-8.428876688525452,88.76723273589384,-14.408264,11.832845,2.2619684,6.5850697,-11.425422,-15.000033,6.4051237,3.199916,-12.571836,62.44916,-9.527106,9.3635845,8.638449,10.272681,5.0241265,50.536797,13.490467,-11.083686,-60.000134,4.2636876,3.1214762,-13.820039,11.607924,-24.379255,29.993828,-42.221554,-6.4460363,-5.1222987,4.255408
201,5.1271233558654785,287.5215759277344,76.71449279785156,-9.271893488516056,-8.779364667991842,88.91474520538516,-13.733859,11.003761,2.5648928,6.432664,-7.6570525,-15.000033,5.983264,0.4986033,-13.671633,65.46735,-10.820405,8.429065,8.219275,9.608993,5.628371,50.294094,13.764884,-10.993089,-60.000134,4.7143292,3.1378288,-13.574933,10.350243,-24.62379,30.393568,-42.175564,-6.0743537,-5.2101254,4.450708
202,5.109679222106934,288.5257568359375,76.42546081542969,-7.895699718413725,-9.097484905049564,89.1442534229116,-12.911525,9.43089,3.2482615,6.444266,-2.363159,-14.376197,5.4857526,-3.0679593,-14.664331,68.641914,-12.086997,7.526574,7.7050524,8.28039,6.3537602,49.923023,14.20423,-10.92146,-60.000134,5.073704,3.1784937,-13.272378,9.109876,-24.866295,30.703413,-42.109165,-5.6764073,-5.353561,4.6077356
203,5.115971088409424,289.52392578125,76.05510711669922,-6.196888472645756,-9.437900601276588,89.42043068333508,-12.024068,7.360115,4.139039,6.5373154,2.9963949,-12.295641,4.9606547,-6.9899096,-15.37991,71.790344,-13.350531,6.6977286,7.096213,6.618776,7.1593046,49.49709,14.647647,-10.882562,-60.000134,5.4107714,3.2495337,-13.01488,7.7559123,-24.945168,30.95321,-41.758755,-5.328838,-5.533978,4.799398
204,5.13378381729126,290.5152282714844,75.60975646972656,-4.7591432088402055,-9.832059275139123,89.62744542623261,-13.817357,5.870365,4.6705217,12.362228,3.915486,-10.00383,4.417539,-10.370709,-15.761349,74.58837,-14.537459,5.839202,6.499972,5.1976166,7.947933,49.0751,15.141243,-10.845296,-60.000134,5.6780934,3.3402507,-12.779374,6.336553,-24.87322,31.215652,-41.096195,-5.102704,-5.7338815,4.9637623
205,5.162480354309082,291.4769592285156,75.12308502197266,-3.6160870882874674,-10.278644718217684,89.8008752830357,-15.718148,4.8322873,5.023133,18.57056,2.7848105,-7.0725045,3.8036938,-13.179572,-15.840389,77.11989,-15.69796,4.8736963,5.9063764,4.02403,8.722968,48.595707,15.723424,-10.81017,-60.000134,5.8367305,3.458689,-12.5047035,4.87648,-24.650656,31.427658,-40.21684,-4.98907,-5.9178486,5.153751
206,5.182302951812744,292.4180908203125,74.6773452758789,-2.624802016089181,-10.769402041402776,89.94967860212941,-17.674284,3.9888158,5.2367687,25.128122,0.46854016,-3.5466993,3.1022418,-15.64817,-15.67523,79.453995,-16.811579,3.824325,5.3630815,2.9816494,9.4747305,47.81135,16.392738,-10.841221,-59.731457,5.9054294,3.5827897,-12.182727,3.4093308,-24.280401,31.518036,-39.101364,-4.964246,-6.104742,5.3705735
207,5.242464065551758,293.35736083984375,74.2444839477539,-1.8198104763539271,-11.272496940386201,89.99464976874735,-19.27519,3.3109906,5.359008,31.056828,-2.1589513,-0.28797263,2.2778285,-17.626034,-15.2381735,81.4365,-17.82619,2.8270082,4.995338,2.1799278,10.094748,46.393627,17.112934,-11.027509,-58.655586,5.923954,3.6418123,-11.879939,2.0071278,-23.778395,31.527533,-37.532375,-5.0656257,-6.365674,5.483328
208,5.273576259613037,294.297119140625,73.88752746582031,-1.2425869185425018,-11.751562264140384,89.86312404281144,-20.192074,2.8919415,5.5222254,35.58959,-4.37526,1.8618264,1.2996724,-18.958485,-14.518557,82.91786,-18.693592,2.012718,4.801053,1.6865177,10.599508,44.7068,17.8445,-11.328163,-57.076553,5.9616623,3.6453485,-11.718023,0.66075236,-23.173504,31.574297,-35.38407,-5.329991,-6.775362,5.3678575
209,5.2878875732421875,295.2211608886719,73.61759185791016,-0.9474507158861218,-12.215903839125295,89.49489429327576,-20.278778,2.9178889,5.786421,38.58998,-6.293476,2.5053365,0.12308071,-19.470665,-13.427182,83.838264,-19.404293,1.4280248,4.7845182,1.6063685,10.98818,42.71057,18.556473,-11.75398,-54.91189,5.8739004,3.5535705,-11.686151,-0.69642615,-22.487099,31.75744,-32.524124,-5.635281,-7.4405594,4.9988947
210,5.310145378112793,296.1331481933594,73.4372329711914,-0.8486808206949119,-12.664909060671903,88.95722785933823,-19.821093,3.298231,6.101068,40.6839,-8.363256,2.1966352,-1.2326758,-19.324203,-12.02992,84.31869,-19.992641,1.0103691,4.880469,1.8154935,11.291587,40.46582,19.230253,-12.272816,-52.29885,5.6878586,3.3894775,-11.756665,-2.038917,-21.725958,32.008507,-29.11679,-6.0124726,-8.294728,4.4270606
211,5.33786678314209,297.01129150390625,73.32749938964844,-0.8098268852026594,-13.053214189687838,88.36440863181589,-19.103987,3.800834,6.474381,42.195942,-10.354527,1.5304286,-2.6922257,-18.838734,-10.545603,84.47142,-20.456072,0.7268342,5.037779,2.1036754,11.507738,38.10589,19.837063,-12.836997,-49.38647,5.712125,3.2148485,-12.000273,-3.2072394,-20.893423,32.19177,-25.420988,-6.7260184,-9.143395,3.6288793
212,5.374887466430664,297.8607482910156,73.27119445800781,-0.6957549032655317,-13.33420602557993,87.82689985474816,-18.406643,4.16464,6.877876,43.417675,-12.0176325,1.0898746,-4.1973286,-18.347174,-9.17058,84.40298,-20.797678,0.54200387,5.203557,2.2633572,11.632176,35.724346,20.35001,-13.401374,-46.275524,6.2534604,3.090878,-12.492117,-4.068329,-19.991417,32.201454,-21.66369,-8.030347,-9.780116,2.5795648
213,5.450423717498779,298.70623779296875,73.26148986816406,-0.44862714626498335,-13.481343861346769,87.30392109544869,-17.748232,4.335617,7.351082,44.324245,-13.278106,0.97960454,-5.8295197,-17.86577,-7.8227167,84.1466,-20.986866,0.50372624,5.438368,2.2624812,11.629915,33.199333,20.755245,-13.969424,-42.777546,7.504706,3.032307,-13.500743,-4.5875416,-19.01243,32.080536,-17.6942,-10.373273,-10.106311,1.0716358
214,5.508115768432617,299.5176696777344,73.29593658447266,-0.15101291188263843,-13.524253461572524,86.7615958315627,-16.99799,4.446478,7.88578,44.792316,-14.267293,0.9034343,-7.566286,-17.23777,-6.4514494,83.638176,-21.033451,0.61055183,5.7239523,2.206127,11.509529,30.52409,21.055002,-14.541317,-38.87711,9.265069,2.9765735,-14.916215,-4.858804,-17.954977,31.913893,-13.436647,-13.48471,-10.171334,-0.8097405
215,5.570031642913818,300.31365966796875,73.37509155273438,0.12401434338820382,-13.500805732182696,86.317557484164,-16.210749,4.5004396,8.351752,44.958828,-15.049679,0.84100896,-9.221706,-16.560308,-5.2770677,82.83622,-20.999857,0.7496405,5.8984427,2.1003346,11.328918,27.926188,21.257116,-15.089246,-34.891403,11.249823,2.8869658,-16.244396,-4.949254,-16.834139,31.66332,-9.207273,-16.528435,-10.040004,-2.6426373
216,5.654754161834717,301.1061706542969,73.50862884521484,0.303795079840421,-13.449692755794974,86.08812320788533,-15.442593,4.5049863,8.623081,44.957893,-15.686939,0.7744916,-10.626651,-15.941275,-4.507251,81.69984,-20.944239,0.8131055,5.813963,1.9586482,11.148625,25.623371,21.372456,-15.601609,-31.14269,13.1750145,2.7704344,-16.985828,-4.917361,-15.679055,31.268911,-5.335151,-18.67554,-9.869933,-4.0241556
217,5.7649993896484375,301.8887634277344,73.6834716796875,0.36414164001993016,-13.369724144220354,86.13627528988462,-14.708367,4.443565,8.635609,44.77929,-16.165564,0.7101225,-11.752065,-15.428944,-4.240253,80.20616,-20.89634,0.7479883,5.4243703,1.7810447,10.980584,23.64929,21.388494,-16.105482,-27.63105,15.125258,2.6542008,-16.980124,-4.676272,-14.4931555,30.611462,-1.9228661,-19.720722,-9.705863,-4.8021
218,5.888815879821777,302.6480712890625,73.89178466796875,0.34518219816299484,-13.244935048332652,86.38911300413677,-13.980522,4.322654,8.465302,44.367832,-16.46266,0.65592027,-12.693278,-14.982627,-4.339754,78.381516,-20.825312,0.6210602,4.82152,1.5778106,10.787585,21.875856,21.303144,-16.623722,-24.190037,17.201633,2.5667157,-16.504972,-4.226174,-13.27553,29.760653,1.206957,-20.095768,-9.519079,-5.206782
219,5.989688873291016,303.3729248046875,74.13862609863281,0.27364072951476237,-13.090758383144815,86.75839797746269,-13.253421,4.186243,8.196734,43.797367,-16.63241,0.5971098,-13.465923,-14.579135,-4.665872,76.25102,-20.705822,0.50279325,4.075308,1.3773369,10.563151,20.273565,21.150406,-17.13824,-20.903233,19.145252,2.5393147,-15.714371,-3.7423184,-12.066154,28.914799,4.126606,-19.943674,-9.396532,-5.438896
220,6.1115288734436035,304.0963134765625,74.41548156738281,0.17774243735222006,-12.923115679856641,87.15552824386204,-12.519838,4.0767136,7.915654,43.136715,-16.726093,0.5173539,-14.083318,-14.1865835,-5.0824623,73.83728,-20.509716,0.4642107,3.2637076,1.1990515,10.311025,18.813885,20.987272,-17.62572,-17.874607,20.688879,2.584053,-14.75455,-3.3683403,-10.939309,28.253984,6.864324,-19.401596,-9.416171,-5.7033787
221,6.250971794128418,304.80682373046875,74.70183563232422,0.03730060354125686,-12.737707713829394,87.5973681469592,-11.76986,4.0092688,7.6058745,42.347195,-16.734192,0.40158188,-14.520988,-13.800237,-5.6389704,71.07441,-20.24049,0.52883583,2.374723,1.0578195,10.049771,17.509867,20.85324,-18.101423,-15.147814,21.762838,2.716276,-13.496738,-3.0668542,-9.95415,27.76921,9.3218775,-18.225748,-9.675402,-6.01179
222,6.379791259765625,305.5039978027344,75.01663970947266,-0.15453795337820375,-12.526736698486578,88.11677102996232,-11.011109,3.9636135,7.234243,41.411354,-16.63713,0.26153597,-14.778473,-13.425354,-6.3816953,67.96724,-19.908709,0.6648482,1.4018908,0.94398576,9.792113,16.369602,20.752153,-18.58368,-12.694795,22.487612,2.9275763,-11.908751,-2.7135518,-9.12865,27.364601,11.4143915,-16.41353,-10.11115,-6.2625294
223,6.500434875488281,306.2081298828125,75.32978057861328,-0.34689390491058086,-12.301491355131477,88.64966686374001,-10.268032,3.9252515,6.8601823,40.441093,-16.477907,0.12008687,-14.904749,-13.0467415,-7.1687007,64.64146,-19.496489,0.85875374,0.43088767,0.83631647,9.532881,15.351702,20.686573,-19.05168,-10.509687,22.88394,3.172121,-10.278859,-2.3179514,-8.47625,27.083492,13.190917,-14.466753,-10.558097,-6.5007186
224,6.627900123596191,306.8899230957031,75.6389389038086,-0.4877296191001186,-12.074862774314562,89.13191421509369,-9.56062,3.8775187,6.5457683,39.53895,-16.293428,0.00016163255,-14.953713,-12.65739,-7.8499274,61.223812,-18.984997,1.0897647,-0.46128896,0.7121262,9.265002,14.421751,20.656967,-19.475243,-8.592114,22.976997,3.397514,-8.897279,-1.900374,-8.003758,26.976524,14.711547,-12.890124,-10.849249,-6.7929654
225,6.755749702453613,307.5552673339844,75.92377471923828,-0.5841079065493611,-11.850213784522657,89.55480838793261,-8.897391,3.8352222,6.3046474,38.729183,-16.077042,-0.086016886,-14.911822,-12.25699,-8.42823,57.65477,-18.411594,1.3325557,-1.2892548,0.5789537,8.987414,13.597118,20.667334,-19.844734,-6.982125,22.67926,3.5957515,-7.768031,-1.5113099,-7.7292113,27.143549,15.9805975,-11.74967,-10.926148,-7.2360573
226,6.872048377990723,308.2279968261719,76.2066421508789,-0.6570447335747351,-11.621350310888797,89.94995377717274,-8.2666445,3.7990675,6.105452,37.95758,-15.814392,-0.15328512,-14.760123,-11.852853,-8.962282,53.890575,-17.773415,1.598342,-2.087612,0.4491694,8.707202,12.888752,20.716522,-20.170662,-5.6718884,22.009504,3.7708619,-6.758595,-1.1278595,-7.6588616,27.53795,16.96758,-10.789411,-10.88357,-7.777861
227,6.99704122543335,308.8948669433594,76.47322082519531,-0.6775126778852946,-11.387801513454052,90.31530535306034,-7.656458,3.7296665,5.940531,37.20593,-15.528457,-0.21929906,-14.55341,-11.463794,-9.382512,50.093925,-16.992039,1.9106883,-2.8051326,0.3008382,8.421758,12.246939,20.800016,-20.461813,-4.581814,21.158848,3.89992,-5.954362,-0.6722247,-7.756686,27.980305,17.70289,-10.042169,-10.778587,-8.270663
228,7.14592170715332,309.55084228515625,76.71371459960938,-0.6138086875894673,-11.149557195388036,90.64848832511996,-7.0550246,3.587505,5.8016872,36.455902,-15.242683,-0.3015242,-14.346571,-11.110375,-9.617953,46.42732,-15.992862,2.292073,-3.3910334,0.109441325,8.123533,11.616166,20.905579,-20.727594,-3.619593,20.32414,3.970058,-5.4438386,-0.07299861,-7.9764423,28.286215,18.230135,-9.549905,-10.663566,-8.562687
229,7.288364887237549,310.1980285644531,76.9339370727539,-0.4358833331855933,-10.894601241327878,90.95556264501649,-6.46868,3.334953,5.6933575,35.681637,-14.926469,-0.40460518,-14.153122,-10.81176,-9.617543,42.84247,-14.674376,2.7760522,-3.8307757,-0.16373174,7.7853727,10.967406,21.032633,-20.96492,-2.7622495,19.488714,3.9681566,-5.326134,0.6673714,-8.286723,28.40562,18.567621,-9.428628,-10.521453,-8.571876
230,7.447691440582275,310.8523254394531,77.12577819824219,-0.1695955085646543,-10.628226479290364,91.23666586665249,-5.900563,3.0026214,5.6152287,34.900467,-14.580544,-0.5196692,-13.948065,-10.565,-9.4149885,39.28997,-13.113307,3.3325589,-4.1503887,-0.50124735,7.41006,10.322021,21.184668,-21.177353,-2.0362487,18.575636,3.916469,-5.529252,1.4933674,-8.678897,28.424019,18.73534,-9.635861,-10.3308115,-8.390294
231,7.5845255851745605,311.4937438964844,77.29021453857422,0.13241958515734573,-10.375849378014612,91.48011666683169,-5.328658,2.6529393,5.5530257,34.147873,-14.266574,-0.6438979,-13.729894,-10.352538,-9.073381,35.930397,-11.494458,3.8941185,-4.362533,-0.8473094,7.034506,9.703033,21.355074,-21.38118,-1.4248734,17.691805,3.8577957,-5.88551,2.3935375,-9.136597,28.36143,18.78809,-9.980343,-10.137389,-8.126802
232,7.720688819885254,312.14593505859375,77.43997192382812,0.41519190779114795,-10.16264729400723,91.67446143445152,-4.7298985,2.3475833,5.494012,33.459614,-14.047997,-0.7745859,-13.495199,-10.147565,-8.668758,32.920807,-9.995411,4.3990664,-4.478899,-1.146205,6.694115,9.128124,21.530817,-21.59391,-0.9025455,16.947283,3.8284612,-6.225838,3.3502686,-9.638184,28.235956,18.790749,-10.271096,-9.98584,-7.8912663
233,7.851609706878662,312.7997741699219,77.56602478027344,0.673601735498428,-9.988574206622381,91.79972025771067,-4.092533,2.1020794,5.445954,32.825245,-13.934713,-0.913015,-13.2648945,-9.916357,-8.157933,30.303888,-8.593748,4.846022,-4.4790897,-1.3877329,6.3846445,8.601709,21.700647,-21.810938,-0.47044036,16.398727,3.8332348,-6.5515594,4.361152,-10.169248,28.030285,18.765999,-10.53666,-9.887034,-7.6720686
234,8.006821632385254,313.4427185058594,77.65959167480469,0.9313291832954808,-9.84194996124779,91.867536919647,-3.4288867,1.8840779,5.413072,32.22873,-13.89243,-1.0609386,-13.035209,-9.674349,-7.528393,27.994007,-7.212754,5.269916,-4.3681912,-1.6030757,6.0881624,8.107803,21.863018,-22.023064,-0.12272339,15.984353,3.8542128,-6.9377127,5.417759,-10.725084,27.739183,18.70683,-10.858213,-9.818998,-7.4249163
235,8.16165542602539,314.0764465332031,77.71887969970703,1.1869121808990595,-9.73002296814394,91.91236327453811,-2.760074,1.682744,5.3766017,31.713594,-13.929277,-1.2155311,-12.7775755,-9.465467,-6.913008,25.971807,-5.9559045,5.6649666,-4.1978116,-1.7991285,5.8190994,7.6370516,22.02016,-22.23649,0.17186709,15.63562,3.888669,-7.3256874,6.4934587,-11.297683,27.402338,18.632914,-11.122387,-9.774346,-7.212003
236,8.31692123413086,314.70440673828125,77.74423217773438,1.4375285507881255,-9.66026497199303,91.96883403544287,-2.1063561,1.4872451,5.3179865,31.32059,-14.051025,-1.3732339,-12.4656,-9.333437,-6.446336,24.222752,-4.922635,6.023959,-4.0213294,-1.982959,5.591087,7.1846476,22.176117,-22.455557,0.44086686,15.28316,3.9340756,-7.6568217,7.559057,-11.876385,27.062801,18.56757,-11.216145,-9.744663,-7.0960746
237,8.471677780151367,315.33416748046875,77.74383544921875,1.7296346285794755,-9.64676745528868,92.04352534331365,-1.4368272,1.23277,5.23998,31.017288,-14.251903,-1.5150454,-12.055411,-9.351331,-6.1748643,22.713226,-4.2107825,6.4711967,-3.846194,-2.1994343,5.405219,6.7529187,22.337112,-22.689232,0.6761063,14.908516,4.0056562,-7.9291577,8.616924,-12.455297,26.721783,18.53012,-11.092581,-9.742617,-7.1043005
238,8.6242036819458,315.9588928222656,77.71855926513672,2.051250314671873,-9.681699594620456,92.11835373617879,-0.7516613,0.94633216,5.148951,30.794949,-14.530357,-1.6488199,-11.576535,-9.468662,-6.0321803,21.457762,-3.737125,6.972275,-3.648122,-2.434606,5.255208,6.3485355,22.505255,-22.929493,0.86209846,14.547308,4.099185,-8.169055,9.673519,-13.0312395,26.35924,18.511747,-10.819427,-9.767848,-7.200258
239,8.7852201461792,316.5742492675781,77.66095733642578,2.3038578253926727,-9.738860698233607,92.1917775404956,-0.12440929,0.7581356,5.035489,30.743906,-14.906786,-1.8104289,-11.121942,-9.545193,-5.9805946,20.53555,-3.3447883,7.2792335,-3.4351196,-2.6036928,5.140299,5.975262,22.676302,-23.15113,1.0169532,14.2123375,4.1821437,-8.360553,10.699918,-13.596715,25.992458,18.503586,-10.456168,-9.792002,-7.3518224
240,8.92863655090332,317.2022399902344,77.57447814941406,2.390029235526198,-9.792055272507518,92.26172725161426,0.36897746,0.79988897,4.89472,30.957369,-15.404215,-2.035243,-10.789875,-9.44124,-5.9790616,20.041292,-2.887307,7.1413198,-3.2181854,-2.6190147,5.0559626,5.637611,22.841845,-23.325356,1.1625726,13.918571,4.221648,-8.4893,11.657491,-14.141748,25.646114,18.510345,-10.063016,-9.785985,-7.5274673
241,9.078878402709961,317.8038330078125,77.46902465820312,2.2693946623278105,-9.827970964837357,92.31941691113661,0.7162924,1.1240525,4.755818,31.449919,-16.060738,-2.3421817,-10.661456,-9.108319,-6.0183873,20.127024,-2.1825848,6.291317,-2.9862497,-2.4442928,4.9865327,5.3357553,22.997086,-23.448023,1.3074481,13.687049,4.1874685,-8.542775,12.540459,-14.658417,25.334562,18.53906,-9.607171,-9.736523,-7.7364593
242,9.257555961608887,318.3697814941406,77.39479064941406,2.000727253008986,-9.8635456224126,92.36895542998796,0.9596646,1.649557,4.6186776,32.16959,-16.853043,-2.7084475,-10.671117,-8.632143,-6.144274,20.700548,-1.3440645,4.9316015,-2.741828,-2.132142,4.932363,5.0672107,23.141796,-23.528952,1.4472563,13.5075865,4.10334,-8.533125,13.351176,-15.144455,25.052097,18.610182,-9.075505,-9.662075,-7.9908786
243,9.467754364013672,318.9263000488281,77.30268859863281,1.629050029470279,-9.916946295995565,92.42885521335033,1.1122622,2.3057137,4.4345255,33.0984,-17.707443,-3.1076066,-10.684471,-8.067997,-6.3800373,21.47453,-0.6741269,3.512023,-2.5163128,-1.7267723,4.9128194,4.830749,23.27359,-23.56,1.5877857,13.346893,4.0168653,-8.482495,14.064365,-15.598971,24.796637,18.748005,-8.556963,-9.580123,-8.263766
244,9.661595344543457,319.4857177734375,77.18038177490234,1.1920922285539388,-10.005066876687616,92.51771301159252,1.181366,3.0293746,4.15081,34.225334,-18.552895,-3.5151742,-10.567836,-7.45504,-6.708551,22.17427,-0.5027489,2.476135,-2.341564,-1.2650566,4.949478,4.62622,23.388159,-23.531816,1.7340354,13.172907,3.9755716,-8.412981,14.655518,-16.020979,24.566862,18.97525,-8.139495,-9.507105,-8.528026
245,9.838105201721191,319.9758605957031,77.02265930175781,0.6472741222495948,-10.13948918009599,92.63806233421934,1.1429836,3.8775382,3.7306812,35.626,-19.459915,-3.9358776,-10.286283,-6.7355433,-7.121758,22.819202,-1.1016572,1.9678715,-2.2182903,-0.69745094,5.0679736,4.4211874,23.492252,-23.449358,1.8557262,12.958944,4.0302386,-8.363162,15.128861,-16.409542,24.335781,19.258196,-7.8496313,-9.422571,-8.764979
246,10.037433624267578,320.49371337890625,76.87702178955078,-0.016111685198882158,-10.304889221393388,92.78046214094573,1.0065153,4.8595886,3.2101643,37.267845,-20.434225,-4.3861146,-9.919604,-5.9137034,-7.5938673,23.560963,-2.2627046,1.7429599,-2.1290154,-0.01793515,5.2495446,4.227433,23.588003,-23.31614,1.9596756,12.726601,4.1429644,-8.308936,15.494708,-16.763494,24.11484,19.59748,-7.639835,-9.325098,-8.992638
247,10.241498947143555,320.9789123535156,76.72882080078125,-0.7021594895091406,-10.478555853032306,92.94343322608367,0.8150958,5.8460793,2.642035,38.99466,-21.311752,-4.853003,-9.511307,-5.1082544,-8.072159,24.327927,-3.600246,1.6601825,-2.07897,0.6703083,5.4490204,4.106276,23.656017,-23.120506,2.1170511,12.520578,4.2276354,-8.179836,15.730252,-17.086842,23.959412,20.075672,-7.4898486,-9.25931,-9.238896
248,10.452719688415527,321.4891357421875,76.61581420898438,-1.3107635995490066,-10.64159560708645,93.12793890457773,0.6076173,6.7066855,2.0733726,40.661236,-21.931253,-5.3213835,-9.0887785,-4.418629,-8.526354,24.990269,-4.6982617,1.572924,-2.0772672,1.261327,5.621371,4.1086082,23.663227,-22.851007,2.4147162,12.389841,4.1972337,-7.9082828,15.8139105,-17.387157,23.9274,20.774206,-7.379014,-9.269164,-9.53264
249,10.621109962463379,321.98211669921875,76.52823638916016,-1.8264342372088502,-10.802519496854918,93.34436733474922,0.3805052,7.4102607,1.4752226,42.28211,-22.239683,-5.791482,-8.652713,-3.855201,-8.976811,25.520235,-5.451989,1.4719318,-2.136078,1.7453576,5.76644,4.2202907,23.584309,-22.539637,2.8736277,12.381753,4.024157,-7.439973,15.719685,-17.677814,24.04284,21.721123,-7.281227,-9.393378,-9.919232
250,10.792372703552246,322.468017578125,76.46217346191406,-2.2953609752004707,-10.96799498767169,93.58937147716621,0.11200081,8.025358,0.8270716,43.92291,-22.326609,-6.2657013,-8.189586,-3.3545606,-9.444347,25.96067,-6.0654283,1.4242319,-2.2469563,2.1786993,5.9027634,4.40075,23.41112,-22.187683,3.4804347,12.47091,3.756967,-6.8257103,15.476023,-17.96372,24.270517,22.857983,-7.213576,-9.597223,-10.372665
251,10.942916870117188,322.8792419433594,76.4229507446289,-2.705309798124789,-11.11769896127763,93.8428425647097,-0.17914364,8.560594,0.192868,45.507828,-22.239975,-6.729589,-7.6905193,-2.9046729,-9.903391,26.251873,-6.571484,1.3945323,-2.3857121,2.5423074,6.0134444,4.654725,23.136534,-21.73942,4.2798367,12.595932,3.4201853,-6.1566,15.141563,-18.235,24.578146,24.138683,-7.220639,-9.813972,-10.814704
252,11.1216459274292,323.3108825683594,76.41407012939453,-3.0453070906424435,-11.232041389337226,94.08474413360833,-0.47048363,9.021674,-0.35894266,46.95986,-22.02804,-7.1735687,-7.143742,-2.5026028,-10.324022,26.33913,-7.005587,1.3465604,-2.5278764,2.81424,6.0790052,4.991981,22.755957,-21.137589,5.3085904,12.695987,3.0396626,-5.5266013,14.7648945,-18.473711,24.934565,25.534296,-7.3480077,-9.978009,-11.167262
253,11.281906127929688,323.74658203125,76.44221496582031,-3.29414534939074,-11.312377215719588,94.33038894552959,-0.7606419,9.37462,-0.8264045,48.272682,-21.649635,-7.571206,-6.5254602,-2.1845975,-10.714069,26.206692,-7.3881207,1.2711596,-2.6851108,2.9519606,6.089859,5.432949,22.257368,-20.33394,6.6230316,12.782834,2.5394745,-5.017444,14.321474,-18.668066,25.39277,27.120708,-7.628399,-10.112503,-11.450668
254,11.433188438415527,324.1826171875,76.48947143554688,-3.4627507351223703,-11.368394583471792,94.58327890706671,-1.0577193,9.624434,-1.2401359,49.48488,-21.097496,-7.940463,-5.844084,-1.9434065,-11.086685,25.882452,-7.6956854,1.184456,-2.8627136,2.9782398,6.0520825,5.9504833,21.636381,-19.374466,8.20009,12.885693,1.9332535,-4.5639834,13.7891655,-18.816505,25.947195,28.901274,-8.033507,-10.238316,-11.695245
255,11.577507019042969,324.6042785644531,76.5586166381836,-3.5887519729045314,-11.392227735907843,94.80528324748263,-1.353332,9.835009,-1.578244,50.58832,-20.474745,-8.338779,-5.135813,-1.7172427,-11.41451,25.384693,-7.90284,1.0895737,-3.0197628,2.9653776,5.970364,6.477133,20.908579,-18.351625,9.961323,12.9644985,1.3784658,-4.037509,13.227855,-18.918346,26.471394,30.730911,-8.518738,-10.281894,-11.832902
256,11.737695693969727,325.00146484375,76.64456176757812,-3.7054832755308285,-11.376308438061535,94.95741619858362,-1.6415966,10.072399,-1.8203267,51.576664,-19.884785,-8.819033,-4.439907,-1.4460573,-11.668183,24.735418,-7.9851756,0.99277294,-3.1120713,2.9841216,5.8528886,6.9563127,20.10309,-17.360058,11.815787,12.972492,1.0327111,-3.3069937,12.702848,-18.971565,26.835175,32.463238,-9.039492,-10.174803,-11.7921
257,11.904472351074219,325.3915100097656,76.74951934814453,-3.8343336829455894,-11.299646157220412,95.03154573410053,-1.9452151,10.367183,-1.9749994,52.449127,-19.317343,-9.465983,-3.756595,-1.0954384,-11.845936,23.879606,-7.904201,0.89439744,-3.122789,3.048222,5.685934,7.419543,19.22846,-16.389275,13.729296,12.955658,0.9694089,-2.306197,12.233311,-18.967457,27.003277,34.0778,-9.66799,-9.878284,-11.5076275
258,12.035401344299316,325.7825927734375,76.87858581542969,-3.9495929873146145,-11.173414393746123,95.04687525774568,-2.261966,10.6807,-2.0517569,53.213585,-18.732292,-10.225524,-3.0640385,-0.70556587,-11.960105,22.822943,-7.682404,0.79593265,-3.069654,3.11657,5.4714694,7.880833,18.284573,-15.410094,15.741307,12.907045,1.0943769,-1.1135485,11.788729,-18.90294,27.03707,35.649784,-10.405006,-9.443545,-11.026628
259,12.15353012084961,326.16461181640625,77.01497650146484,-4.029956082048987,-11.036272837785575,95.00828473728902,-2.5496917,10.980307,-2.0295072,53.878086,-18.186478,-10.9373665,-2.3650491,-0.32812187,-12.002619,21.671349,-7.385155,0.70630914,-2.964746,3.1766722,5.2460737,8.283435,17.299835,-14.479456,17.850302,12.697103,1.3091614,0.18860234,11.356558,-18.78897,26.958658,37.174988,-11.095421,-8.935795,-10.447179
260,12.28637981414795,326.51641845703125,77.15709686279297,-4.051746475197252,-10.927113335288327,94.92029599940882,-2.7660246,11.238291,-1.8843635,54.44804,-17.732086,-11.43922,-1.6670245,-0.015513361,-11.966793,20.536707,-7.0796657,0.63174164,-2.816824,3.214942,5.051319,8.587651,16.322598,-13.654846,20.033464,12.191518,1.5097071,1.522391,10.9355,-18.64514,26.784538,38.62931,-11.581153,-8.415087,-9.868738
261,12.389450073242188,326.8747253417969,77.29776763916016,-3.9954869881069053,-10.876631739515384,94.75834680830286,-2.8679204,11.439479,-1.5807645,54.93067,-17.369995,-11.67904,-0.95185244,0.2151695,-11.818781,19.435904,-6.772929,0.57556057,-2.60983,3.2148714,4.9305353,8.824795,15.3826065,-12.937584,22.234285,11.301867,1.7166803,2.9732692,10.533723,-18.478851,26.482576,39.982018,-11.838797,-7.8722835,-9.269875
262,12.45044231414795,327.17047119140625,77.43910217285156,-3.8824660281076744,-10.857156853000834,94.52953772266744,-2.889025,11.610318,-1.1394142,55.32411,-17.074278,-11.742239,-0.22500788,0.3938908,-11.575678,18.320446,-6.4366045,0.5345731,-2.3435304,3.1830032,4.8600154,9.037273,14.484814,-12.300975,24.438068,10.096385,1.9479254,4.5522065,10.161366,-18.28686,26.055252,41.229916,-11.945043,-7.282321,-8.612848
263,12.526854515075684,327.4721374511719,77.58007049560547,-3.743602900998868,-10.82007077618694,94.28438005697947,-2.8969407,11.786399,-0.6176505,55.609783,-16.858242,-11.673098,0.47300246,0.5375263,-11.307021,17.197575,-6.0803666,0.50229615,-2.053736,3.1386309,4.7824216,9.206867,13.644157,-11.754949,26.686169,8.681498,2.0946136,6.068983,9.814911,-18.076632,25.574734,42.388157,-11.885676,-6.6752534,-7.9762945
264,12.605849266052246,327.7888488769531,77.71881103515625,-3.6100826461113487,-10.71667586934161,94.0736193483722,-2.9632144,12.000171,-0.073073976,55.775784,-16.734371,-11.51713,1.1010174,0.66260177,-11.081675,16.075365,-5.714316,0.47109804,-1.7772022,3.098338,4.6422243,9.3199625,12.880152,-11.308376,29.011702,7.1668887,2.063859,7.3279557,9.496822,-17.862543,25.113081,43.46118,-11.641872,-6.080612,-7.438915
265,12.661261558532715,328.10888671875,77.8652572631836,-3.474458563583642,-10.513875110932009,93.9141742308552,-3.1169448,12.259825,0.521663,55.798943,-16.720747,-11.22802,1.6407664,0.7547559,-10.919979,14.926179,-5.3255405,0.43949705,-1.5174897,3.0513391,4.3992305,9.365285,12.204745,-10.974727,31.472403,5.397041,1.7480543,8.315748,9.227767,-17.653734,24.680984,44.430534,-11.107694,-5.493591,-7.0338936
266,12.717659950256348,328.4195556640625,78.00249481201172,-3.324013076283689,-10.244374235833567,93.77815483375859,-3.3136315,12.545549,1.1854758,55.692398,-16.80979,-10.804964,2.1064568,0.8093462,-10.785069,13.776198,-4.9216776,0.40922928,-1.257364,2.9903748,4.0947146,9.368559,11.617806,-10.747357,34.01785,3.3734958,1.2273468,9.107248,9.007564,-17.45019,24.24322,45.28499,-10.320555,-4.8990264,-6.7192683
267,12.781991004943848,328.7066955566406,78.12051391601562,-3.1874959910793033,-9.958519705415439,93.65029862522724,-3.5158675,12.847722,1.8461913,55.49606,-16.973976,-10.3627,2.5425057,0.86423177,-10.659194,12.639538,-4.518586,0.37754282,-1.0037506,2.9388888,3.7953498,9.365428,11.117236,-10.6013155,36.523373,1.4388291,0.7152474,9.647638,8.809307,-17.251314,23.803114,46.03763,-9.475409,-4.3131347,-6.457549
268,12.849383354187012,328.9767761230469,78.2166748046875,-3.0874524017439846,-9.706821094554932,93.5138999111114,-3.6933482,13.156867,2.430104,55.256893,-17.179792,-10.012868,2.9868107,0.95549935,-10.524256,11.542127,-4.1369076,0.3434436,-0.76587987,2.918721,3.5669115,9.387422,10.699779,-10.506768,38.86937,-0.06796535,0.43589473,9.901244,8.6032715,-17.056915,23.367363,46.70316,-8.767786,-3.7526333,-6.2077274
269,12.900069236755371,329.2380676269531,78.2911148071289,-3.023927294550657,-9.498592182515468,93.35298499172924,-3.83474,13.482339,2.9519553,54.980774,-17.444857,-9.770513,3.4446445,1.0895534,-10.36488,10.486756,-3.7776093,0.30638,-0.53809345,2.939723,3.4275453,9.430143,10.368473,-10.455368,41.035465,-1.0356964,0.49883255,9.812073,8.392092,-16.861866,22.909018,47.272118,-8.228827,-3.2168987,-5.9772587
270,12.928150177001953,329.49066162109375,78.35692596435547,-2.984225569416957,-9.308467274895964,93.18006111441134,-3.9598212,13.8210335,3.4399805,54.645683,-17.775305,-9.581991,3.9050012,1.2473847,-10.193591,9.444132,-3.424794,0.26881114,-0.31815797,2.9848428,3.3405912,9.471774,10.124075,-10.460848,43.094852,-1.6555172,0.7877401,9.427927,8.182968,-16.664017,22.43513,47.74647,-7.760943,-2.7002718,-5.7797694
271,12.972484588623047,329.744140625,78.40316009521484,-2.936543743676096,-9.128754370101825,93.01067958278553,-4.082049,14.112833,3.8635864,54.24567,-18.118406,-9.44688,4.149306,1.3487601,-10.025252,8.877291,-3.3194273,0.2403449,-0.1136584,3.0050337,3.2845604,9.516019,9.955903,-10.522969,45.070946,-2.040284,1.1837803,8.8739605,7.959177,-16.467934,22.007956,48.15072,-7.364326,-2.2117722,-5.5803275
272,13.03113842010498,329.9879150390625,78.41699981689453,-2.868971516880181,-8.95639777197425,92.86515729382847,-4.2173004,14.323342,4.1765685,53.783314,-18.426134,-9.368754,4.150651,1.3748056,-9.880566,8.846303,-3.4954658,0.22365142,0.05903024,2.9779863,3.2429197,9.568536,9.845154,-10.63762,46.986694,-2.3011029,1.56426,8.2729025,7.7050385,-16.284046,21.691875,48.50895,-7.0395827,-1.759858,-5.3443274
273,13.075502395629883,330.2054443359375,78.414794921875,-2.847933519961865,-8.800488824238604,92.76120753997796,-4.366333,14.49629,4.3093724,53.237194,-18.678947,-9.366112,4.1846166,1.4391334,-9.778745,8.781123,-3.6529849,0.21111594,0.17673017,2.9684231,3.2242725,9.616344,9.780778,-10.790313,48.849712,-2.381767,1.9483793,7.574537,7.410333,-16.125698,21.511932,48.813953,-6.7708306,-1.3308893,-5.0576863
274,13.10275936126709,330.4287109375,78.41498565673828,-2.868258858206755,-8.661064301585924,92.68600523403839,-4.52385,14.648562,4.297142,52.613033,-18.903322,-9.430153,4.2481565,1.5397604,-9.70787,8.683171,-3.792842,0.1999711,0.24554603,2.9872358,3.236098,9.659181,9.760329,-10.979871,50.652504,-2.2433062,2.3785586,6.7376194,7.09367,-16.00105,21.437462,49.044548,-6.55818,-0.9249374,-4.7372527
275,13.133157730102539,330.6392517089844,78.40509796142578,-2.9148853920020477,-8.531514444741285,92.64009647370628,-4.68267,14.793728,4.1996884,51.918293,-19.0977,-9.53458,4.327744,1.6573703,-9.666472,8.570405,-3.9282167,0.18790649,0.2733697,3.0234425,3.2696521,9.714594,9.771957,-11.226795,52.40504,-2.0249665,2.7683554,5.902688,6.770035,-15.903965,21.441626,49.224255,-6.4313097,-0.5723927,-4.396684
276,13.173487663269043,330.8459167480469,78.38748168945312,-2.9712671794534695,-8.405417375257153,92.62401204578865,-4.834061,14.94284,4.0781517,51.158394,-19.259884,-9.654792,4.4156084,1.7740692,-9.653281,8.450663,-4.067138,0.17407916,0.2705413,3.060285,3.3148577,9.799427,9.808276,-11.555078,54.11769,-1.8706069,3.0362651,5.2143393,6.4494486,-15.81911,21.49542,49.386406,-6.423144,-0.30451107,-4.0516105
277,13.206437110900879,331.0306701660156,78.36724853515625,-3.039874170137405,-8.288937933200545,92.65407059847271,-4.9870863,15.088439,3.9098938,50.344078,-19.378874,-9.816781,4.520409,1.88926,-9.682179,8.324268,-4.218216,0.1558202,0.20040673,3.1146836,3.392512,9.913234,9.846313,-11.944597,55.814457,-1.7800488,3.1274152,4.703028,6.127341,-15.780612,21.632692,49.51302,-6.554719,-0.14413565,-3.6955736
278,13.22500991821289,331.2147216796875,78.34901428222656,-3.124301176949364,-8.182495687997111,92.72400069808364,-5.142292,15.224504,3.6768537,49.47018,-19.460552,-10.022455,4.644149,2.0081227,-9.748445,8.184929,-4.3736596,0.13594551,0.12200533,3.164854,3.4880006,10.027931,9.934607,-12.463444,57.498516,-1.7219877,3.099619,4.3031983,5.8131294,-15.734084,21.802763,49.61742,-6.8211894,-0.07473898,-3.3288186
279,13.240321159362793,331.417236328125,78.3265151977539,-3.207352442005352,-8.072046361371461,92.80014839786433,-5.280801,15.36365,3.4470637,48.51969,-19.527075,-10.212785,4.7591243,2.121202,-9.819054,8.050082,-4.5266757,0.11934297,0.015441139,3.2122939,3.5794356,10.176937,10.036896,-13.020131,59.11073,-1.6896029,3.0340285,3.989372,5.4989576,-15.706598,22.0281,49.700573,-7.15435,-0.057303965,-2.956804
280,13.244178771972656,331.59814453125,78.3016586303711,-3.2769835839566053,-7.9429717279534415,92.849607840812,-5.382788,15.517998,3.2892206,47.47372,-19.59929,-10.329899,4.8424687,2.2201414,-9.861754,7.9263268,-4.664696,0.11104327,-0.07730127,3.2481906,3.630482,10.366067,10.143449,-13.615192,60.615513,-1.7096674,3.013608,3.7499986,5.206377,-15.689039,22.268745,49.769287,-7.50183,-0.05440597,-2.589922
281,13.241044044494629,331.7893371582031,78.28649139404297,-3.3291108352588754,-7.787334859503407,92.87289941229942,-5.4507637,15.689938,3.2122965,46.31549,-19.68848,-10.360283,4.8860226,2.303715,-9.876943,7.8150806,-4.783337,0.113402866,-0.1610883,3.2720692,3.6207752,10.589339,10.245234,-14.267026,62.041126,-1.780217,3.049025,3.6220782,4.9274983,-15.681062,22.545218,49.838642,-7.871545,-0.074744865,-2.222693
282,13.245553970336914,331.98297119140625,78.27218627929688,-3.369995552327944,-7.6144160552074736,92.88460816847461,-5.492712,15.870311,3.1840062,45.06033,-19.782982,-10.336559,4.9049044,2.3754957,-9.878647,7.7100444,-4.888747,0.12365575,-0.24923767,3.2911253,3.5697672,10.837335,10.342113,-14.975797,63.40745,-1.8896132,3.0997725,3.603327,4.655358,-15.682818,22.864431,49.90555,-8.285791,-0.13266812,-1.8544674
283,13.248939514160156,332.16339111328125,78.2634048461914,-3.4019218567444613,-7.435735827136158,92.8726790037586,-5.4963675,16.054714,3.211185,43.73511,-19.868692,-10.271613,4.904661,2.4356,-9.856112,7.6164203,-4.98697,0.13907467,-0.33341232,3.3107133,3.5026834,11.1097765,10.42257,-15.682947,64.67645,-2.0350287,3.1671703,3.623466,4.3848553,-15.690217,23.187494,49.97337,-8.713047,-0.1978887,-1.5040162
284,13.243193626403809,332.32965087890625,78.25080871582031,-3.4247270709281366,-7.262435716731233,92.82490063530487,-5.4500275,16.237347,3.3012528,42.367325,-19.932037,-10.17874,4.890907,2.4836175,-9.798659,7.537882,-5.0834656,0.15680668,-0.37499937,3.326519,3.4461398,11.415212,10.509736,-16.373434,65.77936,-2.2341528,3.2610178,3.60611,4.145658,-15.698777,23.442072,50.013393,-9.12555,-0.2405259,-1.1858176
285,13.221166610717773,332.490234375,78.23343658447266,-3.433468287741144,-7.096187148408654,92.73079408372512,-5.338729,16.425278,3.4879134,40.9381,-19.98145,-10.038918,4.8588815,2.5135188,-9.695225,7.4815164,-5.1826873,0.17814665,-0.39465594,3.341182,3.405852,11.759928,10.565194,-16.962183,66.72206,-2.4948328,3.3954039,3.5706785,3.9011405,-15.704626,23.655252,50.053825,-9.543285,-0.25331202,-0.90147245
286,13.184330940246582,332.6531982421875,78.23090362548828,-3.4305624776093984,-6.931152910007789,92.5996344038239,-5.171889,16.611914,3.760145,39.441334,-20.021742,-9.858283,4.8074846,2.5265875,-9.554413,7.442709,-5.2803035,0.20351832,-0.39566103,3.352895,3.3680124,12.136954,10.5970955,-17.493391,67.53461,-2.8095999,3.5607355,3.5451665,3.6547492,-15.709493,23.841673,50.09546,-9.974408,-0.25185826,-0.6432952
287,13.146458625793457,332.8061218261719,78.23431396484375,-3.4247351224741585,-6.7691407679450375,92.44847841801987,-4.9742208,16.776918,4.055973,37.923206,-20.033009,-9.685402,4.7481275,2.5357544,-9.395,7.4105988,-5.371367,0.22885177,-0.38438138,3.3725386,3.3252194,12.532798,10.62246,-18.053177,68.22679,-3.1319818,3.7256613,3.4789724,3.4240773,-15.711679,23.991829,50.14052,-10.36535,-0.23756173,-0.42260996
288,13.10932445526123,332.95709228515625,78.22859191894531,-3.426601335552836,-6.6119517745867915,92.29444694679063,-4.7720237,16.903913,4.3110056,36.432602,-19.995426,-9.564004,4.6906824,2.552486,-9.235456,7.3786263,-5.453649,0.250492,-0.37133306,3.408612,3.2719967,12.929873,10.656128,-18.714518,68.81404,-3.4077117,3.8557055,3.3190644,3.2206564,-15.705082,24.095896,50.195805,-10.666973,-0.21197902,-0.24932344
289,13.084033012390137,333.0879821777344,78.22528076171875,-3.4376367962963283,-6.4633723496745255,92.13247587823065,-4.5597405,17.007574,4.5413513,34.968426,-19.921509,-9.476591,4.636299,2.5812442,-9.071656,7.3489947,-5.5231624,0.2626986,-0.35574442,3.458842,3.213975,13.334303,10.711964,-19.514112,69.27133,-3.6863732,3.9627995,3.0519884,3.0375268,-15.679256,24.146751,50.273663,-10.867605,-0.17012312,-0.1323229
290,13.0447359085083,333.23211669921875,78.22159576416016,-3.4526904660186335,-6.321587951322955,91.95662954172325,-4.3276653,17.0922,4.769169,33.508587,-19.814913,-9.407166,4.578592,2.614781,-8.896708,7.3281336,-5.5848203,0.26907352,-0.34233952,3.5138545,3.152942,13.761483,10.786933,-20.392723,69.590225,-3.9715722,4.0593243,2.7023258,2.861519,-15.631391,24.161905,50.376194,-10.992151,-0.11231904,-0.064976074
291,12.983671188354492,333.3916931152344,78.21939086914062,-3.4718466721599315,-6.179392945537494,91.7822780189669,-4.0973783,17.132109,4.935227,32.07162,-19.64107,-9.396342,4.5226245,2.6504638,-8.724905,7.2997837,-5.639852,0.27939916,-0.34261167,3.5700407,3.081432,14.20136,10.874802,-21.285957,69.81,-4.141931,4.1124096,2.272096,2.6962705,-15.566637,24.15487,50.49081,-11.051503,-0.04833179,-0.03243139
292,12.930065155029297,333.54034423828125,78.21604919433594,-3.49712629929556,-6.029734952865327,91.62498368282623,-3.8876812,17.104095,4.979404,30.670412,-19.36224,-9.482408,4.4686317,2.684547,-8.570635,7.256337,-5.6930437,0.30330113,-0.35058758,3.6187189,2.9916487,14.643028,10.98509,-22.149843,69.96359,-4.083717,4.0882907,1.7612648,2.5572238,-15.481362,24.116394,50.599655,-11.063882,0.01065424,-0.018541098
293,12.883502006530762,333.6768493652344,78.21094512939453,-3.5311088070522154,-5.86611206776463,91.48773400631396,-3.6956782,17.003757,4.8795676,29.276707,-18.964397,-9.716583,4.4174805,2.7201514,-8.437,7.182794,-5.7384686,0.34358245,-0.38984066,3.663983,2.8792975,15.107956,11.105455,-22.898802,70.04745,-3.6930215,3.9387474,1.1242714,2.4386802,-15.383287,24.065035,50.700527,-10.991595,0.067306176,-0.024522724
294,12.816370964050293,333.8147888183594,78.20624542236328,-3.571806392656553,-5.69386828202321,91.36234559221977,-3.5117595,16.850023,4.6647344,27.890545,-18.466593,-10.058862,4.365496,2.7582662,-8.31682,7.093617,-5.778917,0.39484036,-0.45156315,3.7095878,2.7485905,15.59318,11.236128,-23.58546,70.049126,-3.059529,3.6874862,0.37938333,2.336329,-15.272526,23.995073,50.802868,-10.839697,0.12566844,-0.057275474
295,12.750686645507812,333.96539306640625,78.18955993652344,-3.617879850848568,-5.523873094523703,91.24803960305145,-3.3456542,16.65592,4.3510656,26.568176,-17.88517,-10.411241,4.323388,2.7941113,-8.208028,6.9926815,-5.817009,0.45436817,-0.5308412,3.757289,2.6096802,16.069157,11.376834,-24.310982,69.98185,-2.3370194,3.4080446,-0.37884676,2.2468002,-15.151724,23.919744,50.90607,-10.674183,0.17889985,-0.11040605
296,12.687007904052734,334.1107482910156,78.16529083251953,-3.663413364041758,-5.366756213919178,91.14365730880051,-3.2133977,16.4328,3.95504,25.379295,-17.238047,-10.676778,4.2957478,2.8219016,-8.109071,6.895577,-5.861033,0.5197006,-0.6211767,3.8088057,2.4721847,16.504503,11.526617,-25.179699,69.86041,-1.6769269,3.1797879,-1.0589781,2.169164,-15.02522,23.852106,51.00724,-10.559067,0.22023459,-0.17694463
297,12.626504898071289,334.24853515625,78.13684844970703,-3.7170917751841657,-5.221307326198994,91.04837581636721,-3.137009,16.149546,3.3839772,24.311802,-16.430824,-10.846311,4.285506,2.8480296,-8.020778,6.79519,-5.9097905,0.59033114,-0.7215274,3.8751345,2.327112,16.887457,11.686734,-26.289064,69.69518,-1.129731,3.0159674,-1.639783,2.1074073,-14.896052,23.794798,51.109016,-10.516259,0.24831699,-0.26749718
298,12.554706573486328,334.38934326171875,78.10829162597656,-3.7749176911071634,-5.083068169268468,90.96287447554747,-3.1050396,15.814732,2.6592882,23.350546,-15.492874,-10.9672,4.249255,2.8662596,-7.945697,6.7727766,-6.005409,0.6678802,-0.8285604,3.9523764,2.173077,17.228495,11.857917,-27.569544,69.48006,-0.6119721,2.8790421,-2.1700442,2.0699532,-14.765383,23.733572,51.202366,-10.510319,0.2665547,-0.38000596
299,12.45776653289795,334.53228759765625,78.0880126953125,-3.82499942386466,-4.957687322915927,90.88957644631829,-3.0843236,15.493184,1.9751749,22.5538,-14.622227,-11.02794,4.2172465,2.8649187,-7.880022,6.7740884,-6.1149187,0.7524698,-0.9379697,4.018071,2.0316355,17.532507,12.035839,-28.866943,69.203415,-0.070605814,2.7757385,-2.6652892,2.0542076,-14.636708,23.660519,51.27355,-10.520406,0.27575266,-0.4890764
300,12.36308479309082,334.66790771484375,78.08313751220703,-3.8511216084957396,-4.851316527321747,90.83033766690905,-3.0438793,15.246352,1.5276922,21.978323,-14.0154085,-11.015215,4.204866,2.8316548,-7.820607,6.7760663,-6.220837,0.84422356,-1.0491127,4.052892,1.924343,17.809292,12.212188,-30.023054,68.851616,0.54914826,2.7108061,-3.1409433,2.0567386,-14.513828,23.572517,51.308838,-10.524371,0.2767467,-0.5697401
301,12.265425682067871,334.7903137207031,78.09342956542969,-3.8563767880217443,-4.764227040799067,90.79379492987171,-2.9996643,15.109885,1.4065927,21.73653,-13.783542,-10.888901,4.2148404,2.7653658,-7.7747917,6.7792892,-6.3252096,0.94607794,-1.1769786,4.0572457,1.8589275,18.069237,12.377943,-30.994482,68.38464,1.3228048,2.7130828,-3.6059525,2.0750458,-14.401066,23.470076,51.29064,-10.526142,0.2727828,-0.60830945
302,12.168591499328613,334.9185791015625,78.08280181884766,-3.846545461811704,-4.693855670370512,90.77619112972472,-2.960871,15.041811,1.4973502,21.763102,-13.801706,-10.668845,4.2438965,2.6733706,-7.7415624,6.7831516,-6.4288282,1.0570569,-1.3232117,4.043639,1.822994,18.30497,12.529242,-31.860113,67.82841,2.2045069,2.7658312,-4.051146,2.1097116,-14.299049,23.362673,51.231155,-10.53186,0.26290208,-0.6207692
303,12.076964378356934,335.0381774902344,78.06060028076172,-3.816104810021942,-4.640832654436069,90.76110819892762,-2.883201,14.984677,1.6905288,21.840864,-13.908532,-10.430646,4.2899756,2.5543966,-7.705312,6.7877,-6.5282674,1.1715393,-1.4654646,4.00945,1.8082494,18.504517,12.667228,-32.647312,67.254364,3.066142,2.8153849,-4.463603,2.1576273,-14.204507,23.259314,51.165947,-10.523376,0.24131607,-0.6266783
304,11.982339859008789,335.15509033203125,78.04307556152344,-3.7565876957523145,-4.606126988009102,90.73194273568659,-2.724496,14.877104,1.8780245,21.75469,-13.94034,-10.249926,4.349077,2.4055364,-7.650213,6.7942867,-6.6196194,1.2839073,-1.582566,3.9483845,1.8057958,18.657423,12.795685,-33.381443,66.7347,3.7785296,2.8082893,-4.8290777,2.2123682,-14.111374,23.17033,51.134342,-10.48277,0.20210096,-0.646384
305,11.892702102661133,335.26605224609375,78.03718566894531,-3.6611164773828735,-4.611592179057827,90.68401396052656,-2.442407,14.699589,2.0519838,21.446852,-13.870827,-10.149078,4.4443955,2.2182734,-7.5672994,6.8025103,-6.7031207,1.3938476,-1.6683966,3.8493958,1.8352256,18.760506,12.917452,-34.08095,66.281296,4.294058,2.71925,-5.1402445,2.268577,-14.015809,23.101236,51.139484,-10.409131,0.13609248,-0.6842275
306,11.784017562866211,335.37060546875,78.0483627319336,-3.533234114834459,-4.6495821228747936,90.62596008974675,-2.0666835,14.483777,2.2633107,21.023924,-13.779581,-10.086955,4.5694437,1.994854,-7.466577,6.8116775,-6.780259,1.5042627,-1.7331877,3.7151203,1.893651,18.820549,13.032259,-34.729973,65.85636,4.6844077,2.583947,-5.405321,2.3279002,-13.917427,23.044226,51.16782,-10.311949,0.04867926,-0.73032635
307,11.689760208129883,335.4631042480469,78.07170104980469,-3.389523004283745,-4.676864183431004,90.56209701298589,-1.6758738,14.246961,2.4889915,20.543228,-13.66148,-10.043265,4.6394057,1.746906,-7.362042,6.9012585,-6.8905478,1.614036,-1.7814971,3.563368,1.9389017,18.84207,13.139009,-35.299267,65.456474,5.0008225,2.4410353,-5.633219,2.3976367,-13.812703,22.990871,51.22927,-10.188778,-0.044123955,-0.78340006
308,11.586737632751465,335.56903076171875,78.09937286376953,-3.2440088751086393,-4.65017383372572,90.4966495102762,-1.3385842,14.00642,2.7096925,20.04131,-13.510577,-9.998449,4.6225667,1.4937488,-7.2650995,7.038347,-7.013903,1.7217538,-1.81883,3.4107072,1.9282415,18.83087,13.236628,-35.758972,65.07864,5.295193,2.3299766,-5.8328285,2.4806082,-13.6977005,22.932693,51.33948,-10.038593,-0.12646104,-0.8427725
309,11.482085227966309,335.6994323730469,78.12893676757812,-3.093158532154276,-4.549726003962533,90.42698848244727,-1.0845706,13.761455,2.9258416,19.535652,-13.319444,-9.95064,4.5283003,1.237148,-7.1739917,7.156749,-7.1129045,1.8280407,-1.8395171,3.255206,1.839559,18.779589,13.323647,-36.11227,64.73957,5.586836,2.2527294,-6.0032253,2.5759864,-13.568945,22.874296,51.5152,-9.823261,-0.2098767,-0.91879505
310,11.393501281738281,335.81488037109375,78.16016387939453,-2.9332749754087724,-4.401207079733524,90.3524994323646,-0.872461,13.505787,3.1460574,18.999113,-13.092236,-9.908417,4.37871,0.97000974,-7.08268,7.2704244,-7.1970663,1.933143,-1.844473,3.0892844,1.6978748,18.689756,13.400112,-36.370113,64.43359,5.8470755,2.1958487,-6.1410255,2.6777194,-13.426207,22.819265,51.750973,-9.557124,-0.29778814,-1.0091364
311,11.30340576171875,335.8822326660156,78.19779968261719,-2.7729903569121803,-4.228959155991689,90.28009990229422,-0.6757466,13.249402,3.3608043,18.429798,-12.8441105,-9.867975,4.2029634,0.7044861,-6.9955974,7.3794,-7.2717366,2.0346048,-1.848305,2.9217286,1.5331725,18.576483,13.466356,-36.513783,64.142075,6.0555773,2.1586645,-6.250723,2.7860675,-13.268661,22.758333,52.02179,-9.315109,-0.36209723,-1.0935334
312,11.207367897033691,335.95782470703125,78.23856353759766,-2.6261026729917027,-4.057804382920828,90.21693314875196,-0.46691906,13.000832,3.5609927,17.825924,-12.59011,-9.825797,4.0331893,0.45305505,-6.9176126,7.4795594,-7.3413544,2.1299868,-1.8663675,2.7611678,1.3750278,18.455856,13.52353,-36.52391,63.84368,6.1918707,2.143142,-6.337361,2.90015,-13.095611,22.68232,52.303993,-9.172813,-0.3741381,-1.1523597
313,11.113056182861328,336.0854797363281,78.27727508544922,-2.4933541620379094,-3.8760872782321485,90.16938713683516,-0.24796186,12.761411,3.7410827,17.166597,-12.324153,-9.789213,3.8623176,0.22044337,-6.856249,7.5654125,-7.4034553,2.214586,-1.9059368,2.608021,1.210012,18.336784,13.572547,-36.366444,63.540405,6.2457,2.1577208,-6.408197,3.0281332,-12.902982,22.589634,52.60123,-9.145687,-0.3171037,-1.191172
314,11.032240867614746,336.20233154296875,78.31324005126953,-2.3695393924223977,-3.6768166331955183,90.13222832843965,-0.024723476,12.526385,3.9082725,16.44864,-12.038304,-9.7574835,3.678324,-0.0011328654,-6.8065953,7.6426764,-7.458515,2.2909598,-1.95955,2.4574254,1.0288624,18.210728,13.614096,-36.059765,63.237823,6.229819,2.2015796,-6.4592357,3.1643634,-12.689192,22.486813,52.92676,-9.195041,-0.20906638,-1.2175936
315,10.946894645690918,336.28314208984375,78.34810638427734,-2.2525603251432025,-3.491851784597539,90.09437154935694,0.2108741,12.296137,4.069488,15.729681,-11.755238,-9.7159,3.5060213,-0.21661702,-6.7557654,7.720153,-7.5111127,2.3675218,-2.0177088,2.3107994,0.86820525,18.063663,13.648484,-35.66418,62.930004,6.1587067,2.2539244,-6.4772177,3.2910058,-12.460799,22.373627,53.267254,-9.31559,-0.07401264,-1.2146797
316,10.856207847595215,336.343017578125,78.38043212890625,-2.1385226652315694,-3.352895466493194,90.04442195700821,0.47853267,12.067841,4.2350087,15.043839,-11.490372,-9.650643,3.3714633,-0.43148664,-6.69085,7.8054442,-7.566133,2.4527986,-2.0685484,2.1705892,0.76551723,17.881104,13.675997,-35.242466,62.609962,6.046314,2.2945719,-6.449237,3.3962073,-12.228929,22.247705,53.60098,-9.501058,0.06405516,-1.1640525
317,10.760753631591797,336.4124755859375,78.41087341308594,-2.0247278882218174,-3.274804340619469,89.97524086685246,0.7878491,11.837097,4.413694,14.414065,-11.256122,-9.55295,3.2858298,-0.64871156,-6.6049843,7.906806,-7.6278524,2.5495987,-2.1040077,2.0419533,0.7343124,17.665989,13.695137,-34.780727,62.269928,5.8539166,2.3324614,-6.3790197,3.4851491,-12.0016365,22.09268,53.9232,-9.798396,0.21796171,-1.0374057
318,10.652053833007812,336.4827880859375,78.43791961669922,-1.914728799679505,-3.238754446762197,89.89394629727205,1.1319903,11.603759,4.5998473,13.810041,-11.039195,-9.433748,3.2347147,-0.8648008,-6.506312,8.017501,-7.692633,2.6531713,-2.129221,1.9247594,0.7550512,17.421234,13.705493,-34.25866,61.916134,5.58734,2.372908,-6.271223,3.5690372,-11.78045,21.912664,54.233524,-10.193641,0.39321613,-0.8496047
319,10.546584129333496,336.5390930175781,78.45771026611328,-1.8085975314712293,-3.2255388801019653,89.81010438988959,1.4945946,11.371129,4.7799864,13.208785,-10.825883,-9.308805,3.2012782,-1.077002,-6.404186,8.130706,-7.757643,2.7610366,-2.1512156,1.811996,0.81580174,17.134604,13.710499,-33.731213,61.56035,5.327374,2.3906236,-6.114255,3.6436436,-11.567842,21.735485,54.518723,-10.588897,0.5557608,-0.64778036
320,10.447660446166992,336.599609375,78.47671508789062,-1.708928063123794,-3.216371008199806,89.7335759317382,1.8616517,11.143719,4.9407835,12.581539,-10.59944,-9.193475,3.1681306,-1.2815356,-6.308182,8.237245,-7.8168597,2.8705857,-2.1753192,1.697465,0.90511036,16.793997,13.716289,-33.25508,61.21205,5.1540756,2.3606386,-5.897197,3.7066,-11.367872,21.586758,54.763947,-10.886312,0.6726042,-0.47983262
321,10.3505277633667,336.65509033203125,78.4923324584961,-1.6169437221373577,-3.210736670267601,89.65737325680753,2.2312887,10.922406,5.0831637,11.921965,-10.3555155,-9.090137,3.1262715,-1.476082,-6.211651,8.338406,-7.8645835,2.9845774,-2.1924205,1.5793495,1.0449214,16.388939,13.72477,-32.816113,60.847534,4.969659,2.2538848,-5.584214,3.7480707,-11.185056,21.453152,54.951138,-11.074857,0.73229635,-0.3423999
322,10.242398262023926,336.708984375,78.5034408569336,-1.5314054290110926,-3.2175042520768145,89.57913379131284,2.6146963,10.703676,5.214033,11.237367,-10.098998,-8.992344,3.0864236,-1.6627676,-6.112452,8.435311,-7.9026856,3.1032653,-2.2014153,1.4622232,1.2346481,15.93126,13.736744,-32.394306,60.465218,4.7718954,2.0904927,-5.193284,3.7765186,-11.020288,21.326302,55.08703,-11.20096,0.7537624,-0.21487904
323,10.146032333374023,336.714599609375,78.5177001953125,-1.4454827716341834,-3.2323227694394308,89.51481858874716,3.0377533,10.480055,5.3336873,10.479177,-9.80805,-8.9013,3.0595403,-1.8488091,-6.025546,8.532985,-7.949825,3.22136,-2.2184186,1.3439889,1.4290628,15.444665,13.759003,-32.039997,60.104664,4.7823853,1.9225318,-4.7929926,3.8148687,-10.872634,21.239717,55.196175,-11.251548,0.7511093,-0.1200802
324,10.041559219360352,336.70703125,78.5250473022461,-1.3710796567269183,-3.247710037293637,89.4843144389149,3.421035,10.271638,5.4176292,9.806214,-9.562135,-8.819933,3.0619507,-2.0234504,-5.972548,8.614518,-8.011377,3.3315072,-2.2613728,1.2398926,1.5824791,14.952885,13.799543,-31.806963,59.799477,5.2201858,1.8055098,-4.451375,3.891786,-10.7434435,21.224073,55.29525,-11.212778,0.73827153,-0.07908275
325,9.948421478271484,336.73077392578125,78.52204895019531,-1.334979861297133,-3.2517432986409656,89.51364573080585,3.500435,10.1353,5.3969245,9.74266,-9.6391535,-8.758118,3.1149526,-2.1545467,-5.985208,8.634355,-8.074574,3.4266672,-2.3573287,1.1709841,1.6644136,14.477372,13.870678,-31.725258,59.531975,6.301755,1.7485791,-4.212466,4.0130205,-10.623967,21.307556,55.40071,-11.023966,0.7065289,-0.11179127
326,9.897445678710938,336.8756103515625,78.50888061523438,-1.2983399384687693,-3.258371547975728,89.57878333439149,3.5887413,9.99652,5.349977,9.666698,-9.712489,-8.707068,3.1938055,-2.2879615,-6.032765,8.650848,-8.160044,3.5160255,-2.4785206,1.0987701,1.7138656,13.998198,13.9652195,-31.766685,59.287766,7.8551235,1.7277383,-4.0320888,4.1782656,-10.52666,21.4631,55.480164,-10.709237,0.6521619,-0.19875059
327,9.819572448730469,336.9381103515625,78.50535583496094,-1.2702144475986499,-3.26842609913977,89.65378288521607,3.672129,9.867393,5.2922835,9.604455,-9.7912,-8.660355,3.283525,-2.4103281,-6.090556,8.659737,-8.2471285,3.6013222,-2.6036332,1.0346586,1.7556791,13.505461,14.084612,-31.882614,59.08144,9.518115,1.7524163,-3.8479273,4.350704,-10.438505,21.647888,55.551643,-10.392677,0.595976,-0.31452706
328,9.71610164642334,336.96502685546875,78.49893951416016,-1.2479609249812005,-3.2831562101816614,89.71080341450339,3.7510488,9.749955,5.244176,9.556362,-9.872195,-8.610138,3.3646412,-2.5194657,-6.130495,8.668842,-8.322465,3.6847217,-2.705349,0.9813742,1.8155792,12.984766,14.229868,-32.027805,58.93145,10.927886,1.8328037,-3.598067,4.500575,-10.351366,21.814558,55.62486,-10.198853,0.5595994,-0.4328096
329,9.637880325317383,336.9974060058594,78.48907470703125,-1.2362770069420166,-3.3174331015801095,89.73774559413296,3.838741,9.649875,5.212057,9.530019,-9.961918,-8.550294,3.4463964,-2.6117396,-6.1394987,8.6786,-8.3825035,3.7669997,-2.7744749,0.9557192,1.9087003,12.401062,14.383869,-32.256374,58.887196,12.151187,2.0072446,-3.2448153,4.6183553,-10.272163,21.95832,55.707657,-10.175488,0.54886407,-0.5666812
330,9.554656028747559,337.0442810058594,78.47871398925781,-1.2310025634816395,-3.3658254720774794,89.75050867457594,3.9321105,9.563514,5.184725,9.51862,-10.057561,-8.4852915,3.532091,-2.6922193,-6.133536,8.691263,-8.437906,3.8472161,-2.826015,0.9526439,2.0164118,11.760727,14.533916,-32.570267,58.943306,13.328467,2.260501,-2.8293827,4.7211437,-10.205258,22.10188,55.794743,-10.251618,0.55301267,-0.7238674
331,9.480095863342285,337.07342529296875,78.46743774414062,-1.2304118243884026,-3.3993647917627876,89.76469809669605,4.003261,9.485858,5.1534486,9.509332,-10.146969,-8.421794,3.6009982,-2.764657,-6.1298094,8.69513,-8.482075,3.9244199,-2.8657262,0.9472875,2.1171653,11.113908,14.699859,-32.85367,59.026573,14.203076,2.5182374,-2.4050696,4.8176856,-10.138433,22.233965,55.875015,-10.374646,0.5688879,-0.8697312
332,9.406813621520996,337.1047058105469,78.45634460449219,-1.2307849297605982,-3.388719747217931,89.79561738832619,4.0237975,9.41032,5.10993,9.487219,-10.2154255,-8.365619,3.6292963,-2.8344207,-6.144835,8.684856,-8.511581,3.9977329,-2.9142933,0.9263161,2.1848552,10.49401,14.861017,-32.97199,59.105606,14.531187,2.6983354,-2.0156224,4.916477,-10.076625,22.363245,55.935585,-10.48388,0.5943541,-0.968158
333,9.339559555053711,337.12982177734375,78.44969177246094,-1.2350971722718642,-3.3086737374537565,89.85215966525688,3.963489,9.339266,5.0476623,9.450548,-10.256383,-8.316431,3.595134,-2.8998492,-6.188182,8.653648,-8.521005,4.065295,-2.979357,0.8833292,2.1977568,9.903924,15.016124,-32.890697,59.198982,14.189463,2.7712557,-1.6435684,5.0214567,-10.017994,22.493988,55.968525,-10.578471,0.6351976,-1.0096246
334,9.27881908416748,337.16986083984375,78.4439468383789,-1.2445928933417771,-3.1806145576703955,89.92461205708663,3.8415475,9.276491,4.9712124,9.410924,-10.279823,-8.269881,3.516173,-2.958505,-6.249333,8.605818,-8.513017,4.128035,-3.05502,0.8307434,2.1718328,9.321189,15.161855,-32.673935,59.333836,13.333189,2.7733161,-1.2702913,5.123968,-9.964704,22.627995,55.986897,-10.683703,0.690815,-1.0137151
335,9.221753120422363,337.2020263671875,78.4366226196289,-1.2545923779733215,-3.045834762710362,90.00048148159264,3.7107806,9.21697,4.890186,9.365994,-10.294972,-8.226073,3.4295113,-3.014378,-6.3148365,8.554513,-8.499871,4.189645,-3.1380196,0.7748067,2.1409783,8.765568,15.309252,-32.339615,59.45131,12.130418,2.7227259,-0.9419143,5.211315,-9.9122,22.76591,56.01267,-10.781798,0.74846613,-0.9899942
336,9.15565013885498,337.22442626953125,78.43241882324219,-1.264370650506585,-2.9455659091380477,90.06775043602045,3.6147048,9.157513,4.812346,9.330664,-10.31915,-8.185486,3.374247,-3.0704026,-6.3718576,8.508707,-8.492018,4.253835,-3.2194707,0.72643906,2.1364799,8.23694,15.448781,-31.912825,59.521183,10.749063,2.6412795,-0.7010208,5.277019,-9.864367,22.901627,56.063164,-10.855909,0.79556185,-0.94644964
337,9.086896896362305,337.2392272949219,78.42112731933594,-1.279047464746531,-2.897127924942627,90.12136610283041,3.5751507,9.101279,4.737093,9.303169,-10.357625,-8.1516285,3.365614,-3.123574,-6.415116,8.473646,-8.493987,4.3225355,-3.296811,0.69543916,2.1692584,7.7247505,15.570138,-31.391588,59.558952,9.060963,2.5188518,-0.5685787,5.318511,-9.824837,23.030802,56.148323,-10.903299,0.8298742,-0.8601276
338,9.020681381225586,337.24774169921875,78.40966033935547,-1.2953652309427612,-2.8765770896512244,90.1683150396702,3.5642982,9.048859,4.660831,9.279753,-10.402086,-8.123167,3.3820932,-3.17346,-6.45228,8.441425,-8.498435,4.393475,-3.386974,0.6691948,2.2233963,7.2508817,15.694407,-30.74813,59.554184,7.0370946,2.3521652,-0.52579415,5.330766,-9.786241,23.171774,56.262287,-10.929356,0.8578306,-0.7364
339,8.953458786010742,337.2657165527344,78.40117645263672,-1.3091463573872528,-2.862373237111694,90.21494370076796,3.5571895,8.992856,4.5882645,9.258921,-10.441817,-8.093034,3.4008882,-3.227791,-6.489162,8.414793,-8.504784,4.46401,-3.464729,0.6434327,2.282036,6.793598,15.803862,-30.031353,59.519035,4.981714,2.176162,-0.54119885,5.340861,-9.754212,23.300053,56.376633,-10.939645,0.8796142,-0.6206785
340,8.886809349060059,337.2789001464844,78.396728515625,-1.3109870043102858,-2.832961719105035,90.26726177391077,3.531175,8.924767,4.5246572,9.234907,-10.463771,-8.054133,3.4000118,-3.2946558,-6.531493,8.394173,-8.510458,4.5315704,-3.535629,0.6055872,2.33283,6.370761,15.904687,-29.24877,59.4211,3.2080448,2.0247667,-0.5853588,5.3522224,-9.72729,23.426811,56.478127,-10.932483,0.8958786,-0.5618253
341,8.825576782226562,337.28546142578125,78.39324188232422,-1.2959312014263158,-2.782158691587203,90.33025544565189,3.477671,8.837932,4.474271,9.207918,-10.460591,-8.002223,3.372278,-3.3817527,-6.5834064,8.383773,-8.518033,4.596252,-3.5801423,0.5566985,2.3665214,5.97112,15.985529,-28.385538,59.269306,1.7392155,1.8989278,-0.67892915,5.386048,-9.706562,23.530888,56.559227,-10.893588,0.90301085,-0.59152377
342,8.762998580932617,337.294677734375,78.39134216308594,-1.269345027630868,-2.721511693067652,90.39961081313983,3.41013,8.738004,4.433532,9.180529,-10.441134,-7.941885,3.3316226,-3.4828122,-6.641005,8.37978,-8.527032,4.65922,-3.6031704,0.502306,2.3904364,5.5858245,16.042217,-27.442608,59.08246,0.42774945,1.7864201,-0.82520837,5.431134,-9.693628,23.61535,56.632053,-10.8283415,0.90201855,-0.67797065
343,8.703855514526367,337.3019104003906,78.39533233642578,-1.2395682033621878,-2.6569114080455347,90.467420904857,3.3371255,8.636518,4.39548,9.150416,-10.41465,-7.8792086,3.2823176,-3.58538,-6.6975727,8.378297,-8.533625,4.719334,-3.6301198,0.44301006,2.4169536,5.218022,16.082344,-26.473326,58.857555,-0.67412114,1.6961477,-0.96407497,5.464832,-9.687456,23.708332,56.69252,-10.768232,0.8999377,-0.7716502
344,8.651363372802734,337.3067626953125,78.39569854736328,-1.216996665180009,-2.5935608472723732,90.5260476085664,3.2635121,8.544894,4.3523564,9.12312,-10.394761,-7.8201385,3.2309203,-3.6761634,-6.746732,8.372416,-8.533243,4.775456,-3.6736295,0.37936518,2.4577146,4.862217,16.114475,-25.548119,58.596497,-1.5183479,1.6347911,-1.0340306,5.4686837,-9.689276,23.821878,56.735085,-10.748787,0.9037878,-0.82236147
345,8.601357460021973,337.30169677734375,78.39390563964844,-1.205103398173445,-2.52937755563429,90.57711341200198,3.186666,8.465849,4.296271,9.096689,-10.382902,-7.766568,3.1749995,-3.7522132,-6.7909765,8.3602,-8.524202,4.8273373,-3.7459471,0.29948276,2.5233796,4.529261,16.144884,-24.634129,58.277225,-2.024114,1.6006576,-1.027008,5.4295964,-9.699346,23.970285,56.74973,-10.795555,0.9158472,-0.80978817
346,8.547859191894531,337.2999572753906,78.39608001708984,-1.1968748789663757,-2.4625716633554915,90.62347929334071,3.103361,8.393498,4.232945,9.072222,-10.373758,-7.7152405,3.1121962,-3.8198318,-6.8324275,8.345351,-8.509021,4.875514,-3.8416831,0.2058908,2.6074164,4.2274423,16.176235,-23.70569,57.890617,-2.240176,1.5899324,-0.9737714,5.3578053,-9.717408,24.14778,56.740562,-10.883004,0.9323471,-0.7627897
347,8.488924026489258,337.29254150390625,78.39912414550781,-1.190392989959801,-2.3993890703783136,90.65919879932633,3.0263574,8.32534,4.176858,9.046846,-10.365684,-7.66429,3.0486352,-3.8821878,-6.8634844,8.3316965,-8.490803,4.9201837,-3.927732,0.11832116,2.6941922,3.9273791,16.208939,-22.867146,57.475357,-2.3167996,1.6053483,-0.8701982,5.282162,-9.742873,24.315912,56.716183,-10.974709,0.95022345,-0.70337284
348,8.43595027923584,337.2859191894531,78.4020767211914,-1.1848923636928674,-2.345825580730341,90.67851379187518,2.963715,8.26032,4.141392,9.025151,-10.360543,-7.611949,2.9888942,-3.9413707,-6.8768396,8.32493,-8.473133,4.9614553,-3.9677112,0.058282748,2.767097,3.5957282,16.240946,-22.229233,57.07624,-2.405834,1.6490474,-0.7103392,5.232901,-9.772872,24.43167,56.686893,-11.036125,0.96650445,-0.65389055
349,8.382203102111816,337.28216552734375,78.4077377319336,-1.1785386492248002,-2.3029556118246552,90.67281154131362,2.918284,8.199737,4.134558,9.008586,-10.359889,-7.556505,2.93115,-3.9953787,-6.8633566,8.328489,-8.456581,4.996107,-3.9481626,0.037842967,2.817669,3.219427,16.269331,-21.84535,56.6923,-2.5479043,1.7580547,-0.4662869,5.2155247,-9.804588,24.48156,56.66381,-11.05247,0.9818903,-0.6243032
350,8.336295127868652,337.2708740234375,78.41146087646484,-1.173792677145102,-2.267676156332438,90.6477077132521,2.8849266,8.144256,4.1474977,8.995392,-10.3627825,-7.49934,2.874801,-4.0431614,-6.829549,8.336664,-8.438364,5.025111,-3.9194274,0.045480434,2.8663907,2.8587482,16.310474,-21.605934,56.255146,-2.6546504,1.9202867,-0.15869498,5.2129507,-9.859664,24.522383,56.618073,-11.033793,0.99838024,-0.59748465
351,8.285846710205078,337.2618103027344,78.4145736694336,-1.1675045986333414,-2.2400402792075305,90.61797945677534,2.8606057,8.090025,4.1687813,8.983649,-10.365929,-7.443277,2.822755,-4.0909896,-6.7907543,8.349696,-8.421142,5.0549235,-3.8524635,0.05910926,2.905856,2.467535,16.340391,-21.505173,55.86052,-2.7066636,2.0597405,0.1751811,5.218194,-9.902814,24.518883,56.578995,-11.014094,1.0122994,-0.57037324
352,8.229642868041992,337.2615966796875,78.4146957397461,-1.1593013738913598,-2.2202743974369006,90.59872777386998,2.8429663,8.03375,4.1870003,8.971506,-10.366874,-7.391224,2.7832959,-4.143286,-6.762924,8.3584175,-8.403672,5.0920243,-3.7969072,0.06091627,2.95029,2.0977428,16.369102,-21.426365,55.495087,-2.660439,2.1038213,0.47714275,5.2093487,-9.942364,24.5263,56.54016,-11.000389,1.0222777,-0.53351253
353,8.173933029174805,337.2555847167969,78.41738891601562,-1.1457923758200605,-2.211492026313389,90.5929659769033,2.8342345,7.9746346,4.2018576,8.958162,-10.363427,-7.343815,2.7585766,-4.2025104,-6.7493715,8.365369,-8.387549,5.141631,-3.7748516,0.04588509,3.0201163,1.7936084,16.42431,-21.338493,55.113228,-2.475934,2.0000038,0.73261595,5.198069,-10.010663,24.571323,56.453056,-10.9752865,1.0283103,-0.4706062
354,8.139734268188477,337.2363586425781,78.42122650146484,-1.1301699152017344,-2.2126432500218085,90.59317273742245,2.833883,7.9149003,4.2182612,8.947367,-10.359241,-7.299616,2.7473283,-4.2649755,-6.7423167,8.367484,-8.369678,5.199066,-3.7671065,0.02150853,3.1010764,1.5277781,16.49634,-21.292501,54.728436,-2.1831725,1.7994363,0.9722453,5.181328,-10.088485,24.634754,56.345688,-10.937636,1.0312722,-0.3938505
355,8.092243194580078,337.2245788574219,78.42528533935547,-1.1126950565252525,-2.2167849875936603,90.59781696504436,2.8367586,7.8544397,4.2333803,8.935126,-10.35342,-7.258236,2.7389314,-4.3292847,-6.739566,8.373493,-8.354564,5.2559485,-3.7674682,-0.0065167784,3.1892571,1.2996258,16.586843,-21.272633,54.31428,-1.8501037,1.5893811,1.1849139,5.16819,-10.178472,24.704638,56.21403,-10.907616,1.0316328,-0.3127519
356,8.042366981506348,337.2175598144531,78.42771911621094,-1.0960969627934845,-2.2174555906758115,90.60564150264102,2.8369396,7.7936926,4.2440214,8.918674,-10.345032,-7.2191586,2.726978,-4.393183,-6.739378,8.383234,-8.342272,5.303861,-3.7697322,-0.029596072,3.2698867,1.0875263,16.674706,-21.26503,53.882812,-1.5395387,1.4543334,1.3643558,5.1500335,-10.26524,24.76992,56.089622,-10.907843,1.0296783,-0.2426955
357,8.001700401306152,337.2188720703125,78.4295883178711,-1.0765295292195982,-2.203282540285649,90.62136851677106,2.8193648,7.7311344,4.244956,8.899921,-10.332371,-7.183462,2.7000985,-4.4581475,-6.746484,8.397693,-8.332128,5.337514,-3.7716594,-0.043200172,3.3117743,0.840506,16.717205,-21.285172,53.50252,-1.2286049,1.4240737,1.5147185,5.0961385,-10.308401,24.82047,56.043743,-10.962633,1.0208762,-0.19988172
358,7.960315227508545,337.2095031738281,78.43201446533203,-1.0566984047515438,-2.1804684490096267,90.64414009870823,2.7915308,7.667133,4.239392,8.878122,-10.31514,-7.150845,2.6646938,-4.5245814,-6.760229,8.415503,-8.323566,5.362461,-3.784316,-0.05270109,3.3647828,0.6567095,16.804613,-21.322739,53.01787,-0.9186793,1.4574788,1.6189369,5.0837035,-10.402887,24.880552,55.91048,-11.031241,1.0094385,-0.1520203
359,7.917450904846191,337.19818115234375,78.43617248535156,-1.0382360869598277,-2.170320101723386,90.66372331242763,2.7772777,7.6060076,4.235931,8.860532,-10.304483,-7.1193666,2.6421804,-4.5885153,-6.7704887,8.436409,-8.31919,5.3863654,-3.7986817,-0.058071386,3.4214568,0.48788744,16.872343,-21.360252,52.551014,-0.6332236,1.5082399,1.7012367,5.0508833,-10.486396,24.939926,55.803722,-11.114653,0.99951714,-0.110827796
360,7.8796772956848145,337.1867370605469,78.4383316040039,-1.0248304606386296,-2.193392325129766,90.66999146058038,2.80232,7.5521126,4.2432942,8.850647,-10.309421,-7.087012,2.6538532,-4.6452174,-6.767514,8.458837,-8.320749,5.416853,-3.8138576,-0.060377296,3.506262,0.35738742,16.921001,-21.370083,52.09813,-0.41639337,1.5376828,1.7708055,4.998121,-10.564774,25.006962,55.711903,-11.190909,0.99953836,-0.07092079
361,7.843855857849121,337.1703796386719,78.43901062011719,-1.0198039811309154,-2.273125656668733,90.65814031050225,2.890954,7.508704,4.2667627,8.857499,-10.34169,-7.053429,2.7236228,-4.6921835,-6.7464294,8.484743,-8.331052,5.459415,-3.8353465,-0.06286782,3.6455624,0.27532187,16.945103,-21.326912,51.6556,-0.277615,1.5372006,1.836051,4.9038835,-10.634102,25.098019,55.648956,-11.254316,1.0149574,-0.029140973
362,7.779988765716553,337.1673889160156,78.42725372314453,-1.021046701344394,-2.3921347447845682,90.63422454243768,3.0240047,7.4725337,4.3006763,8.875573,-10.392672,-7.019576,2.8336768,-4.7323365,-6.7132626,8.514785,-8.348893,5.5088625,-3.8751345,-0.057879508,3.8286102,0.2504786,16.953459,-21.23291,51.194412,-0.19335862,1.5274054,1.8851556,4.7916794,-10.72479,25.2217,55.576885,-11.305979,1.041753,0.016695874
363,7.728557109832764,337.1645812988281,78.41845703125,-1.0231579966894624,-2.51136294091456,90.60465072027938,3.1595376,7.4385505,4.337055,8.893962,-10.446238,-6.985781,2.9444263,-4.7691464,-6.6746793,8.542577,-8.368065,5.556773,-3.9049432,-0.045811776,3.9993432,0.23794739,16.944618,-21.154154,50.766342,-0.16078855,1.5107902,1.9117099,4.683419,-10.809671,25.325956,55.51253,-11.362196,1.0699886,0.05577871
364,7.692929267883301,337.1628723144531,78.41649627685547,-1.0194213957752678,-2.5910606471412496,90.57553190252834,3.2542725,7.4015903,4.3680058,8.902538,-10.485689,-6.9521976,3.0131855,-4.8065486,-6.636951,8.567939,-8.38571,5.594812,-3.912176,-0.021340974,4.10919,0.21968397,16.927542,-21.134398,50.388508,-0.17616123,1.4906842,1.9026357,4.611789,-10.889715,25.379332,55.4417,-11.42844,1.0906228,0.08261938
365,7.666672706604004,337.17559814453125,78.41182708740234,-1.0089758821426482,-2.6141137385480473,90.55171214222766,3.287967,7.359456,4.384539,8.90057,-10.507368,-6.918785,3.0250578,-4.84506,-6.6052065,8.586479,-8.40124,5.617046,-3.8823745,0.02073212,4.1324162,0.18341607,16.9086,-21.208702,50.07162,-0.28775886,1.4675614,1.8390195,4.601444,-10.964406,25.350624,55.354794,-11.524529,1.1020958,0.09306831
366,7.635218620300293,337.180419921875,78.41039276123047,-0.99375341768373,-2.6039970710504434,90.52874766360038,3.288085,7.314777,4.3935313,8.888653,-10.517281,-6.88531,3.003129,-4.8830686,-6.574736,8.601443,-8.417022,5.629186,-3.815926,0.075585194,4.1010756,0.13745481,16.886782,-21.35854,49.800972,-0.48622122,1.440688,1.732651,4.640847,-11.036613,25.252478,55.24839,-11.6431675,1.1085101,0.09344674
367,7.604945659637451,337.1825866699219,78.40949249267578,-0.9772708548968685,-2.5810343844837287,90.49935171858948,3.2772686,7.271566,4.4095707,8.874699,-10.523876,-6.8525243,2.9662821,-4.9194794,-6.537881,8.61428,-8.429463,5.6400957,-3.743959,0.12541522,4.0495567,0.11132165,16.865643,-21.520254,49.551666,-0.67329425,1.4110382,1.6154372,4.6712,-11.089104,25.143082,55.16232,-11.749247,1.1096656,0.08569912
368,7.579893589019775,337.1761779785156,78.41101837158203,-0.9638229215589084,-2.5656565833229186,90.4561236101243,3.280399,7.233115,4.4477606,8.860827,-10.532477,-6.8207912,2.9330373,-4.9536133,-6.4867415,8.627352,-8.435852,5.65885,-3.6594145,0.16946772,4.0172973,0.096834615,16.827936,-21.676756,49.322887,-0.7589725,1.3780279,1.5248861,4.693877,-11.152408,25.037031,55.064808,-11.80948,1.1054081,0.08423086
369,7.549696922302246,337.1675720214844,78.41283416748047,-0.9511087152815288,-2.559967179501578,90.38874992408473,3.3053408,7.200455,4.523052,8.844698,-10.543169,-6.7893972,2.9019372,-4.985545,-6.4105244,8.642786,-8.434014,5.6903377,-3.6044302,0.18851702,4.0059156,0.15267405,16.796501,-21.757938,49.071785,-0.684171,1.3345977,1.4621545,4.6397867,-11.189762,24.999668,55.024475,-11.795676,1.0925348,0.08255227
370,7.5185418128967285,337.1712341308594,78.41414642333984,-0.9392790258773405,-2.5541733224434564,90.30391803789473,3.3377717,7.172039,4.623798,8.827557,-10.554486,-6.7581625,2.8675225,-5.01508,-6.3164306,8.653241,-8.422721,5.7290196,-3.5295746,0.22096786,3.9989867,0.20402186,16.718481,-21.841797,48.869137,-0.5103571,1.279282,1.420241,4.5994015,-11.265822,24.960402,54.95327,-11.730549,1.0733539,0.08979029
371,7.475383758544922,337.17999267578125,78.40800476074219,-0.9294573628181392,-2.550908160165275,90.21977154169164,3.372368,7.146773,4.7249184,8.810981,-10.565993,-6.729274,2.8351312,-5.04199,-6.2235007,8.664911,-8.410889,5.7679043,-3.472933,0.2526364,4.000301,0.2731461,16.625362,-21.906235,48.688557,-0.29931954,1.2305783,1.3875421,4.5435295,-11.341493,24.937294,54.887623,-11.647174,1.0545744,0.09068085
372,7.438985347747803,337.1806335449219,78.40312957763672,-0.9219597862039433,-2.552972706144705,90.15448436881337,3.4031038,7.123211,4.8014336,8.798494,-10.578237,-6.7045856,2.8130648,-5.066325,-6.1510234,8.676102,-8.402944,5.800084,-3.4335244,0.28084826,4.014655,0.34005302,16.52849,-21.98011,48.536777,-0.12306797,1.2056129,1.3592485,4.488137,-11.406308,24.90359,54.817585,-11.583266,1.0423661,0.07832673
373,7.413434982299805,337.17657470703125,78.40168762207031,-0.918213855600183,-2.5641381595894526,90.11480849931273,3.430863,7.102425,4.844449,8.791003,-10.59219,-6.6853023,2.807498,-5.086492,-6.1063323,8.686834,-8.400755,5.8224607,-3.4137006,0.30759972,4.0474157,0.392369,16.424076,-22.074286,48.42369,0.013133429,1.2159595,1.3420124,4.4397492,-11.460928,24.850601,54.735996,-11.549713,1.0377643,0.047459647
374,7.395157337188721,337.1698303222656,78.40155792236328,-0.9165690259113959,-2.58199752908302,90.0904504659369,3.4607403,7.08431,4.868318,8.781905,-10.604904,-6.670172,2.816809,-5.1030126,-6.078805,8.689222,-8.397107,5.839151,-3.4088187,0.32828417,4.094702,0.44491732,16.317514,-22.17847,48.33756,0.13978063,1.2508004,1.3351532,4.3873434,-11.501286,24.787453,54.653614,-11.528664,1.037286,0.0025748194
375,7.376830101013184,337.1673278808594,78.39999389648438,-0.9159310875846692,-2.5999933730998155,90.07390339507126,3.4797726,7.067954,4.881471,8.786689,-10.622772,-6.657515,2.8205488,-5.1187963,-6.059359,8.705812,-8.402052,5.8538275,-3.4096725,0.34289953,4.146823,0.5060198,16.210556,-22.286007,48.273186,0.24296321,1.2925576,1.3253378,4.330122,-11.528082,24.717682,54.57622,-11.511535,1.040609,-0.04754513
376,7.353085994720459,337.164794921875,78.39826965332031,-0.914150209138319,-2.6120761089421074,90.05768845971068,3.4957194,7.0507455,4.8946896,8.782695,-10.633066,-6.6456623,2.8221374,-5.1345897,-6.0412316,8.711729,-8.400446,5.8701735,-3.4040258,0.3550927,4.192197,0.57693005,16.094942,-22.393251,48.236137,0.3119711,1.3227028,1.300793,4.271483,-11.546255,24.641253,54.506252,-11.490506,1.0480605,-0.09325224
377,7.334813594818115,337.15936279296875,78.3959732055664,-0.9107647034224081,-2.613810839238007,90.0423298604351,3.4998305,7.0319033,4.9066105,8.774865,-10.635933,-6.634627,2.8118765,-5.1521115,-6.0248156,8.715237,-8.396153,5.8904552,-3.3886197,0.36654115,4.225714,0.6559985,15.96234,-22.490654,48.233604,0.31355092,1.3371137,1.2521456,4.2138143,-11.558315,24.552097,54.440018,-11.462217,1.0643917,-0.13232438
378,7.319906234741211,337.1553039550781,78.39563751220703,-0.9070305137150307,-2.6093662675052993,90.03098684993407,3.4964027,7.012495,4.9134088,8.763532,-10.633261,-6.6250696,2.7970817,-5.169837,-6.0135717,8.713914,-8.3890295,5.912144,-3.3708563,0.37605056,4.25428,0.74429417,15.817379,-22.58187,48.26078,0.26456612,1.3453351,1.1876687,4.155838,-11.564354,24.453657,54.375404,-11.430331,1.0881929,-0.16940987
379,7.30379581451416,337.13568115234375,78.39663696289062,-0.9037774779727394,-2.6054697334520416,90.02011354026119,3.492009,6.994542,4.919999,8.754605,-10.631534,-6.616516,2.782452,-5.186081,-6.0027075,8.712588,-8.381558,5.9323087,-3.3520586,0.38705555,4.2832007,0.8345155,15.662833,-22.685976,48.31908,0.22946239,1.3485297,1.1241387,4.095769,-11.566047,24.357141,54.32015,-11.398265,1.1098443,-0.20588386
380,7.285793781280518,337.13018798828125,78.39370727539062,-0.9021407486840956,-2.608848810934898,90.0061266353544,3.4969046,6.9796133,4.931722,8.746946,-10.633275,-6.6084795,2.774039,-5.1997848,-5.9872804,8.715194,-8.3763685,5.9480495,-3.3339813,0.40124536,4.31764,0.92322564,15.503878,-22.821337,48.405437,0.27301237,1.3480128,1.0778784,4.032158,-11.565693,24.274279,54.280876,-11.369224,1.1197573,-0.24289918
381,7.26921272277832,337.111083984375,78.40070343017578,-0.906847610470788,-2.632732231863724,89.97860055442713,3.5294094,6.9752245,4.958994,8.747154,-10.6505,-6.6035886,2.78327,-5.2040567,-5.956447,8.728054,-8.378163,5.956072,-3.312277,0.42512733,4.365754,1.0185186,15.344569,-23.007229,48.520535,0.41179606,1.3437595,1.0653139,3.9689689,-11.565195,24.209888,54.261726,-11.343328,1.1101016,-0.28343162
382,7.2523369789123535,337.0977478027344,78.40284729003906,-0.9164763833489322,-2.6696963780772482,89.94265184400574,3.5803444,6.9780455,4.9961596,8.750856,-10.676818,-6.601207,2.8061247,-5.201556,-5.9162416,8.743473,-8.382705,5.9588113,-3.2871437,0.45506197,4.4237304,1.1219255,15.185154,-23.229895,48.660416,0.6102613,1.3354937,1.0731239,3.9070566,-11.5646925,24.156967,54.254654,-11.318293,1.0876305,-0.32526353
383,7.2346367835998535,337.1055908203125,78.39204406738281,-0.9219947591376823,-2.695299145105196,89.9178833668093,3.6123712,6.973891,5.0236692,8.751967,-10.692898,-6.5958204,2.8151016,-5.2060184,-5.886188,8.759258,-8.384417,5.96168,-3.26819,0.4780843,4.479134,1.2206852,15.025157,-23.456186,48.814655,0.8542661,1.3240955,1.072545,3.8414416,-11.562443,24.10976,54.24761,-11.294799,1.0648363,-0.3616962
384,7.2197699546813965,337.10205078125,78.38825225830078,-0.9152626892450405,-2.684994672726258,89.9240538452461,3.5888057,6.949382,5.021843,8.7452345,-10.681037,-6.581932,2.7853835,-5.2300673,-5.886439,8.769118,-8.37635,5.970182,-3.2659,0.48129272,4.519319,1.3013276,14.86376,-23.652342,48.97436,1.129768,1.309895,1.0349251,3.7636898,-11.556626,24.06421,54.232124,-11.2727,1.053838,-0.38663417
385,7.211146354675293,337.0916748046875,78.39279174804688,-0.8885920655210364,-2.616991442218814,89.9815761208314,3.4728038,6.889113,4.9722476,8.727241,-10.62208,-6.5528812,2.6918664,-5.289129,-5.9362187,8.770551,-8.351696,5.9885044,-3.2947118,0.4514232,4.53941,1.3464978,14.700567,-23.797773,49.139675,1.4730055,1.2939479,0.939358,3.659008,-11.544356,24.01565,54.204468,-11.250837,1.0618924,-0.39404255
386,7.184208393096924,337.0115661621094,78.40787506103516,-0.8481734027362229,-2.5097123581480165,90.07486020241254,3.2949722,6.804434,4.8902116,8.698177,-10.528836,-6.513411,2.553775,-5.372389,-6.020005,8.767774,-8.316026,6.0128036,-3.3465803,0.39835167,4.546366,1.3687526,14.535542,-23.911829,49.31457,1.8794644,1.2750361,0.80544144,3.533709,-11.524283,23.96885,54.172474,-11.229727,1.0811743,-0.38932657
387,7.163585662841797,336.9580383300781,78.41950225830078,-0.8068504138078421,-2.398381345339336,90.16971399391659,3.1139932,6.7212734,4.806041,8.666797,-10.434508,-6.4751225,2.4144948,-5.454748,-6.1055894,8.761996,-8.280162,6.0366035,-3.3969896,0.34291163,4.5447664,1.3973278,14.369542,-24.024658,49.498264,2.2709224,1.2505608,0.6661965,3.410573,-11.499586,23.933577,54.147038,-11.211815,1.1013572,-0.3837352
388,7.164364337921143,336.949462890625,78.42493438720703,-0.7800202993293024,-2.317853797395902,90.23203444774815,2.9873652,6.6649637,4.749631,8.644639,-10.374408,-6.4493413,2.3147163,-5.5104976,-6.1609497,8.758378,-8.256382,6.053136,-3.4216943,0.30742878,4.539815,1.4628073,14.203334,-24.165703,49.68743,2.5695472,1.2189764,0.5541485,3.319036,-11.474235,23.918467,54.13099,-11.200544,1.1121418,-0.38725197
389,7.1652679443359375,336.9571533203125,78.42261505126953,-0.7756147507810968,-2.286025690930384,90.2532157299363,2.9416935,6.6460204,4.7263575,8.633613,-10.362758,-6.441072,2.2769842,-5.528621,-6.178457,8.756812,-8.249047,6.0592837,-3.4147756,0.30319563,4.5404906,1.5738146,14.037308,-24.357029,49.885586,2.7268639,1.1715155,0.487146,3.2704303,-11.451998,23.929415,54.122963,-11.196521,1.1078135,-0.4065252
390,7.162136077880859,336.96368408203125,78.41931915283203,-0.7830933033415858,-2.281194106519905,90.25123527908768,2.9420853,6.649863,4.720871,8.627917,-10.378862,-6.4435177,2.2756999,-5.523547,-6.1751666,8.75368,-8.250148,6.0589576,-3.3877916,0.3177074,4.542141,1.7138435,13.871429,-24.579884,50.091797,2.7928565,1.112337,0.444621,3.2516606,-11.434286,23.95884,54.11695,-11.197974,1.0948712,-0.43378204
391,7.1526408195495605,336.97210693359375,78.4178466796875,-0.7930270168895712,-2.2795716838896554,90.23188634475208,2.9576104,6.662615,4.7326193,8.622848,-10.404319,-6.4503064,2.2801135,-5.5093284,-6.1559076,8.7504635,-8.255562,6.056431,-3.3433201,0.33671463,4.5301094,1.8761092,13.705372,-24.801235,50.295647,2.8371644,1.0592959,0.40078953,3.2546155,-11.419023,23.99864,54.10865,-11.201915,1.0814682,-0.45771676
392,7.146048545837402,336.9700012207031,78.4180908203125,-0.7969781088080653,-2.2572625002338236,90.20096953738428,2.958018,6.670986,4.760956,8.612063,-10.419369,-6.4549794,2.2608597,-5.499348,-6.1257677,8.745033,-8.259169,6.055991,-3.2846541,0.34557325,4.48936,2.0536985,13.539106,-24.988165,50.487595,2.9288783,1.0301235,0.33006635,3.2690864,-11.402479,24.040655,54.097347,-11.206217,1.0757201,-0.46737793
393,7.140881538391113,336.9715270996094,78.41940307617188,-0.7878560670518023,-2.2010705034344387,90.14779048698199,2.9388406,6.671867,4.819994,8.585746,-10.416169,-6.45657,2.2045615,-5.4960194,-6.074692,8.733317,-8.259152,6.059655,-3.2022543,0.33680537,4.3986497,2.258366,13.372108,-25.122524,50.66015,3.0994754,1.0386226,0.21463123,3.2998803,-11.380738,24.087097,54.08479,-11.212427,1.0824503,-0.45547396
394,7.158634185791016,337.0444030761719,78.41619873046875,-0.7722179856899348,-2.125808720361104,90.0734154881777,2.9136634,6.6724744,4.90505,8.553202,-10.40787,-6.458229,2.1286066,-5.4924397,-6.003819,8.7179785,-8.259179,6.064954,-3.099712,0.31780556,4.270771,2.4901114,13.204547,-25.223265,50.82088,3.308563,1.0720059,0.071795896,3.3454125,-11.353694,24.14267,54.077286,-11.22141,1.0962058,-0.43043932
395,7.162940502166748,337.0670166015625,78.42021179199219,-0.7580531289821175,-2.050496021913591,90.00101160839286,2.8861759,6.6737137,4.988396,8.521841,-10.398659,-6.459881,2.0520809,-5.488206,-5.9350595,8.702808,-8.258681,6.0689325,-2.998684,0.29709837,4.143009,2.721528,13.038018,-25.314579,50.982983,3.516116,1.1080686,-0.071489565,3.3900354,-11.322182,24.201853,54.07446,-11.229085,1.1104994,-0.403852
396,7.159656524658203,337.05950927734375,78.42430114746094,-0.7502857647692637,-1.9936248550545395,89.9536104947504,2.8605666,6.676961,5.0422683,8.499637,-10.39372,-6.4613295,1.9943869,-5.482983,-5.8903074,8.691738,-8.257753,6.068698,-2.9200835,0.28297463,4.052444,2.9252088,12.875043,-25.421356,51.159912,3.6814492,1.1250644,-0.18772887,3.4161654,-11.289615,24.258432,54.07831,-11.231582,1.118379,-0.38770056
397,7.159747123718262,337.05279541015625,78.42280578613281,-0.7522013546131885,-1.9636337854186603,89.94215347793121,2.8377168,6.6832294,5.0532384,8.490295,-10.395719,-6.462618,1.9629408,-5.476046,-5.8801928,8.687324,-8.256197,6.0610914,-2.8731732,0.27939224,4.0174475,3.0897186,12.717454,-25.557245,51.355873,3.7829893,1.1100506,-0.26321343,3.417591,-11.258032,24.310495,54.08478,-11.223382,1.1169834,-0.38605753
398,7.159976482391357,337.05328369140625,78.42149353027344,-0.760153747448738,-1.9492481645924167,89.95275868719872,2.8130662,6.692215,5.037733,8.493598,-10.403619,-6.463758,1.9456779,-5.46779,-5.8913755,8.688581,-8.25464,6.048362,-2.8440235,0.2819248,4.016051,3.231284,12.565381,-25.70901,51.56132,3.8445663,1.0774441,-0.31467193,3.4060092,-11.22755,24.360134,54.091312,-11.207726,1.1102496,-0.39170516
399,7.162781238555908,337.0533142089844,78.42098999023438,-0.7692878504731038,-1.9403995048980756,89.97111873575257,2.790549,6.70063,5.0141635,8.496559,-10.410121,-6.464712,1.935605,-5.4601464,-5.9099097,8.6891575,-8.252399,6.036061,-2.8198223,0.28521454,4.0270114,3.3697233,12.422852,-25.857323,51.76049,3.8944378,1.0467683,-0.36214367,3.3946748,-11.198227,24.40724,54.095207,-11.193646,1.1016843,-0.39830726
400,7.1669087409973145,337.055419921875,78.4226303100586,-0.7739353297811645,-1.927301118793574,89.9829098497376,2.7697344,6.706494,5.0002747,8.496699,-10.413707,-6.465324,1.9228939,-5.454694,-5.92169,8.686825,-8.250027,6.029737,-2.78595,0.28739282,4.0243845,3.5092382,12.277414,-25.985605,51.962685,3.9628935,1.0366939,-0.4222433,3.3923478,-11.167768,24.449982,54.10534,-11.191719,1.0950947,-0.4016212
401,7.171822547912598,337.0596008300781,78.42186737060547,-0.773910316728769,-1.9063462791903751,89.98470496940385,2.7494967,6.7078104,5.001123,8.490839,-10.411195,-6.464368,1.9046199,-5.4526343,-5.923105,8.679918,-8.246685,6.033331,-2.7391276,0.28639776,4.003229,3.6622486,12.134607,-26.078468,52.144405,4.0802445,1.0633347,-0.5106759,3.4052608,-11.136517,24.489586,54.117336,-11.206675,1.0898709,-0.4004801
402,7.174445152282715,337.0616149902344,78.42294311523438,-0.7700516778450818,-1.883032523245202,89.98404941838886,2.7281222,6.7066703,5.0066614,8.486765,-10.4075365,-6.462294,1.8867621,-5.452742,-5.9218316,8.668181,-8.241159,6.0431137,-2.6875265,0.2842458,3.9754524,3.8195312,11.993959,-26.147518,52.315506,4.22409,1.112724,-0.61412114,3.4240892,-11.1048355,24.52749,54.133785,-11.232046,1.0846174,-0.3980516
403,7.176967144012451,337.0664367675781,78.4237289428711,-0.7661325771233651,-1.861276251910102,89.98299428261448,2.710931,6.705258,5.0135956,8.4790125,-10.401316,-6.4615455,1.8701655,-5.453131,-5.919905,8.658838,-8.238296,6.0526743,-2.6362567,0.2820791,3.9469607,3.9745996,11.856573,-26.214405,52.498405,4.3417597,1.1594083,-0.7105725,3.4459517,-11.072846,24.56413,54.152206,-11.260517,1.0816878,-0.39287317
404,7.182072162628174,337.0694274902344,78.4222183227539,-0.7638996327437539,-1.8448534078052925,89.98373736590314,2.6988082,6.706515,5.0177517,8.472989,-10.397499,-6.464575,1.8596286,-5.451195,-5.920057,8.650516,-8.238175,6.0555243,-2.5902052,0.2809736,3.9236434,4.1206846,11.724724,-26.301546,52.714767,4.379542,1.1785082,-0.7777693,3.4659863,-11.04114,24.600416,54.17155,-11.283491,1.083403,-0.38357785
405,7.186267375946045,337.0740051269531,78.42170715332031,-0.7654349750230653,-1.8351697743918811,89.9845524017159,2.6950662,6.71194,5.021243,8.466099,-10.395327,-6.4732995,1.8535821,-5.4459157,-5.920307,8.649477,-8.244574,6.048413,-2.550064,0.28175434,3.9062707,4.259727,11.600097,-26.424116,52.976974,4.33667,1.1560974,-0.81099015,3.4833004,-11.010646,24.638186,54.1917,-11.29792,1.0922102,-0.36720803
406,7.189962863922119,337.0813293457031,78.42054748535156,-0.767809435793563,-1.8299686228678076,89.98502896940994,2.6957097,6.7199097,5.024848,8.462635,-10.396445,-6.486085,1.8511568,-5.438659,-5.920217,8.652835,-8.255655,6.0352736,-2.5124052,0.28377405,3.8923364,4.395161,11.482777,-26.56815,53.268597,4.236607,1.108266,-0.82194686,3.5027785,-10.980609,24.67518,54.209885,-11.3087435,1.1062154,-0.34477434
407,7.19743537902832,337.0876159667969,78.4186782836914,-0.7708301523313077,-1.8278081879015573,89.98940521031808,2.6984391,6.728352,5.023617,8.458395,-10.396443,-6.4997377,1.8519688,-5.431189,-5.924097,8.657333,-8.268205,6.020452,-2.4861553,0.2768191,3.8966453,4.5617633,11.416755,-26.70034,53.503582,4.0574946,1.0572009,-0.8232286,3.5298865,-10.961511,24.716496,54.19971,-11.314217,1.1210614,-0.31688958
408,7.203904628753662,337.08831787109375,78.41944885253906,-0.7723185557180041,-1.8274623618872552,90.0017489637364,2.6969354,6.735339,5.0121255,8.45904,-10.396745,-6.5109916,1.8573371,-5.424893,-5.936346,8.658429,-8.279315,6.008353,-2.4429371,0.27664343,3.8883164,4.654918,11.298618,-26.833475,53.824543,3.7910156,1.0161985,-0.7924943,3.552416,-10.924452,24.72939,54.22551,-11.330744,1.1327665,-0.30034038
409,7.2137579917907715,337.0938415527344,78.41777038574219,-0.771873152903676,-1.8322024655549436,90.02689670060713,2.6934385,6.73986,4.9846106,8.462056,-10.394769,-6.5188694,1.8703204,-5.42071,-5.961539,8.65845,-8.290634,5.9991226,-2.4094265,0.27158105,3.8953526,4.740663,11.193695,-26.932137,54.120136,3.4261901,1.0025873,-0.75731575,3.5755317,-10.887359,24.734,54.24443,-11.3558,1.1408852,-0.28674737
410,7.230476379394531,337.08905029296875,78.4156265258789,-0.769984305069553,-1.8415082294703624,90.06142298652992,2.6868403,6.743445,4.9449754,8.472976,-10.394768,-6.5252004,1.8895543,-5.4177794,-5.9962378,8.657958,-8.302654,5.9908314,-2.3797662,0.26212817,3.913813,4.817903,11.102959,-27.01575,54.40428,2.9699712,1.0026746,-0.71191233,3.6017554,-10.849347,24.728994,54.257122,-11.38595,1.1473279,-0.2743694
411,7.244575023651123,337.08782958984375,78.41500854492188,-0.7672071937597179,-1.8480529298285395,90.09712378269948,2.6778977,6.746687,4.9038987,8.482122,-10.393338,-6.5308704,1.9074613,-5.4149914,-6.0325804,8.655214,-8.313431,5.9844747,-2.3508265,0.24985397,3.9320061,4.8897643,11.02407,-27.07952,54.67693,2.437692,0.99599135,-0.6363416,3.6273873,-10.8111,24.722462,54.27009,-11.410067,1.1516374,-0.26666814
412,7.255014896392822,337.0858459472656,78.41627502441406,-0.7658258241843502,-1.8443654443346034,90.12587086517031,2.663856,6.7500167,4.8715777,8.485624,-10.389509,-6.536833,1.915643,-5.4114027,-6.062676,8.648663,-8.320853,5.9809856,-2.3268516,0.23333877,3.9534311,4.995169,10.991372,-27.10886,54.874935,1.8414955,0.96421766,-0.5205009,3.6624663,-10.793147,24.730171,54.2509,-11.41028,1.1539029,-0.26048866
413,7.2665863037109375,337.09130859375,78.41645812988281,-0.7630707587808646,-1.8243306714155747,90.1437535741331,2.6407142,6.7532644,4.852261,8.482579,-10.383073,-6.5428147,1.908894,-5.4072247,-6.0834236,8.634401,-8.321889,5.9831905,-2.2903607,0.2189042,3.9415329,5.0683618,10.937706,-27.130764,55.131252,1.1342963,0.8612402,-0.3213836,3.6827085,-10.761613,24.745087,54.273457,-11.385336,1.1516867,-0.26810753
414,7.280855655670166,337.0931701660156,78.41707611083984,-0.7614094492174682,-1.7935871897949451,90.15582519009557,2.6113954,6.756398,4.8399644,8.474128,-10.373887,-6.54853,1.8930799,-5.4024363,-6.0994573,8.614322,-8.318516,5.98968,-2.256709,0.20651051,3.9126916,5.1279764,10.873022,-27.123232,55.410347,0.33549243,0.70939773,-0.0626255,3.6887164,-10.721876,24.771183,54.321144,-11.3439045,1.1469022,-0.285275
415,7.287015914916992,337.0968017578125,78.41754150390625,-0.7602791623132661,-1.7613696672958663,90.16675116968133,2.5826645,6.760082,4.8297973,8.462754,-10.36353,-6.5546746,1.8760793,-5.3969684,-6.114167,8.593601,-8.314489,5.9953237,-2.2195091,0.19172786,3.896264,5.204477,10.84423,-27.09303,55.61349,-0.46579027,0.58407754,0.20281288,3.7136638,-10.70354,24.79063,54.327827,-11.2957325,1.1428379,-0.30425337
416,7.293439865112305,337.1073913574219,78.41468811035156,-0.759892560402892,-1.737355167979131,90.1815594917069,2.5578523,6.7657228,4.81618,8.458357,-10.357421,-6.56199,1.8656619,-5.3903685,-6.1312943,8.5785475,-8.314137,5.995031,-2.1953704,0.17819878,3.8886616,5.2650814,10.810488,-27.016972,55.778683,-1.159965,0.5523821,0.4383162,3.7196743,-10.680975,24.813759,54.35159,-11.253009,1.1397222,-0.33468536
417,7.306671142578125,337.11285400390625,78.41374969482422,-0.7622617347326534,-1.727739380460646,90.1993117068646,2.545985,6.774276,4.8003893,8.45584,-10.35386,-6.570594,1.8664844,-5.3816743,-6.148806,8.572911,-8.319753,5.9861317,-2.1832094,0.16627142,3.9011571,5.3122053,10.764198,-26.875015,55.87131,-1.7210537,0.68602705,0.6705269,3.7106218,-10.65116,24.835869,54.38249,-11.22722,1.1416667,-0.38685828
418,7.318753242492676,337.1120910644531,78.41259765625,-0.7660619166771175,-1.7259692923557433,90.21821480016388,2.5387707,6.7848797,4.7839723,8.459803,-10.354877,-6.5801306,1.8728561,-5.3714643,-6.1657825,8.572563,-8.328004,5.9717994,-2.1710443,0.15493794,3.9289052,5.3497863,10.721755,-26.692139,55.899918,-2.2108018,0.9305044,0.91059285,3.7007303,-10.626649,24.849564,54.40437,-11.20871,1.1456817,-0.45311674
419,7.327276229858398,337.11846923828125,78.41108703613281,-0.770582036616379,-1.723547424095848,90.24129763903561,2.5306642,6.7959857,4.764226,8.461636,-10.353819,-6.5905504,1.880382,-5.3609204,-6.187147,8.570681,-8.336156,5.9555902,-2.1530464,0.14508031,3.9590852,5.3754597,10.693809,-26.510965,55.910576,-2.642697,1.1768147,1.0996057,3.702959,-10.611129,24.84547,54.407345,-11.19114,1.1511159,-0.51402557
420,7.337437629699707,337.1239929199219,78.40950775146484,-0.7740942256128516,-1.7117182193262366,90.27160473147278,2.5116844,6.80598,4.7378783,8.461504,-10.348603,-6.6016173,1.8813413,-5.3515906,-6.2175455,8.564441,-8.3419075,5.941124,-2.1570287,0.13886504,3.9724588,5.3860416,10.665476,-26.326393,55.973915,-3.0084853,1.3141454,1.1767665,3.6898315,-10.593177,24.85073,54.428917,-11.165194,1.1578863,-0.5571645
421,7.3524169921875,337.13470458984375,78.4083480834961,-0.7793387138259953,-1.68571347223281,90.31119129024201,2.476852,6.81602,4.704316,8.458063,-10.337232,-6.614882,1.873178,-5.3426986,-6.260556,8.549848,-8.343591,5.928097,-2.141638,0.13828033,3.9620798,5.376329,10.659674,-26.207996,56.106304,-3.3475533,1.2708672,1.106518,3.7088609,-10.586117,24.81835,54.424988,-11.125465,1.1664186,-0.5734307
422,7.364701271057129,337.13470458984375,78.40856170654297,-0.7852368332214363,-1.6513351574055728,90.35804980512823,2.4321308,6.8260527,4.6651354,8.452613,-10.321697,-6.629839,1.8598732,-5.334402,-6.312799,8.531075,-8.343332,5.915004,-2.144405,0.1395998,3.9415035,5.3575907,10.663525,-26.072508,56.27388,-3.6224132,1.1206238,0.9174965,3.7159867,-10.578365,24.779705,54.430298,-11.0821705,1.1755347,-0.57141113
423,7.375993728637695,337.1378173828125,78.40733337402344,-0.7902218772758376,-1.6145661009958705,90.40915458669592,2.382613,6.834356,4.6202908,8.447973,-10.304939,-6.643725,1.8457501,-5.3272867,-6.369121,8.509931,-8.34203,5.903618,-2.1421325,0.14120236,3.916408,5.317054,10.676006,-25.967236,56.445152,-3.832334,0.9772307,0.67864865,3.72809,-10.574408,24.736486,54.431717,-11.040017,1.1858406,-0.5602064
424,7.387401103973389,337.1390380859375,78.40888977050781,-0.7916937044082505,-1.582330921598357,90.46142720405813,2.3363357,6.838288,4.5702586,8.441961,-10.2873335,-6.653882,1.8348399,-5.323534,-6.4238234,8.491674,-8.342616,5.8957,-2.1487577,0.13364963,3.9098926,5.261549,10.706154,-25.857643,56.55952,-3.9374497,0.9547799,0.4390472,3.7255223,-10.570346,24.701906,54.432457,-11.020171,1.1947291,-0.5385617
425,7.399023532867432,337.1398620605469,78.40953826904297,-0.7881208459453641,-1.5556927977361208,90.51632104789645,2.2936544,6.8345547,4.510658,8.433679,-10.267758,-6.657172,1.8330616,-5.3246527,-6.4772515,8.466549,-8.340225,5.894338,-2.1595688,0.11021855,3.924396,5.1873717,10.76551,-25.741734,56.56782,-3.9233022,1.1687584,0.18214807,3.7134452,-10.564936,24.681316,54.4254,-11.018203,1.203495,-0.5054883
426,7.411896228790283,337.1413269042969,78.40880584716797,-0.7817194021212934,-1.5314105793292028,90.57474007651012,2.2424545,6.826175,4.441707,8.440989,-10.255024,-6.655816,1.8267308,-5.3303246,-6.530852,8.456007,-8.34612,5.897749,-2.1664882,0.08246162,3.946507,5.0736675,10.825203,-25.633951,56.54164,-3.804134,1.5270997,-0.10656859,3.6973531,-10.562023,24.658123,54.417923,-11.031921,1.2124717,-0.46085134
427,7.43161153793335,337.1425476074219,78.40998840332031,-0.7741212895480423,-1.508790019950736,90.63270799368037,2.197058,6.8177376,4.373993,8.440309,-10.238712,-6.655172,1.8254256,-5.335392,-6.5841174,8.437916,-8.347731,5.900268,-2.1776783,0.054343022,3.9711316,4.956976,10.896347,-25.564716,56.526493,-3.6247032,1.8372029,-0.3703622,3.6754599,-10.560912,24.64845,54.41381,-11.053628,1.2210302,-0.41578266
428,7.445791244506836,337.14068603515625,78.41068267822266,-0.7714342686939073,-1.4867734086756639,90.68629323920898,2.1557279,6.8159776,4.3159475,8.439412,-10.224545,-6.660648,1.8231217,-5.3355236,-6.6352553,8.423502,-8.351088,5.896225,-2.190557,0.037019428,3.985877,4.8473506,10.963611,-25.578573,56.60799,-3.4325712,1.9049885,-0.5439412,3.6491756,-10.562876,24.657053,54.424503,-11.078794,1.2287452,-0.3833558
429,7.469017028808594,337.13812255859375,78.41061401367188,-0.7745493724976656,-1.4623472906922312,90.73384148336612,2.1195493,6.8237405,4.2724724,8.432385,-10.210889,-6.6759205,1.817992,-5.3280673,-6.6841516,8.409149,-8.354264,5.8816185,-2.1995153,0.019475732,3.994546,4.800686,11.085445,-25.711102,56.764713,-3.2392023,1.5768808,-0.60060006,3.6326702,-10.569801,24.683435,54.42569,-11.107877,1.2333721,-0.36222953
430,7.4838547706604,337.1434020996094,78.40989685058594,-0.7814082436078912,-1.4368561040292622,90.77762190637443,2.0851943,6.837564,4.2377243,8.424852,-10.199006,-6.697325,1.8104056,-5.3161664,-6.7313037,8.397601,-8.358869,5.860342,-2.206817,0.008698671,3.9939494,4.769364,11.217263,-25.929602,57.007824,-3.0142376,0.98790026,-0.5703415,3.616498,-10.5801,24.724947,54.43404,-11.144385,1.2363868,-0.34945086
431,7.491860389709473,337.1427917480469,78.41014099121094,-0.7897621179643135,-1.4163036574226253,90.8197664866345,2.056427,6.852616,4.205539,8.418051,-10.188103,-6.7194395,1.8067845,-5.3033495,-6.7769523,8.387539,-8.36378,5.8383594,-2.2157054,-0.0012444197,4.00073,4.728454,11.359006,-26.193241,57.25481,-2.7787926,0.39262658,-0.50292784,3.5960855,-10.593164,24.774456,54.443527,-11.182863,1.2397789,-0.3416607
432,7.500201225280762,337.1537170410156,78.40921020507812,-0.7947170715137563,-1.4064148091164523,90.86236639228352,2.0352626,6.864753,4.169548,8.417334,-10.179812,-6.7369275,1.8127105,-5.293031,-6.8212614,8.379266,-8.368856,5.821554,-2.2303255,-0.015560187,4.0303297,4.651894,11.507033,-26.459145,57.427208,-2.5534074,0.04452705,-0.45021072,3.5659769,-10.607267,24.825554,54.45076,-11.218867,1.2453456,-0.33613038
433,7.508906841278076,337.1543273925781,78.40986633300781,-0.7981030648128663,-1.415876121519279,90.9073918962635,2.028586,6.872359,4.1262765,8.425602,-10.175119,-6.747412,1.8370233,-5.2863297,-6.864789,8.373546,-8.37465,5.812598,-2.256688,-0.033811927,4.095304,4.5155926,11.655027,-26.727299,57.498516,-2.344603,0.061697036,-0.4270537,3.5179598,-10.620501,24.88172,54.45983,-11.252302,1.2548649,-0.3329074
434,7.521540641784668,337.14910888671875,78.41011047363281,-0.8000340102235324,-1.4391527763392182,90.95325621711469,2.0325913,6.8780823,4.079558,8.440704,-10.173783,-6.754098,1.8739883,-5.281264,-6.9072995,8.371547,-8.382354,5.807921,-2.289759,-0.056663286,4.1859293,4.344371,11.815089,-27.018991,57.502266,-2.1433551,0.2927159,-0.40872452,3.457602,-10.634233,24.943146,54.46899,-11.285675,1.2665279,-0.33276355
435,7.533360481262207,337.1487121582031,78.40850067138672,-0.8009199419130912,-1.4610434883886623,90.99675098007855,2.0366971,6.882585,4.034773,8.452888,-10.170531,-6.7597847,1.9080672,-5.2771215,-6.94764,8.3698225,-8.388834,5.8042564,-2.3245556,-0.08166129,4.2779746,4.16679,11.976356,-27.31323,57.489086,-1.9397216,0.58430856,-0.38325018,3.3933516,-10.647234,25.007933,54.480118,-11.316258,1.2785363,-0.33699173
436,7.550684452056885,337.1397399902344,78.40940856933594,-0.8010020662190722,-1.4663524889317103,91.03485309709383,2.0257096,6.887238,3.996435,8.460701,-10.164243,-6.767366,1.9241824,-5.27267,-6.9849343,8.365418,-8.391948,5.798202,-2.3539352,-0.107464656,4.3484297,4.013051,12.133821,-27.592104,57.504505,-1.7256026,0.7835938,-0.33821726,3.3329859,-10.659945,25.072008,54.494373,-11.341208,1.2888422,-0.34657302
437,7.566773891448975,337.1392517089844,78.4110336303711,-0.8015580098939525,-1.4460491786819585,91.06854301124764,1.9941605,6.8912272,3.964607,8.453719,-10.148003,-6.7785754,1.914853,-5.268004,-7.0212684,8.35519,-8.389899,5.7876744,-2.3785253,-0.13388248,4.3862934,3.881336,12.285422,-27.869894,57.574734,-1.5310843,0.84508204,-0.26253104,3.2754261,-10.673705,25.141077,54.517723,-11.359732,1.2973875,-0.36612818
438,7.578663349151611,337.14398193359375,78.41136169433594,-0.8011055395438386,-1.4102164673974875,91.09897952704897,1.9485581,6.894894,3.9367745,8.43978,-10.126443,-6.7916775,1.8888296,-5.263362,-7.0564027,8.341987,-8.38404,5.774752,-2.4010043,-0.15976474,4.4049754,3.7569547,12.430769,-28.149837,57.674477,-1.3487395,0.851693,-0.16441885,3.2185624,-10.688686,25.21483,54.54705,-11.373266,1.3051449,-0.3936356
439,7.586195945739746,337.1429443359375,78.41413879394531,-0.7995117728100647,-1.3711663921847794,91.12272348065751,1.9033285,6.8981743,3.916038,8.422995,-10.104904,-6.80387,1.8585906,-5.259022,-7.085701,8.328451,-8.377543,5.7627788,-2.4185529,-0.18481886,4.4174504,3.6483219,12.567249,-28.39674,57.775127,-1.1159596,0.8432278,-0.05964703,3.1654816,-10.704509,25.28141,54.573833,-11.382441,1.3116742,-0.42062232
440,7.593916893005371,337.1432800292969,78.41712188720703,-0.7981985526178141,-1.3416505246534898,91.13675304097585,1.8701109,6.902197,3.904763,8.412481,-10.091069,-6.812509,1.8363131,-5.2545156,-7.1046934,8.3161335,-8.37169,5.754875,-2.4299798,-0.20700571,4.4349685,3.5612059,12.686852,-28.57276,57.854416,-0.7682669,0.85918915,0.036383685,3.1172743,-10.720195,25.331198,54.593315,-11.387297,1.3164607,-0.43911427
441,7.597797393798828,337.14697265625,78.41740417480469,-0.7965177997078436,-1.325904766794947,91.13680074868952,1.8572162,6.907098,3.909,8.40591,-10.086174,-6.816519,1.8237445,-5.2505417,-7.1088347,8.308926,-8.368528,5.7530212,-2.4305727,-0.22925867,4.463223,3.5137591,12.793414,-28.639849,57.885582,-0.19703244,0.91347915,0.12503555,3.076389,-10.736553,25.35924,54.60009,-11.3849945,1.3193259,-0.4421975
442,7.605963230133057,337.1477355957031,78.417724609375,-0.7945477671825848,-1.3169296881171286,91.12569165819937,1.8558735,6.912693,3.9254906,8.400963,-10.086468,-6.8174157,1.8157808,-5.246479,-7.101821,8.303907,-8.366521,5.755094,-2.4234538,-0.24495162,4.487192,3.4755697,12.858468,-28.625488,57.9286,0.5384496,0.98206997,0.21731652,3.0356164,-10.749674,25.373053,54.61486,-11.3780155,1.3210387,-0.438483
443,7.612069606781006,337.1497497558594,78.41828918457031,-0.7926500821882395,-1.31042804609253,91.11067419254691,1.8577638,6.917333,3.943906,8.398024,-10.089094,-6.816437,1.80955,-5.24296,-7.0904617,8.299427,-8.364723,5.758515,-2.4173353,-0.25761107,4.511293,3.4427557,12.914524,-28.594213,57.973244,1.2346376,1.0537864,0.29712328,2.9973676,-10.764004,25.378895,54.624092,-11.3689575,1.3212098,-0.43548477
444,7.614478588104248,337.1566467285156,78.41937255859375,-0.7899024836643128,-1.301792251211043,91.09883962066033,1.8550888,6.9203644,3.9537573,8.3953285,-10.08947,-6.8149137,1.8023806,-5.2395177,-7.0817943,8.294274,-8.362551,5.7604337,-2.4209077,-0.26793373,4.5377164,3.407442,12.986358,-28.60925,58.017155,1.6904913,1.1160601,0.35043785,2.9648182,-10.784023,25.382002,54.616127,-11.362227,1.3196781,-0.44127327
445,7.622376918792725,337.1584777832031,78.42176818847656,-0.785877896510597,-1.2900952491979123,91.09281910622829,1.8435525,6.919137,3.947789,8.395758,-10.087366,-6.810616,1.7934567,-5.2373524,-7.077854,8.2895565,-8.360834,5.760586,-2.4286466,-0.2718814,4.561773,3.3380308,13.063438,-28.721073,58.09833,1.8062729,1.1675678,0.37354818,2.9397776,-10.803739,25.370235,54.59666,-11.363008,1.3152932,-0.46322197
446,7.626917362213135,337.1640930175781,78.42178344726562,-0.7816725310581927,-1.2776898459985704,91.08854117632549,1.8280947,6.91523,3.9329684,8.398351,-10.084033,-6.8037353,1.7853976,-5.235894,-7.0750093,8.282635,-8.357601,5.7603126,-2.4517064,-0.26648065,4.5767207,3.2368476,13.110887,-28.866041,58.237545,1.7156911,1.2116257,0.37826967,2.9008505,-10.815425,25.360401,54.59743,-11.366835,1.3091595,-0.49970734
447,7.634428977966309,337.1658935546875,78.42355346679688,-0.7785766937209417,-1.2652047411919238,91.08330981587773,1.8147234,6.9124465,3.9206393,8.398856,-10.080606,-6.799024,1.7754018,-5.23403,-7.070993,8.279791,-8.357117,5.7593594,-2.4445057,-0.26793727,4.600664,3.1511679,13.196483,-29.047148,58.33499,1.5180902,1.2492832,0.36820972,2.8975406,-10.834936,25.308802,54.551117,-11.378246,1.3009237,-0.5300578
448,7.636932849884033,337.1754455566406,78.42566680908203,-0.7770753006090012,-1.2536589469232482,91.07426803661077,1.8115641,6.914918,3.9221714,8.389382,-10.075594,-6.801145,1.7715333,-5.228582,-7.0646195,8.265874,-8.3519335,5.7575617,-2.4490473,-0.27149177,4.622769,3.0972269,13.267888,-29.146065,58.416576,1.3713657,1.271514,0.358514,2.8850293,-10.850325,25.272966,54.51233,-11.388768,1.2943555,-0.5530559
449,7.639586925506592,337.183837890625,78.42389678955078,-0.7783479140974896,-1.2430064845278144,91.05880479262792,1.8130869,6.925852,3.9439752,8.385392,-10.079029,-6.813998,1.7606725,-5.2204757,-7.052619,8.266246,-8.356054,5.754696,-2.4540763,-0.27560785,4.638458,3.068578,13.308392,-29.150167,58.503994,1.2900771,1.2690196,0.35150626,2.867076,-10.859882,25.24465,54.48385,-11.404009,1.2897834,-0.56615996
450,7.646461009979248,337.18768310546875,78.42483520507812,-0.7813864196166406,-1.2329923380825671,91.03906601925063,1.8250741,6.942162,3.9797125,8.370318,-10.080235,-6.8343377,1.7540627,-5.208927,-7.037716,8.258837,-8.357448,5.7508574,-2.4553757,-0.28338698,4.656649,3.0722249,13.352964,-29.100616,58.563877,1.2035663,1.2494099,0.33695886,2.8567338,-10.872127,25.212292,54.44035,-11.423402,1.2858125,-0.57034326
451,7.648388385772705,337.19915771484375,78.4229965209961,-0.7861535810242509,-1.2236522707389295,91.01932109744827,1.8391926,6.9595146,4.017931,8.35388,-10.081759,-6.8555884,1.7481549,-5.19687,-7.022601,8.252164,-8.359669,5.7466288,-2.4640973,-0.29287583,4.6767874,3.0969357,13.398712,-29.01947,58.598484,1.1263201,1.2268794,0.32199392,2.8484933,-10.8851385,25.18561,54.3898,-11.43763,1.2824199,-0.57080984
452,7.652352809906006,337.2068786621094,78.42179870605469,-0.7888355761330038,-1.214847628306116,91.0040151946723,1.8472062,6.9742627,4.046744,8.345418,-10.086075,-6.8711824,1.7444931,-5.1857867,-7.0109844,8.244266,-8.360727,5.742585,-2.4667275,-0.29716742,4.6779494,3.0904229,13.408153,-28.977968,58.67737,1.0544628,1.21401,0.32896104,2.841699,-10.887795,25.160982,54.365654,-11.433351,1.2800894,-0.5814298
453,7.659453392028809,337.21337890625,78.42227935791016,-0.7908092536274564,-1.2086237442752414,90.99596969282366,1.853258,6.9846206,4.0623703,8.336297,-10.088036,-6.878937,1.7448422,-5.176762,-7.0049214,8.23657,-8.361041,5.738345,-2.486377,-0.30673888,4.7020693,3.0881233,13.42964,-28.904297,58.709538,1.0342962,1.218685,0.33388975,2.8317082,-10.892696,25.120275,54.322067,-11.432183,1.2761456,-0.5802567
454,7.665215969085693,337.2183532714844,78.42215728759766,-0.7912574424738922,-1.2036466400899284,90.99297862801693,1.8529438,6.992977,4.0698776,8.338073,-10.095347,-6.8823447,1.7444206,-5.169098,-7.0025625,8.235864,-8.365127,5.7338033,-2.5097964,-0.3165931,4.724175,3.0982473,13.449156,-28.839201,58.714523,1.0243353,1.2355863,0.35222125,2.8265436,-10.895293,25.083553,54.27743,-11.415265,1.2736398,-0.5816948
455,7.66912317276001,337.22955322265625,78.42182159423828,-0.7910395209896917,-1.19822594828844,90.98889552169302,1.8524894,7.000461,4.076886,8.33929,-10.101517,-6.883936,1.7450871,-5.1616435,-6.9990363,8.232578,-8.367381,5.729834,-2.533871,-0.32856998,4.744455,3.1142173,13.473675,-28.77603,58.70807,1.0207734,1.2532129,0.3699773,2.8229103,-10.895722,25.047134,54.23366,-11.394124,1.2705802,-0.58280116
456,7.676311016082764,337.23553466796875,78.42224884033203,-0.7917587221074228,-1.1909496344746953,90.97821605993445,1.8546405,7.007848,4.0902243,8.336993,-10.105795,-6.8860564,1.7424405,-5.1545753,-6.9891634,8.228881,-8.367871,5.7274637,-2.552284,-0.33917296,4.7556844,3.1329725,13.495705,-28.729414,58.70716,1.0109419,1.2647667,0.3837128,2.820936,-10.893908,25.013943,54.19708,-11.375689,1.267866,-0.58746344
457,7.678861141204834,337.2432861328125,78.42283630371094,-0.7908917011671792,-1.1805019081171626,90.95919954534097,1.8574762,7.0149508,4.111429,8.333714,-10.108045,-6.88905,1.7342176,-5.1479015,-6.970927,8.225249,-8.36559,5.727022,-2.5650601,-0.3446006,4.7520742,3.1487114,13.507036,-28.705015,58.7267,0.98901826,1.2656158,0.3947752,2.8216515,-10.891838,24.986584,54.170345,-11.358098,1.265541,-0.59819824
458,7.681766033172607,337.2518615722656,78.422119140625,-0.78982436255172,-1.1690325928512761,90.93680256866452,1.8599668,7.0217733,4.13474,8.332385,-10.109904,-6.8917565,1.7253647,-5.1415243,-6.949357,8.219724,-8.360928,5.727983,-2.578428,-0.3481697,4.742868,3.1673696,13.516755,-28.690208,58.747425,0.96389353,1.2607092,0.40217242,2.8222773,-10.888621,24.961246,54.149082,-11.340664,1.2624706,-0.61109275
459,7.684683799743652,337.26300048828125,78.42214965820312,-0.7877622153160532,-1.156401962670225,90.90815673901606,1.864928,7.028285,4.16405,8.328482,-10.112189,-6.894203,1.7121868,-5.135608,-6.921939,8.218058,-8.358022,5.729995,-2.5873516,-0.3498086,4.7306094,3.192035,13.519796,-28.682356,58.762035,0.9446975,1.2571975,0.40799657,2.82541,-10.887267,24.944294,54.12737,-11.323699,1.2615895,-0.62545216
460,7.686865329742432,337.2737121582031,78.42222595214844,-0.7865855234323413,-1.1451947082222365,90.8766322644411,1.873042,7.0343924,4.1962957,8.321962,-10.116266,-6.8962784,1.700024,-5.1297197,-6.8931494,8.216393,-8.357244,5.732707,-2.5829597,-0.35490826,4.72682,3.2240713,13.529034,-28.668283,58.75725,0.9480424,1.2572948,0.40392447,2.8330758,-10.881663,24.904202,54.099503,-11.321706,1.2600969,-0.62909853
461,7.6899871826171875,337.2845764160156,78.42150115966797,-0.7837980562210632,-1.1336437670600428,90.8425007585048,1.8829876,7.04035,4.23072,8.313877,-10.125174,-6.8967032,1.689977,-5.123655,-6.864881,8.211323,-8.3589735,5.7369747,-2.5764523,-0.36116004,4.7201014,3.2625337,13.532385,-28.65725,58.748352,0.9651715,1.2620803,0.39771453,2.8422613,-10.878136,24.886742,54.073044,-11.304375,1.2621303,-0.63526225
462,7.688580513000488,337.2987365722656,78.4241714477539,-0.7805364318434793,-1.1212034594712803,90.80455782906319,1.893177,7.046237,4.2684426,8.305937,-10.137879,-6.8959646,1.6793954,-5.117343,-6.8349237,8.204679,-8.362134,5.74268,-2.56752,-0.37045315,4.714726,3.3123362,13.536147,-28.6348,58.725254,1.005298,1.2688843,0.383743,2.8481462,-10.869701,24.869616,54.050213,-11.291111,1.265264,-0.63759506
463,7.692502498626709,337.30841064453125,78.42108154296875,-0.7790191552834808,-1.1143702266777218,90.76637183510181,1.9099116,7.052147,4.3066387,8.296582,-10.150293,-6.896644,1.674373,-5.111059,-6.8044624,8.198426,-8.36605,5.7481394,-2.558601,-0.37740868,4.7144136,3.3599877,13.535315,-28.624056,58.702316,1.0379584,1.2788585,0.36939746,2.8555517,-10.866338,24.864996,54.027046,-11.272912,1.2696785,-0.6401999
464,7.694622993469238,337.3162536621094,78.41926574707031,-0.7774355082240068,-1.1195522078726865,90.73139765822812,1.9357703,7.0595,4.341854,8.291398,-10.161821,-6.9013515,1.6796201,-5.103878,-6.7748346,8.196653,-8.371072,5.7517023,-2.5616815,-0.3822,4.730194,3.4040718,13.529358,-28.60965,58.67864,1.0597326,1.2930317,0.3541113,2.8496742,-10.856887,24.868515,54.015812,-11.264965,1.2741729,-0.6406729
465,7.697192668914795,337.31549072265625,78.41866302490234,-0.7796150747679836,-1.1433747353938724,90.70134611919657,1.9760578,7.069256,4.3722405,8.291366,-10.171486,-6.9138985,1.7009628,-5.0952883,-6.74632,8.201782,-8.378483,5.7523904,-2.5704687,-0.3841279,4.769655,3.4322445,13.521273,-28.615604,58.659477,1.0453783,1.3172665,0.33899504,2.8341253,-10.8484535,24.878428,54.01151,-11.264286,1.27839,-0.6382389
466,7.696795463562012,337.3158874511719,78.42117309570312,-0.7837502708726795,-1.180685443316425,90.67394910597399,2.0275688,7.0807824,4.3999352,8.294505,-10.18035,-6.9318333,1.7333978,-5.0854864,-6.7181377,8.212554,-8.388032,5.751223,-2.5823336,-0.3838255,4.828695,3.4529798,13.510538,-28.633585,58.636257,1.0113949,1.3505396,0.32335374,2.8159688,-10.839266,24.89221,54.00523,-11.271522,1.2843027,-0.63310534
467,7.695882797241211,337.32147216796875,78.4178466796875,-0.7873356566806377,-1.2206062331092058,90.64747499079665,2.0817013,7.091637,4.427566,8.297548,-10.188497,-6.9484606,1.7682025,-5.07643,-6.690354,8.22413,-8.397474,5.749701,-2.593086,-0.3823454,4.8852563,3.464261,13.491998,-28.660995,58.629753,0.9755704,1.37783,0.30913806,2.791029,-10.825506,24.908703,54.01744,-11.279892,1.2878808,-0.6291712
468,7.696109294891357,337.327880859375,78.41484832763672,-0.789071653736914,-1.252364305581862,90.6201195598428,2.1284814,7.0988755,4.4576273,8.300485,-10.197451,-6.957024,1.7953192,-5.0707784,-6.6626983,8.235406,-8.406594,5.7495217,-2.6002536,-0.3806411,4.933969,3.4874878,13.473613,-28.681866,58.612457,0.9662603,1.3906624,0.29513487,2.777976,-10.813877,24.920242,54.01974,-11.291173,1.2911074,-0.6257493
469,7.694788455963135,337.3327941894531,78.41411590576172,-0.7872432472655672,-1.2731107660445382,90.59224770921017,2.162737,7.1020327,4.4903145,8.308317,-10.209875,-6.9533086,1.8116416,-5.0691185,-6.6361923,8.246119,-8.414496,5.7510157,-2.6016543,-0.3785517,4.9628816,3.5076995,13.443066,-28.699389,58.618423,0.99717814,1.3768271,0.2853665,2.7669263,-10.797739,24.928806,54.037415,-11.304622,1.2918483,-0.6269715
470,7.693032264709473,337.3397216796875,78.41533660888672,-0.7844103409080498,-1.2886885969450252,90.56455026633526,2.191706,7.101863,4.5246387,8.317573,-10.223185,-6.941623,1.8224669,-5.070706,-6.6105075,8.257485,-8.421773,5.7533393,-2.6018355,-0.37646508,4.990375,3.544701,13.41827,-28.7109,58.60306,1.054635,1.3489937,0.27528906,2.7672703,-10.786875,24.935453,54.041252,-11.321847,1.2927071,-0.6276195
471,7.691980838775635,337.3501281738281,78.41340637207031,-0.7817184223197455,-1.300969130323289,90.53574907244675,2.218597,7.100622,4.5603356,8.325478,-10.2367735,-6.9283876,1.8304014,-5.073301,-6.5839005,8.26845,-8.42924,5.7561665,-2.600929,-0.3747054,5.0144644,3.5873582,13.398279,-28.721624,58.578808,1.1097025,1.3167583,0.26092154,2.7725117,-10.779078,24.94195,54.041683,-11.335438,1.2905653,-0.62634444
472,7.685030460357666,337.3590393066406,78.41551971435547,-0.7795509398251286,-1.3119900188876996,90.5045633577066,2.246653,7.1008196,4.597044,8.330397,-10.251078,-6.9198937,1.837724,-5.074253,-6.554675,8.277556,-8.436666,5.7591553,-2.5987055,-0.3634433,5.0182834,3.6006877,13.336736,-28.739511,58.61155,1.1448786,1.2936966,0.2563807,2.7667103,-10.758434,24.951706,54.079124,-11.344583,1.2890487,-0.63368773
473,7.673435688018799,337.36773681640625,78.41387176513672,-0.7789402949403385,-1.3229002305969808,90.4661203139703,2.2804284,7.103803,4.6393003,8.3284855,-10.26599,-6.9189587,1.8455938,-5.072358,-6.5181665,8.283395,-8.44373,5.7624354,-2.593055,-0.34571797,5.018116,3.6186862,13.267133,-28.758451,58.63459,1.1462427,1.2862232,0.25230947,2.7662714,-10.739872,24.960712,54.11378,-11.342174,1.2853462,-0.6420001
474,7.6646833419799805,337.3814392089844,78.41426086425781,-0.7796536332975047,-1.3322683611139876,90.4225571904417,2.3168058,7.1077547,4.685806,8.322911,-10.282601,-6.921905,1.8516048,-5.0692716,-6.476531,8.289246,-8.45185,5.766028,-2.5850456,-0.32502362,5.014948,3.6485984,13.203091,-28.778755,58.63771,1.1249423,1.2873187,0.2471797,2.7736802,-10.726094,24.97094,54.14075,-11.329755,1.2798125,-0.6506921
475,7.662901401519775,337.3891906738281,78.41179656982422,-0.7802030169971358,-1.3387638974176246,90.38335837936823,2.348487,7.1108456,4.7273903,8.31674,-10.297437,-6.9250903,1.8563454,-5.0670686,-6.4388294,8.292886,-8.459134,5.7697115,-2.5798705,-0.30570608,5.0105276,3.6831627,13.14579,-28.801468,58.6281,1.0936953,1.2933072,0.23617801,2.7865496,-10.71503,24.981424,54.16013,-11.317923,1.2751671,-0.65689653
476,7.660046100616455,337.4003601074219,78.41294860839844,-0.7797071905213655,-1.3410905025022488,90.35786051087447,2.3698993,7.1106315,4.7553134,8.311747,-10.30748,-6.924839,1.8594738,-5.0678473,-6.4139757,8.295401,-8.465979,5.773188,-2.5816987,-0.2880946,5.0028715,3.6994612,13.077999,-28.829834,58.638264,1.0664362,1.2989404,0.21775152,2.801042,-10.701538,24.988934,54.179634,-11.319589,1.2741038,-0.6590229
477,7.659090995788574,337.4090576171875,78.41165924072266,-0.7741607002991943,-1.3373323749522232,90.35222977875792,2.3742347,7.105026,4.763753,8.311235,-10.310515,-6.919105,1.8599129,-5.073954,-6.4076605,8.296883,-8.472589,5.7764587,-2.6037147,-0.28698552,5.013203,3.740856,13.062761,-28.851862,58.583275,1.034907,1.3061798,0.16382094,2.8248587,-10.697197,24.997112,54.160088,-11.341504,1.2780966,-0.64537966
478,7.6591291427612305,337.41436767578125,78.41177368164062,-0.7678976342134636,-1.3284902292724368,90.36026957311887,2.366499,7.0959506,4.7586265,8.313883,-10.309797,-6.9100614,1.8575964,-5.0833597,-6.4140162,8.29715,-8.478657,5.77969,-2.6186845,-0.28050706,4.9952083,3.7199347,12.985069,-28.915258,58.630997,0.9914578,1.3103951,0.11270936,2.8456924,-10.671665,24.996906,54.180443,-11.378931,1.2876476,-0.63774246
479,7.658744812011719,337.4214172363281,78.41337585449219,-0.7606966453812748,-1.3182722570591912,90.37268090087123,2.3555968,7.086879,4.74816,8.316271,-10.308027,-6.900932,1.8554614,-5.092643,-6.4246106,8.296237,-8.484259,5.7826247,-2.6407986,-0.27703694,4.9845877,3.7127485,12.923855,-28.96027,58.649235,0.9623784,1.3195574,0.063848816,2.8666542,-10.649184,24.99707,54.18992,-11.416363,1.2963136,-0.6262575
480,7.659824371337891,337.42657470703125,78.41586303710938,-0.7576776574141874,-1.3098263831434906,90.38018287764272,2.3497725,7.081115,4.7407174,8.316687,-10.310246,-6.8949413,1.8543828,-5.0985413,-6.4307995,8.295593,-8.489157,5.785031,-2.6597953,-0.27123654,4.978563,3.7358124,12.881859,-28.985754,58.62234,0.9580916,1.3382597,0.044308826,2.895995,-10.6330595,25.000193,54.184803,-11.435332,1.301095,-0.61818314
481,7.658867359161377,337.43780517578125,78.41704559326172,-0.7584744427922747,-1.3036647540534658,90.37982737866453,2.3497362,7.0813866,4.7371964,8.316666,-10.319403,-6.8925304,1.8563662,-5.098367,-6.4303756,8.292425,-8.491857,5.786736,-2.6657982,-0.25298986,4.957601,3.7408574,12.800119,-28.995964,58.636295,1.0082871,1.3683118,0.07588797,2.9174206,-10.605173,24.999807,54.21201,-11.43393,1.2986088,-0.6230996
482,7.654853820800781,337.4489440917969,78.41736602783203,-0.7634529346653061,-1.2981209250035086,90.37674120920846,2.3524818,7.084533,4.7338576,8.315276,-10.3324175,-6.8920913,1.8578602,-5.09528,-6.4275804,8.290849,-8.494295,5.787856,-2.671031,-0.22921364,4.9369893,3.7648578,12.721402,-28.986658,58.623318,1.0951279,1.4104161,0.13574271,2.9452922,-10.582727,25.003305,54.23066,-11.416472,1.2924534,-0.6316758
483,7.652934551239014,337.4585876464844,78.41490936279297,-0.7682036089894081,-1.2934389006333844,90.37363847860797,2.3570404,7.088545,4.730932,8.313133,-10.3457775,-6.89372,1.8628714,-5.0910325,-6.424902,8.28527,-8.495505,5.788812,-2.6756186,-0.20268007,4.916092,3.7866862,12.63863,-28.96957,58.615746,1.1743963,1.4489887,0.21144849,2.9740787,-10.562954,25.008682,54.249283,-11.391824,1.2863215,-0.641792
484,7.649735450744629,337.4662780761719,78.41474914550781,-0.7723584885787267,-1.2901482262185509,90.37334922824677,2.3624034,7.090807,4.728709,8.309627,-10.35513,-6.897503,1.8684827,-5.0886483,-6.4241824,8.281995,-8.499333,5.78995,-2.6810563,-0.17872937,4.9000845,3.8032186,12.564911,-28.955555,58.614502,1.1988225,1.4703221,0.28698623,3.0058408,-10.546237,25.014809,54.259647,-11.367621,1.2841679,-0.6484041
485,7.646755695343018,337.4770812988281,78.41387176513672,-0.77343206924603,-1.28943961557387,90.37790648416147,2.3705742,7.0916677,4.727271,8.304156,-10.359568,-6.9066677,1.8780838,-5.0879474,-6.427001,8.278147,-8.50586,5.791198,-2.6897893,-0.15716615,4.8888,3.8029706,12.491853,-28.95337,58.639328,1.1318636,1.4664886,0.37088448,3.0359666,-10.528646,25.023949,54.269833,-11.349549,1.2886498,-0.6466588
486,7.646071910858154,337.486083984375,78.4122085571289,-0.7742117340892908,-1.2905943701166993,90.38543879712374,2.3827581,7.091803,4.7267146,8.293508,-10.359356,-6.920111,1.8903673,-5.0878634,-6.4319234,8.274007,-8.513935,5.7923427,-2.6993012,-0.1403873,4.8860264,3.808439,12.4409895,-28.957039,58.65064,1.0024096,1.4478185,0.463063,3.0708756,-10.5146475,25.03387,54.266224,-11.331676,1.2969481,-0.6378258
487,7.6455607414245605,337.4895324707031,78.41204071044922,-0.7739761714423162,-1.2916767853721232,90.39261621188304,2.3933969,7.090322,4.726686,8.285113,-10.359454,-6.9314475,1.90141,-5.089546,-6.436507,8.271497,-8.522795,5.7938504,-2.7056115,-0.1255444,4.882291,3.8108346,12.393157,-28.95162,58.667477,0.8744432,1.4223583,0.5490565,3.1051064,-10.500049,25.041332,54.26446,-11.308137,1.3047937,-0.6358929
488,7.6445112228393555,337.4950866699219,78.41085815429688,-0.7722165672828674,-1.2905057823641206,90.39614337682075,2.4015076,7.0860515,4.727476,8.280078,-10.362847,-6.9342756,1.9092796,-5.093632,-6.438561,8.270072,-8.530767,5.79613,-2.7048817,-0.11142607,4.872868,3.8138669,12.345421,-28.921862,58.684895,0.8098592,1.3997227,0.6110558,3.1396806,-10.484642,25.04245,54.265602,-11.272156,1.3080808,-0.6524432
489,7.643959045410156,337.49908447265625,78.41207122802734,-0.7664884794635958,-1.2866212960914292,90.39200977481057,2.4050713,7.0770936,4.730958,8.282122,-10.372531,-6.923121,1.9100585,-5.102394,-6.434691,8.273915,-8.538563,5.799676,-2.6959498,-0.09688323,4.851568,3.813536,12.280898,-28.845724,58.720314,0.84219635,1.3769916,0.6440796,3.168633,-10.464696,25.042196,54.283504,-11.214497,1.3043473,-0.698677
490,7.639369487762451,337.5094299316406,78.41604614257812,-0.7579780779213678,-1.28098774069814,90.38300844906632,2.4074073,7.064462,4.7366214,8.286042,-10.384926,-6.902723,1.9065346,-5.1148567,-6.4270287,8.2810955,-8.546541,5.8042393,-2.678099,-0.085660234,4.828202,3.8236904,12.227069,-28.740837,58.741463,0.92867935,1.3526995,0.6540733,3.2026784,-10.449429,25.037537,54.29505,-11.139987,1.2960705,-0.76268965
491,7.63831901550293,337.51922607421875,78.41326141357422,-0.7491799389032046,-1.2740915044501482,90.37600100706429,2.4061358,7.051794,4.7401953,8.293811,-10.398309,-6.8816767,1.9029192,-5.1271634,-6.42137,8.286866,-8.553784,5.8087153,-2.6582997,-0.07548736,4.807028,3.8369982,12.189871,-28.639538,58.747013,1.02804,1.3337483,0.65009713,3.2422004,-10.438745,25.024395,54.29447,-11.065443,1.2870201,-0.830058
492,7.634889125823975,337.5351867675781,78.4127197265625,-0.7421292477166053,-1.2665797881835041,90.37777658684871,2.4024637,7.0417533,4.7378736,8.297507,-10.404926,-6.86874,1.9007525,-5.1373262,-6.4230056,8.290541,-8.560739,5.812328,-2.643534,-0.065345354,4.7888713,3.8459547,12.171802,-28.575535,58.74049,1.0985008,1.3264961,0.64227474,3.2845378,-10.432427,25.003258,54.282917,-11.003296,1.2809274,-0.8877744
493,7.634710311889648,337.54071044921875,78.41446685791016,-0.7385723662183669,-1.2575757390274411,90.39301436813186,2.3951778,7.035277,4.7271085,8.295461,-10.401788,-6.867627,1.9024669,-5.144087,-6.4358253,8.28739,-8.565709,5.814941,-2.656364,-0.051282674,4.774588,3.8360102,12.1512985,-28.520632,58.746952,1.1503822,1.3331299,0.62964314,3.3081496,-10.423242,24.976173,54.280975,-10.964862,1.2790624,-0.9361134
494,7.634876728057861,337.5506286621094,78.41363525390625,-0.7358383117814532,-1.2471973690091847,90.41719813062619,2.3842957,7.031125,4.710239,8.290796,-10.392561,-6.8732724,1.9057091,-5.1488233,-6.456187,8.279922,-8.56882,5.8170166,-2.6761618,-0.034601487,4.7566886,3.8010926,12.125312,-28.487617,58.779907,1.1929587,1.3482453,0.611484,3.3219218,-10.406713,24.935541,54.292583,-10.940391,1.2782725,-0.9824919
495,7.638245582580566,337.55584716796875,78.41291809082031,-0.7349859680929052,-1.237688051219174,90.44313262789686,2.3734953,7.0277553,4.691722,8.286173,-10.3826885,-6.8808537,1.909882,-5.1529016,-6.478169,8.273636,-8.573299,5.818471,-2.688979,-0.018264866,4.739396,3.7567973,12.106102,-28.479404,58.814503,1.2292079,1.3692791,0.5904458,3.334911,-10.388454,24.883951,54.304523,-10.930713,1.2788059,-1.0213805
496,7.641585826873779,337.5586853027344,78.4118423461914,-0.7330693573727697,-1.2316611836124705,90.46308898846992,2.3682394,7.024801,4.676433,8.282439,-10.377154,-6.8855824,1.9160731,-5.156291,-6.4957457,8.268355,-8.577942,5.8190947,-2.7061388,0.00026409488,4.7252336,3.7383335,12.102611,-28.47172,58.81419,1.2688347,1.392196,0.56797093,3.3468454,-10.38276,24.859095,54.30746,-10.923652,1.2816464,-1.0485605
497,7.6428985595703125,337.5626220703125,78.41356658935547,-0.7308668688995574,-1.2303260296790572,90.47731991665133,2.3664339,7.0221896,4.662335,8.286317,-10.380387,-6.884594,1.924766,-5.159362,-6.5095677,8.266123,-8.584229,5.8184075,-2.6976943,0.019259807,4.721371,3.6973593,12.098385,-28.463661,58.82188,1.3413541,1.4174622,0.5314169,3.3584588,-10.37091,24.793716,54.30936,-10.969705,1.2817388,-1.0499233
498,7.646470546722412,337.5663146972656,78.4114990234375,-0.7292424386853305,-1.23187984842623,90.48780334181865,2.3677418,7.0201426,4.64953,8.292694,-10.387566,-6.881,1.933388,-5.161969,-6.5205655,8.268665,-8.592807,5.8165174,-2.6931145,0.04127134,4.716164,3.6704526,12.098305,-28.45891,58.811893,1.4192967,1.4481562,0.49172726,3.3624585,-10.360854,24.74615,54.317146,-11.025519,1.2847197,-1.0428864
499,7.64772367477417,337.5719299316406,78.41077423095703,-0.7275820593595371,-1.2352969845762598,90.4957769470766,2.3721817,7.0185018,4.6386704,8.297855,-10.395151,-6.8787155,1.9433495,-5.1640906,-6.5297546,8.271041,-8.601206,5.8147626,-2.6899722,0.063496076,4.711792,3.641416,12.101113,-28.460308,58.8076,1.4976839,1.4748411,0.45689225,3.3569217,-10.355194,24.709177,54.33142,-11.085854,1.2878212,-1.0259062
500,7.649111747741699,337.5799255371094,78.41065979003906,-0.7271136160640358,-1.2397133578401838,90.50267337628524,2.3802702,7.018063,4.6301813,8.298692,-10.400013,-6.881758,1.9567273,-5.1646113,-6.5385394,8.268975,-8.607959,5.814238,-2.688879,0.08284674,4.7098155,3.607397,12.10513,-28.473936,58.81912,1.5661296,1.4904785,0.43993878,3.3435094,-10.352333,24.68526,54.347153,-11.134806,1.293149,-1.0031778
501,7.646008491516113,337.5893859863281,78.40928649902344,-0.727906538959782,-1.2445619486432882,90.50712767953394,2.393142,7.0185447,4.625953,8.292102,-10.400453,-6.894264,1.9714317,-5.163764,-6.5458956,8.265245,-8.614858,5.81629,-2.6948795,0.09883902,4.704952,3.5726798,12.111984,-28.510946,58.850464,1.6298126,1.4899098,0.45886803,3.3150806,-10.350539,24.68427,54.374123,-11.164503,1.3031118,-0.97486305
502,7.644966125488281,337.6018981933594,78.40788269042969,-0.7299125006066747,-1.250717692956376,90.50876849705487,2.411107,7.0202627,4.6253295,8.280641,-10.398885,-6.913172,1.9893794,-5.161391,-6.551599,8.257236,-8.619992,5.8198967,-2.6895065,0.10942034,4.692373,3.5339096,12.131359,-28.605156,58.89706,1.6635569,1.4796121,0.5088945,3.2839355,-10.34944,24.70361,54.409615,-11.170006,1.3162676,-0.94594604
503,7.649201393127441,337.605712890625,78.40833282470703,-0.7320659881920003,-1.2569850395215316,90.51135369564632,2.4282904,7.021727,4.624367,8.268841,-10.396318,-6.931237,2.0057356,-5.159344,-6.5576854,8.252188,-8.626347,5.822955,-2.6902523,0.11734071,4.6832023,3.5056934,12.159177,-28.690262,58.93558,1.6809685,1.4654579,0.55269414,3.2502503,-10.351373,24.733574,54.438843,-11.170447,1.3302773,-0.9125927
504,7.652625560760498,337.607421875,78.40668487548828,-0.7329358476092683,-1.2627437434271684,90.5180611168665,2.4401276,7.0216737,4.6196527,8.263244,-10.396125,-6.941333,2.0198061,-5.1592937,-6.565946,8.250997,-8.634126,5.8234124,-2.6900246,0.12076263,4.6830387,3.490683,12.200828,-28.750147,58.949905,1.6607404,1.4552809,0.560874,3.2215114,-10.357583,24.757177,54.451202,-11.17043,1.3417484,-0.8775553
505,7.655468463897705,337.606201171875,78.4066162109375,-0.7308582848447217,-1.2672127230599897,90.53292433837346,2.4415965,7.0194416,4.607681,8.268325,-10.399458,-6.9391136,2.0310686,-5.1622286,-6.579327,8.252757,-8.642541,5.8192396,-2.6910477,0.122446366,4.690221,3.473735,12.240626,-28.772026,58.96532,1.5852474,1.4477497,0.5140428,3.1944942,-10.365428,24.771591,54.452606,-11.169368,1.3496615,-0.83958495
506,7.660490989685059,337.6065979003906,78.40546417236328,-0.7264229136288535,-1.2708820137352879,90.55290011107228,2.4372478,7.0157337,4.591438,8.278342,-10.40383,-6.9291644,2.03849,-5.1674747,-6.5956473,8.261131,-8.65398,5.812093,-2.689932,0.12408117,4.6960406,3.4382753,12.262777,-28.77496,59.01406,1.4687403,1.4376414,0.43557477,3.1613894,-10.371395,24.780634,54.462112,-11.166151,1.3550979,-0.79994565
507,7.665040969848633,337.60699462890625,78.40583801269531,-0.7232088765971286,-1.2757306343051782,90.57175689191816,2.4337757,7.0120716,4.5759373,8.28972,-10.40928,-6.917826,2.047088,-5.172422,-6.610719,8.268887,-8.664464,5.8052325,-2.6902936,0.12353573,4.712858,3.4310298,12.305769,-28.765596,59.016636,1.3455256,1.4324055,0.3526974,3.1363406,-10.3854885,24.791977,54.447453,-11.163317,1.3606699,-0.7600336
508,7.663809299468994,337.6139221191406,78.40504455566406,-0.7208306614201994,-1.2835766617355222,90.58254166212468,2.4383678,7.009698,4.567017,8.297251,-10.415085,-6.911279,2.0580244,-5.175532,-6.619234,8.2753525,-8.672864,5.8019524,-2.6834254,0.12691224,4.7238107,3.4104898,12.325323,-28.756817,59.04757,1.2630836,1.4238685,0.30202582,3.1066751,-10.393515,24.797602,54.44902,-11.173476,1.3634937,-0.7256323
509,7.6630940437316895,337.6165771484375,78.40499114990234,-0.7202660114123856,-1.2968738121952572,90.5795621808401,2.4574792,7.0095887,4.569336,8.298541,-10.421996,-6.9120426,2.074384,-5.1753936,-6.616438,8.278974,-8.67804,5.8046637,-2.6739001,0.13353485,4.742925,3.4179785,12.348883,-28.736998,59.039276,1.2365575,1.4199265,0.29214928,3.080361,-10.405943,24.805428,54.43888,-11.199675,1.3663706,-0.69305843
510,7.662536144256592,337.6195373535156,78.40505981445312,-0.7213766736303259,-1.3138970055833208,90.56766069502578,2.4838529,7.0107613,4.5788636,8.299007,-10.430817,-6.916535,2.0935872,-5.173777,-6.605919,8.281524,-8.680978,5.811105,-2.658334,0.14236192,4.762494,3.4347036,12.364385,-28.709558,59.024292,1.2430958,1.4182518,0.30833444,3.053762,-10.41733,24.809872,54.430485,-11.2396145,1.368756,-0.66338617
511,7.662082672119141,337.6216125488281,78.40499114990234,-0.7226158007839413,-1.330626350003937,90.55654164936563,2.5099127,7.012727,4.5873437,8.298875,-10.439037,-6.9219027,2.113197,-5.171053,-6.5966687,8.281903,-8.682437,5.817631,-2.6488445,0.15238465,4.7855544,3.4557636,12.383099,-28.678152,59.00103,1.2596056,1.4133716,0.33105722,3.0287695,-10.434911,24.819162,54.414215,-11.276356,1.3685023,-0.6377998
512,7.661680698394775,337.6290588378906,78.40306091308594,-0.7238183499827996,-1.3433083430208321,90.55605686612851,2.5263093,7.0151443,4.5862713,8.300526,-10.444421,-6.925482,2.1301596,-5.16867,-6.597529,8.282201,-8.68566,5.820738,-2.643099,0.16274115,4.803404,3.4557538,12.393529,-28.669252,59.00452,1.2600415,1.4014736,0.35140604,3.0026662,-10.445778,24.825148,54.40623,-11.301526,1.3646948,-0.62405103
513,7.665051460266113,337.62701416015625,78.40364837646484,-0.7264569478906417,-1.3497415747729458,90.57201057846369,2.5270317,7.0185494,4.570597,8.306802,-10.446412,-6.926152,2.1430767,-5.166089,-6.613969,8.280691,-8.689745,5.81885,-2.6518884,0.17344326,4.8223424,3.4483674,12.412438,-28.682438,59.009033,1.2363286,1.3788103,0.3644011,2.9823039,-10.463258,24.836214,54.38516,-11.303189,1.355586,-0.62362796
514,7.668471336364746,337.6252746582031,78.40357208251953,-0.7291119719231313,-1.3524139542807434,90.59801159031386,2.518078,7.0230823,4.5457435,8.31583,-10.446385,-6.925545,2.1544151,-5.162992,-6.640193,8.276284,-8.693594,5.8141723,-2.6633503,0.18342327,4.8396564,3.4283068,12.434352,-28.719423,59.025284,1.1988808,1.3474135,0.37806058,2.9656305,-10.47886,24.843018,54.36182,-11.292244,1.3410738,-0.63409716
515,7.673163890838623,337.62567138671875,78.40302276611328,-0.73144601644379,-1.3541867593686179,90.62608017625202,2.5063078,7.026946,4.5187745,8.325601,-10.445184,-6.9247403,2.164318,-5.1605067,-6.6684628,8.272999,-8.698067,5.808276,-2.6799576,0.19297546,4.853959,3.3997514,12.445953,-28.75236,59.055225,1.1669084,1.3168283,0.3906205,2.937855,-10.485105,24.850344,54.356304,-11.283767,1.3266908,-0.64986706
516,7.680389404296875,337.62774658203125,78.40174865722656,-0.7324620507057718,-1.3580148712535691,90.64804592583417,2.500342,7.028426,4.4971714,8.333035,-10.445241,-6.92494,2.1741745,-5.16,-6.690897,8.27266,-8.703437,5.8028765,-2.6883667,0.2008771,4.869288,3.377845,12.455597,-28.77956,59.071148,1.1444675,1.300168,0.40077347,2.9134574,-10.48986,24.853096,54.349674,-11.28724,1.3197392,-0.6635197
517,7.684104919433594,337.6294860839844,78.4016342163086,-0.7306300433493667,-1.365491622133797,90.66077575645383,2.5044122,7.0254498,4.4835005,8.333518,-10.444172,-6.9260216,2.1841,-5.1630745,-6.7044063,8.277996,-8.710865,5.797449,-2.6867101,0.20667332,4.887547,3.3645403,12.461494,-28.794262,59.06828,1.1415712,1.3028797,0.40790093,2.8916838,-10.492999,24.852201,54.34212,-11.312368,1.3227248,-0.67380846
518,7.68120813369751,337.6337890625,78.40277862548828,-0.7265928680324004,-1.3752106755785736,90.66921363858322,2.511023,7.020015,4.4729576,8.335404,-10.444738,-6.9276085,2.1936939,-5.168596,-6.7138224,8.286886,-8.71937,5.791344,-2.6787407,0.21102348,4.9093757,3.3549736,12.470013,-28.80642,59.05138,1.1481724,1.317794,0.4120389,2.869049,-10.498182,24.847164,54.335316,-11.349639,1.3310226,-0.68290114
519,7.684730529785156,337.6293029785156,78.40247344970703,-0.7237125819863324,-1.3838886084273072,90.6764362273734,2.518988,7.014497,4.464017,8.334115,-10.444237,-6.930054,2.2028787,-5.1736403,-6.7222037,8.294503,-8.726808,5.7862887,-2.6710896,0.21593624,4.9305816,3.3513083,12.476844,-28.811918,59.025974,1.1547934,1.3363806,0.41161302,2.8486443,-10.503155,24.840393,54.327072,-11.384141,1.341442,-0.6901714
520,7.687474250793457,337.6249694824219,78.40239715576172,-0.7229508600011446,-1.3888209433628167,90.68576142965492,2.5217094,7.0124445,4.4542274,8.332595,-10.44203,-6.933863,2.209728,-5.1755996,-6.732612,8.297483,-8.730565,5.783901,-2.6673255,0.22341582,4.9467187,3.3504064,12.47972,-28.815516,59.002872,1.1459358,1.3494782,0.40568435,2.8329148,-10.505797,24.833889,54.31685,-11.398135,1.3500711,-0.695412
521,7.6887407302856445,337.6230773925781,78.4033203125,-0.7249628681341006,-1.3908523539480913,90.69740105676392,2.5200465,7.0153713,4.444368,8.331902,-10.438808,-6.940531,2.2166188,-5.172766,-6.745489,8.292429,-8.727871,5.786842,-2.667403,0.23666634,4.9598026,3.3522239,12.482709,-28.826931,58.9817,1.1010599,1.3532283,0.3946729,2.8157818,-10.509313,24.821604,54.310726,-11.38105,1.3553883,-0.6965248
522,7.690093040466309,337.6209716796875,78.40309143066406,-0.7295248154336561,-1.3905876529746144,90.70943868369262,2.517106,7.0217056,4.435646,8.329011,-10.433956,-6.9494686,2.2236104,-5.1667404,-6.7590146,8.281288,-8.720585,5.793512,-2.6669145,0.25332096,4.969265,3.3556767,12.484113,-28.845701,58.961422,1.0307364,1.3530573,0.37971652,2.8043017,-10.512177,24.805027,54.30255,-11.343759,1.3600532,-0.6955313
523,7.691826820373535,337.6197814941406,78.4021224975586,-0.7338271103327275,-1.3865934068691794,90.72394137405156,2.5087755,7.0282917,4.424274,8.326085,-10.42792,-6.9575844,2.2276986,-5.1602936,-6.774739,8.268163,-8.712436,5.799136,-2.6508222,0.27069226,4.975024,3.3533838,12.4838295,-28.876898,58.9417,0.96535933,1.3545246,0.36075276,2.806417,-10.516693,24.768206,54.285053,-11.306526,1.3626221,-0.6905047
524,7.696467399597168,337.6191711425781,78.4029312133789,-0.7371582615858024,-1.3775293928654382,90.74245153651903,2.4917557,7.0316453,4.4072475,8.325746,-10.422147,-6.961868,2.224488,-5.156812,-6.7935243,8.260301,-8.709517,5.7989926,-2.642604,0.28087398,4.975627,3.359807,12.4820595,-28.875795,58.912693,0.9486684,1.3621306,0.33397326,2.8106492,-10.517869,24.746473,54.264942,-11.278448,1.3646218,-0.68707985
525,7.701594352722168,337.6158752441406,78.40400695800781,-0.7371030342927279,-1.3607189361824479,90.7692408564242,2.4617174,7.030752,4.3787894,8.326824,-10.415201,-6.9594736,2.2120497,-5.1572165,-6.8192706,8.256881,-8.713339,5.789259,-2.6266243,0.28657985,4.9734087,3.3700366,12.475654,-28.837173,58.865784,1.0077529,1.3811655,0.2855291,2.8258734,-10.518625,24.706047,54.232086,-11.277671,1.3629239,-0.6776783
526,7.708944320678711,337.61126708984375,78.40492248535156,-0.734595590810659,-1.3376594663159163,90.8020323940212,2.421669,7.027278,4.3424563,8.329494,-10.407968,-6.9526863,2.1928458,-5.1598616,-6.8501334,8.25574,-8.721443,5.7733746,-2.6114175,0.2873503,4.9649315,3.3880694,12.468764,-28.772808,58.806423,1.1132677,1.4072245,0.22226545,2.8476572,-10.517762,24.66989,54.19394,-11.284347,1.3595936,-0.6676697
527,7.715239524841309,337.6086730957031,78.40540313720703,-0.7328327999776694,-1.313668305658297,90.83368742013863,2.380397,7.0232844,4.307463,8.332875,-10.400447,-6.946217,2.1718554,-5.1630692,-6.8797393,8.255434,-8.728972,5.757294,-2.6107478,0.2872047,4.96197,3.4094021,12.454696,-28.676592,58.745422,1.2466434,1.4322003,0.16326174,2.8543258,-10.514975,24.640116,54.16432,-11.301238,1.3542614,-0.6530773
528,7.719918251037598,337.6129455566406,78.40498352050781,-0.7312296770854739,-1.2935652953876253,90.85694141573194,2.3497527,7.020067,4.2837505,8.329584,-10.3899,-6.94488,2.1537101,-5.1657915,-6.9015784,8.254337,-8.731095,5.7473135,-2.6199198,0.2877106,4.956573,3.4269938,12.433308,-28.609867,58.707302,1.3475604,1.4493797,0.14321505,2.846427,-10.5104265,24.641228,54.1546,-11.303815,1.3505359,-0.6451071
529,7.717549800872803,337.6090393066406,78.40485382080078,-0.7298547509862173,-1.2774720655103815,90.86575783489849,2.3324149,7.0183964,4.279407,8.3186245,-10.375645,-6.952054,2.1377304,-5.167414,-6.9101787,8.250425,-8.722832,5.746628,-2.6223738,0.28714997,4.9514656,3.4378057,12.415528,-28.610716,58.685905,1.4054106,1.4614619,0.18172373,2.833114,-10.50741,24.662628,54.152706,-11.2883625,1.346478,-0.64127296
530,7.717050075531006,337.6041564941406,78.4082260131836,-0.7298037024644276,-1.2629755889096024,90.8655236680467,2.3214715,7.017863,4.2871194,8.304324,-10.359204,-6.9645844,2.1217778,-5.168316,-6.9103684,8.244953,-8.70774,5.751453,-2.6237605,0.28548592,4.944256,3.440128,12.39801,-28.648712,58.684444,1.4442403,1.4688371,0.25930688,2.8107095,-10.505285,24.701092,54.16356,-11.261229,1.3412184,-0.6398876
531,7.717377662658691,337.6020812988281,78.40921020507812,-0.7302588624339738,-1.2517837819224864,90.86575107511257,2.314396,7.01712,4.293926,8.289731,-10.343573,-6.977047,2.1094468,-5.169415,-6.910979,8.240963,-8.69423,5.7570825,-2.6224716,0.28568882,4.9368434,3.438313,12.375533,-28.705484,58.695515,1.4550923,1.4688308,0.34605005,2.794158,-10.50342,24.740274,54.174843,-11.235865,1.338115,-0.64061695
532,7.720132827758789,337.6018981933594,78.40945434570312,-0.7302095831693554,-1.2454222377792612,90.87636487168423,2.305176,7.016552,4.2857804,8.284172,-10.334493,-6.9842157,2.1063735,-5.1697917,-6.921593,8.235838,-8.687259,5.75878,-2.6215394,0.2898776,4.9331923,3.4345067,12.351325,-28.751633,58.71405,1.4337827,1.4552943,0.40698165,2.789989,-10.501073,24.760735,54.18126,-11.228041,1.3380649,-0.6394911
533,7.726305961608887,337.6018981933594,78.40827941894531,-0.7299746203550899,-1.2470201934934169,90.90372604601654,2.295151,7.01557,4.255092,8.289272,-10.334874,-6.983323,2.115411,-5.1702175,-6.9477453,8.235146,-8.694202,5.7534814,-2.632022,0.2964499,4.9415064,3.4442677,12.338521,-28.767998,58.721375,1.3602476,1.4161607,0.42171985,2.8000753,-10.498339,24.761324,54.176174,-11.247578,1.3425106,-0.6340052
534,7.7318549156188965,337.6019287109375,78.40735626220703,-0.7301428816641983,-1.254767906978874,90.94149223135585,2.2845862,7.015113,4.210114,8.303204,-10.342017,-6.9776344,2.1344783,-5.170018,-6.983685,8.234403,-8.708115,5.744302,-2.635049,0.30897537,4.944743,3.4323604,12.311563,-28.797691,58.774136,1.2359114,1.3559316,0.42134768,2.823123,-10.488091,24.739923,54.18133,-11.286064,1.3506092,-0.6313769
535,7.735479831695557,337.60040283203125,78.40618133544922,-0.730290517346659,-1.263276748718933,90.97990569586602,2.275194,7.013937,4.162854,8.315474,-10.348312,-6.970908,2.1555552,-5.1697373,-7.0205693,8.231726,-8.7217245,5.735781,-2.6437976,0.3191007,4.953804,3.4339252,12.294266,-28.810785,58.80347,1.1166382,1.3004212,0.4143389,2.8453734,-10.478615,24.721256,54.18112,-11.324606,1.3591413,-0.62627715
536,7.742736339569092,337.59857177734375,78.40457916259766,-0.7311501367284243,-1.2667800105842884,91.00929615631277,2.2624984,7.0124063,4.124311,8.327414,-10.35209,-6.966941,2.168151,-5.169496,-7.0496063,8.229705,-8.730305,5.732353,-2.6468487,0.3249336,4.9596825,3.4382434,12.280865,-28.819384,58.81515,1.0439506,1.2714837,0.42285687,2.8622925,-10.469921,24.711601,54.17987,-11.345362,1.364902,-0.61976635
537,7.746498107910156,337.6005554199219,78.40463256835938,-0.7314754073786028,-1.2630754468778755,91.02590147819575,2.2488134,7.0090504,4.0968046,8.32965,-10.346707,-6.9663086,2.1709547,-5.1694045,-7.0681934,8.222804,-8.727891,5.7373004,-2.640557,0.3260564,4.956895,3.4363775,12.2568035,-28.823439,58.819073,1.0452894,1.2831472,0.46198714,2.867762,-10.454253,24.713121,54.187786,-11.341571,1.3678373,-0.61374533
538,7.748345851898193,337.60284423828125,78.40605163574219,-0.7315679126834913,-1.255284579329742,91.03532895932683,2.233265,7.004346,4.074419,8.329176,-10.337538,-6.9670687,2.1682303,-5.1693707,-7.0810738,8.212701,-8.719061,5.747473,-2.63378,0.32338315,4.9534726,3.4425797,12.238422,-28.81581,58.798096,1.0905094,1.3208756,0.5146352,2.869094,-10.44312,24.72689,54.19055,-11.319492,1.369109,-0.60546345
539,7.750327110290527,337.5989074707031,78.40689086914062,-0.7318910963234057,-1.2463070121158157,91.04172271714376,2.2192433,7.000518,4.0573707,8.325179,-10.326383,-6.9693246,2.1634414,-5.168912,-7.0907626,8.201821,-8.708114,5.7579484,-2.6250975,0.3204637,4.9498835,3.4519064,12.2246275,-28.80585,58.76939,1.1437266,1.363788,0.56583214,2.8719006,-10.435386,24.745092,54.189274,-11.292264,1.3692057,-0.5965775
540,7.75285530090332,337.5943298339844,78.40898132324219,-0.7322241547957661,-1.2414255223650115,91.04737505727809,2.212024,6.999765,4.0479417,8.320482,-10.318117,-6.97316,2.1606648,-5.1678634,-7.097565,8.196046,-8.701409,5.7637405,-2.6087813,0.3215585,4.953174,3.4541023,12.222501,-28.804419,58.75114,1.1646156,1.3853955,0.5935857,2.8794367,-10.434122,24.750282,54.183994,-11.277598,1.3666596,-0.5847902
541,7.753166675567627,337.5893859863281,78.40859985351562,-0.7347835924324865,-1.2327745280990339,91.05877012938294,2.1996245,7.003193,4.0429296,8.317962,-10.31243,-6.979666,2.154326,-5.1657443,-7.1068473,8.190949,-8.6963,5.7624598,-2.6158402,0.32359785,4.9379773,3.4610348,12.201537,-28.78371,58.76132,1.1602196,1.3950012,0.6123727,2.8791575,-10.421857,24.796356,54.203827,-11.255818,1.3655959,-0.58502275
542,7.751414775848389,337.58685302734375,78.40789794921875,-0.7356679380042785,-1.226335185910939,91.06781380082829,2.1931133,7.0097003,4.0478206,8.312548,-10.307522,-6.988738,2.1466606,-5.1633015,-7.1113796,8.191465,-8.693916,5.75722,-2.6075149,0.3277651,4.929419,3.457043,12.189433,-28.77301,58.780228,1.131155,1.3899246,0.61013395,2.8851378,-10.414455,24.822702,54.21717,-11.245668,1.3604423,-0.5797771
543,7.755076885223389,337.5858154296875,78.40476989746094,-0.7384092723398787,-1.2224788311900818,91.07694722386758,2.1891503,7.017183,4.053464,8.310041,-10.305878,-6.9973483,2.1425612,-5.1600556,-7.1162877,8.192304,-8.693517,5.7508454,-2.608552,0.33534148,4.916557,3.4501595,12.172273,-28.76037,58.818054,1.097236,1.3759444,0.60502404,2.8835366,-10.403315,24.860748,54.246662,-11.237446,1.3569231,-0.58145344
544,7.758936405181885,337.58489990234375,78.40267181396484,-0.7406647859076161,-1.2239944157910554,91.08657910209855,2.1900203,7.023405,4.053057,8.310007,-10.306651,-7.002621,2.1460385,-5.1568227,-7.124313,8.192676,-8.695635,5.746306,-2.6053336,0.34778985,4.910107,3.4454138,12.16202,-28.767168,58.85009,1.0651277,1.3556473,0.6012835,2.8911889,-10.395635,24.883093,54.266636,-11.240066,1.3550707,-0.5844012
545,7.763558387756348,337.5853271484375,78.40049743652344,-0.7449137910369739,-1.2352563187959333,91.09692958697819,2.1989663,7.0281825,4.0436053,8.317318,-10.314025,-7.0017266,2.1645243,-5.152568,-7.1371355,8.190272,-8.70161,5.7448945,-2.6052303,0.36924392,4.9096794,3.4431186,12.155141,-28.79861,58.887646,1.0380745,1.3209611,0.60474,2.9067216,-10.388913,24.896427,54.284477,-11.259024,1.3585672,-0.5929915
546,7.761593818664551,337.5920104980469,78.3994140625,-0.7487279302581964,-1.2534046512342045,91.10757318913697,2.2128806,7.03266,4.029008,8.332001,-10.327563,-6.9967875,2.1919842,-5.1477423,-7.15273,8.188336,-8.711013,5.744904,-2.611255,0.39786214,4.9168525,3.4454806,12.152753,-28.836836,58.92434,1.016592,1.2739859,0.60763574,2.9227223,-10.385212,24.903282,54.30248,-11.293353,1.364691,-0.6034824
547,7.760638236999512,337.5965881347656,78.40074157714844,-0.7534879989632013,-1.2709397208376896,91.11860114055861,2.2261817,7.036521,4.0130053,8.345819,-10.34,-6.9927773,2.2195282,-5.143173,-7.1693826,8.185458,-8.720444,5.7446237,-2.5958812,0.42427778,4.9136553,3.4334059,12.149544,-28.917028,58.97823,0.9749981,1.2311116,0.6160156,2.9560282,-10.377294,24.895853,54.315544,-11.321775,1.3719332,-0.6225981
548,7.765614986419678,337.5958557128906,78.40296173095703,-0.7553919802600673,-1.2799965007115621,91.12926149982758,2.2334287,7.038574,4.000356,8.348178,-10.342722,-6.994467,2.2352672,-5.140958,-7.1841683,8.182675,-8.726525,5.7424865,-2.57935,0.4414623,4.9093075,3.420295,12.148074,-28.967052,59.0151,0.9420334,1.2102234,0.6146712,2.9821935,-10.369898,24.882698,54.322884,-11.341522,1.375725,-0.6409506
549,7.7682576179504395,337.5939025878906,78.40477752685547,-0.7552884941635355,-1.275578813128936,91.13896378680172,2.2267911,7.0388665,3.9929647,8.341454,-10.333976,-7.007716,2.2312791,-5.141393,-7.1966386,8.181897,-8.728638,5.7370634,-2.5703852,0.4475163,4.90117,3.4155216,12.147954,-28.968845,59.019997,0.91420895,1.2229944,0.60002464,2.994504,-10.36816,24.88201,54.32273,-11.3388815,1.3759199,-0.6626628
550,7.769997596740723,337.5912780761719,78.40471649169922,-0.7530822730127988,-1.2617663988387926,91.14911609776146,2.2127335,7.0373883,3.9875457,8.322984,-10.314411,-7.02841,2.2156892,-5.143888,-7.2092175,8.179826,-8.727485,5.7296457,-2.5591803,0.44277638,4.883421,3.4063354,12.147929,-28.954065,59.019695,0.8841516,1.2578787,0.5783989,3.0090091,-10.364662,24.884277,54.31526,-11.323542,1.3751147,-0.6920287
551,7.774538040161133,337.58343505859375,78.40423583984375,-0.7510542781809039,-1.2479281191512106,91.15923194819364,2.198025,7.035139,3.9819207,8.306261,-10.296398,-7.0464463,2.1996145,-5.1470933,-7.2204204,8.178144,-8.725539,5.722172,-2.554654,0.4366337,4.867519,3.402306,12.148222,-28.924381,59.010693,0.86426413,1.2962525,0.55526215,3.0157561,-10.360524,24.88925,54.310432,-11.301912,1.3733475,-0.7193182
552,7.776401042938232,337.5786437988281,78.40226745605469,-0.7479407599883262,-1.2416003782232068,91.17055050918914,2.1873417,7.032783,3.972087,8.301022,-10.2881565,-7.0515423,2.1929455,-5.1499395,-7.2307205,8.179335,-8.726058,5.7168326,-2.5667894,0.4348928,4.858076,3.4096584,12.1494055,-28.88543,58.998734,0.8673126,1.3195115,0.53516954,3.0146544,-10.354686,24.897827,54.314144,-11.282587,1.3718898,-0.73807013
553,7.778271198272705,337.5758972167969,78.4009780883789,-0.7460142378475724,-1.2465760911502408,91.18415976548017,2.1804283,7.0292068,3.9554098,8.317884,-10.297924,-7.034053,2.1995766,-5.153263,-7.2392473,8.18533,-8.729978,5.715008,-2.5795875,0.4419118,4.8537593,3.42206,12.150746,-28.871809,58.99161,0.8877828,1.3202955,0.5266545,3.0192258,-10.351511,24.893656,54.321777,-11.262299,1.3704804,-0.7461077
554,7.777334690093994,337.581787109375,78.40019989013672,-0.744147725327273,-1.2579181972568152,91.19925105212236,2.1770139,7.024519,3.9345725,8.344813,-10.317081,-7.001763,2.2145445,-5.1569014,-7.2463965,8.193387,-8.73549,5.7152977,-2.5935273,0.45231616,4.853761,3.4367177,12.153371,-28.866974,58.985455,0.9246848,1.3091881,0.5230958,3.02729,-10.347859,24.877213,54.32908,-11.24223,1.3688767,-0.74610853
555,7.7794575691223145,337.5828857421875,78.39950561523438,-0.7421613490871861,-1.2711767072709401,91.2140056428968,2.1753304,7.0208635,3.9134343,8.372752,-10.336761,-6.97054,2.2322664,-5.1594543,-7.253593,8.200426,-8.740566,5.715502,-2.6015978,0.4639705,4.8559318,3.4491432,12.157479,-28.872164,58.980366,0.96228695,1.2962372,0.52038956,3.0386393,-10.343844,24.849375,54.333084,-11.226943,1.3667723,-0.7408926
556,7.783141136169434,337.5833435058594,78.4010238647461,-0.7429036377560861,-1.281936255873276,91.22653753299575,2.1758494,7.020286,3.8962245,8.38975,-10.347559,-6.9563136,2.2457747,-5.1596003,-7.2620745,8.206581,-8.745402,5.713399,-2.6030228,0.47339696,4.8575106,3.4550483,12.162525,-28.881092,58.979256,0.9850408,1.2911259,0.51434976,3.0490098,-10.340388,24.819452,54.333416,-11.218394,1.3650587,-0.7349943
557,7.786539077758789,337.5818176269531,78.40303802490234,-0.747709643873122,-1.2911856849647012,91.23593712468514,2.183284,7.0257215,3.885414,8.389383,-10.345349,-6.9697895,2.2581675,-5.154709,-7.2732177,8.206668,-8.747908,5.7071767,-2.6040013,0.48191038,4.85846,3.4583087,12.167384,-28.88407,58.980312,0.98960674,1.2983471,0.50244975,3.054184,-10.338021,24.796995,54.331745,-11.214969,1.3645,-0.729555
558,7.78795051574707,337.5808410644531,78.40553283691406,-0.7541770161461497,-1.3007663020917009,91.24333948309561,2.195942,7.0350413,3.8783083,8.378606,-10.335099,-7.0001917,2.2696853,-5.14653,-7.2858152,8.2059355,-8.750403,5.6984105,-2.6016996,0.4901607,4.862267,3.4596963,12.173343,-28.885166,58.98002,0.98615384,1.3123698,0.48619092,3.0572503,-10.33618,24.770584,54.326405,-11.2204075,1.363981,-0.72050714
559,7.788914680480957,337.5811462402344,78.4063491821289,-0.7606754066174544,-1.3064238960181664,91.24992952078672,2.2054904,7.0432377,3.8715389,8.364686,-10.3220215,-7.031702,2.2768943,-5.139012,-7.298136,8.204294,-8.752145,5.6900606,-2.604241,0.49673072,4.8613815,3.4604337,12.176242,-28.883604,58.984924,0.97766584,1.326218,0.47105235,3.0560236,-10.335809,24.757284,54.32428,-11.223049,1.3641421,-0.7132233
560,7.7915215492248535,337.5790100097656,78.40602111816406,-0.7625812211327707,-1.3047582734901646,91.2573982275642,2.203756,7.045089,3.8611681,8.353923,-10.31015,-7.0482917,2.2764583,-5.136419,-7.308874,8.201508,-8.751906,5.685159,-2.605056,0.49838597,4.8570685,3.4570374,12.183199,-28.884695,58.991665,0.97138965,1.3330784,0.45712265,3.052722,-10.335565,24.73996,54.323772,-11.226855,1.362574,-0.7040776
561,7.793123245239258,337.575927734375,78.4056167602539,-0.7568780258629537,-1.2900455692894885,91.26605403967181,2.1805372,7.0361705,3.8446758,8.352629,-10.301946,-7.041628,2.2614636,-5.1422853,-7.3170924,8.198159,-8.748517,5.6856623,-2.6083944,0.4924731,4.841365,3.4496274,12.188544,-28.891258,59.004936,0.9620044,1.3305876,0.4461791,3.045682,-10.335915,24.733253,54.32934,-11.225209,1.3592435,-0.6967316
562,7.7935991287231445,337.5750732421875,78.40817260742188,-0.7467628394262529,-1.2665725538100685,91.27514006500581,2.1454277,7.0202374,3.82484,8.351855,-10.292658,-7.0216274,2.2366257,-5.1535707,-7.3237324,8.193623,-8.742596,5.689601,-2.613336,0.48121604,4.8179626,3.4384737,12.19241,-28.899675,59.02501,0.9503941,1.3221792,0.43665484,3.0352006,-10.336443,24.73247,54.339714,-11.221886,1.3547018,-0.6898761
563,7.796053409576416,337.57037353515625,78.40469360351562,-0.7365834132700911,-1.2410308915242994,91.28436564122904,2.1055987,7.0043006,3.8046086,8.356193,-10.286221,-6.999495,2.208297,-5.165028,-7.3298693,8.192203,-8.738612,5.6939664,-2.615043,0.46856612,4.792514,3.4250839,12.201506,-28.917763,59.04602,0.93465585,1.3113456,0.43111432,3.0252848,-10.337568,24.733068,54.350136,-11.215305,1.3504587,-0.68398684
564,7.801181793212891,337.56488037109375,78.4037094116211,-0.7297838161783639,-1.2268559392799523,91.29192323931505,2.0823753,6.9951634,3.7895164,8.357423,-10.281222,-6.986606,2.1944692,-5.170797,-7.335271,8.187079,-8.734995,5.6958165,-2.6169746,0.46019548,4.7783766,3.418423,12.209382,-28.929247,59.059727,0.93135333,1.3032353,0.43286148,3.0177047,-10.338682,24.732914,54.356075,-11.21377,1.3504378,-0.6801065
565,7.806052207946777,337.5628356933594,78.40522766113281,-0.7302090829853647,-1.2306897013214433,91.298637893206,2.080842,6.995997,3.7786436,8.36059,-10.281874,-6.9883585,2.1986852,-5.168772,-7.340292,8.188174,-8.739659,5.694005,-2.6193378,0.45769688,4.7810097,3.4189584,12.214519,-28.933554,59.06943,0.9472066,1.2957418,0.4471341,3.0120819,-10.339502,24.731215,54.35771,-11.214571,1.3560688,-0.6780123
566,7.81035852432251,337.56158447265625,78.40499877929688,-0.7342750325891602,-1.2450694209661106,91.30502146912586,2.0936055,7.0025907,3.770189,8.3627205,-10.28555,-6.9979696,2.2161157,-5.1618876,-7.3452353,8.188149,-8.747251,5.6902437,-2.6222773,0.4585705,4.7935543,3.422785,12.218299,-28.934196,59.07857,0.9754929,1.2874053,0.47072977,3.006636,-10.340166,24.729164,54.358143,-11.217155,1.3653618,-0.67719257
567,7.814027309417725,337.56182861328125,78.40591430664062,-0.7391369757004499,-1.2594524362550519,91.30951659901113,2.1073954,7.011367,3.7660713,8.3647,-10.288696,-7.008191,2.2332475,-5.153603,-7.34913,8.187221,-8.7528515,5.6858244,-2.6240385,0.46153742,4.8085938,3.4282825,12.222989,-28.93269,59.079376,1.0043311,1.2829268,0.49312735,3.0005043,-10.341022,24.726034,54.357143,-11.225432,1.3751742,-0.6769856
568,7.816342353820801,337.56488037109375,78.40668487548828,-0.7415764048867508,-1.2598294534610788,91.31001938800324,2.1065156,7.018333,3.7688658,8.365966,-10.287433,-7.011819,2.2329395,-5.147879,-7.3504887,8.186201,-8.751872,5.682019,-2.6222856,0.46425003,4.812587,3.433767,12.232025,-28.931631,59.066208,1.0206177,1.2871048,0.5035996,2.9930146,-10.343159,24.721373,54.357685,-11.244034,1.3821697,-0.6776704
569,7.81872034072876,337.56640625,78.40837860107422,-0.7409753818422481,-1.238163748259597,91.30480291689267,2.082713,7.022335,3.7825112,8.366331,-10.279193,-7.0037637,2.2068155,-5.146454,-7.3486567,8.181736,-8.738156,5.679201,-2.6162963,0.46945733,4.7951827,3.4286149,12.233858,-28.934118,59.050793,1.0172646,1.3047462,0.49728528,2.986108,-10.343877,24.719711,54.362267,-11.27718,1.3860543,-0.6834971
570,7.819624900817871,337.5623474121094,78.41252136230469,-0.7386704997738585,-1.1986566717366653,91.2945049993374,2.0398467,7.0256243,3.8051205,8.366702,-10.2658415,-6.9889445,2.157631,-5.1469507,-7.3436303,8.178703,-8.717002,5.6765485,-2.603812,0.47760025,4.762081,3.4195442,12.236309,-28.941813,59.024715,1.0004747,1.3338377,0.47974804,2.975992,-10.3454685,24.71436,54.37247,-11.323647,1.3875445,-0.6918951
571,7.819851398468018,337.5565185546875,78.41593933105469,-0.7354889477557048,-1.158998335400215,91.28323795824949,1.9958941,7.029234,3.828632,8.3691025,-10.253932,-6.97499,2.1057692,-5.1476803,-7.3373075,8.1801195,-8.698373,5.6739264,-2.5810375,0.4851537,4.7289147,3.4095056,12.241438,-28.960754,58.995018,0.9771146,1.3625807,0.46255612,2.9730484,-10.350233,24.698393,54.376244,-11.370777,1.3878192,-0.69713616
572,7.820588111877441,337.5521240234375,78.41846466064453,-0.7353868137752434,-1.1402311644348198,91.2758109375953,1.9749854,7.0344796,3.844534,8.369228,-10.246514,-6.969623,2.0801046,-5.145361,-7.33298,8.177967,-8.686262,5.6711874,-2.5650373,0.4878171,4.715834,3.402167,12.244346,-28.968128,58.974037,0.963374,1.3784553,0.4558733,2.9703968,-10.35401,24.689604,54.3746,-11.401716,1.3897773,-0.69754565
573,7.823314666748047,337.5482177734375,78.41475677490234,-0.7376867905110422,-1.1493377810579646,91.2736378853651,1.9830623,7.0422397,3.849952,8.370507,-10.248203,-6.976678,2.0867863,-5.139053,-7.3307023,8.178047,-8.6883,5.6680775,-2.5557566,0.48249346,4.7266164,3.4005167,12.244991,-28.965847,58.966934,0.96250015,1.3755347,0.467411,2.9672353,-10.3551655,24.688976,54.370285,-11.410105,1.3946933,-0.6904221
574,7.825937747955322,337.5403137207031,78.41109466552734,-0.7428959836770301,-1.1770403326525891,91.27411465563704,2.0112135,7.0520883,3.8498294,8.370769,-10.254715,-6.9915547,2.1138494,-5.1298857,-7.329071,8.180275,-8.698896,5.664713,-2.5505831,0.47269502,4.756615,3.4024985,12.245669,-28.954199,58.964,0.96951777,1.360816,0.4887363,2.9614918,-10.356784,24.692665,54.362865,-11.404464,1.4007665,-0.6768159
575,7.82844877243042,337.538330078125,78.40831756591797,-0.7486592317836738,-1.2087018637255047,91.27522527738935,2.0435736,7.061786,3.8472724,8.37076,-10.26205,-7.008911,2.1465032,-5.1202397,-7.3278604,8.179999,-8.709549,5.661565,-2.5588443,0.46164152,4.7923913,3.4124622,12.24613,-28.919401,58.955963,0.98435795,1.3432932,0.50797206,2.950163,-10.359528,24.708616,54.355854,-11.393251,1.4064281,-0.6631564
576,7.833392143249512,337.5365295410156,78.40717315673828,-0.7518401006042675,-1.2286956975605172,91.27486131923034,2.0637686,7.0694,3.84529,8.369433,-10.264836,-7.0234075,2.1661177,-5.1125565,-7.3266625,8.179944,-8.715766,5.65897,-2.5581474,0.45509163,4.8145247,3.4204383,12.245801,-28.900055,58.94359,0.9871882,1.3337908,0.521231,2.9459054,-10.3602,24.71276,54.349968,-11.388466,1.4091262,-0.6561343
577,7.835468769073486,337.5409240722656,78.40592956542969,-0.7536705376887092,-1.2322991717206473,91.27169301947775,2.0689726,7.0737853,3.8457928,8.36422,-10.260682,-7.035486,2.1671627,-5.1076555,-7.32514,8.178693,-8.714242,5.6574674,-2.5618794,0.45388916,4.8252487,3.4324186,12.2437525,-28.85566,58.91395,0.9929372,1.3376243,0.5159718,2.9418547,-10.36111,24.711939,54.343132,-11.396373,1.4074551,-0.65586126
578,7.842260360717773,337.5368347167969,78.40789031982422,-0.7538771868836717,-1.2268016671958044,91.26722417826194,2.0664036,7.0763307,3.846607,8.355006,-10.251555,-7.0473123,2.158617,-5.104392,-7.3236966,8.175436,-8.708102,5.656778,-2.5597234,0.45555678,4.8270965,3.4436846,12.240281,-28.811123,58.878277,0.9949511,1.348865,0.5024047,2.9437642,-10.36152,24.70002,54.334473,-11.410353,1.4027004,-0.6603039
579,7.844104766845703,337.5328674316406,78.40957641601562,-0.7548296313851239,-1.2204201299497237,91.26265596908124,2.0606713,7.0785656,3.8459618,8.349312,-10.243674,-7.056377,2.1490679,-5.1009936,-7.3221765,8.172401,-8.700797,5.6559014,-2.5539598,0.4581429,4.825074,3.4483113,12.237777,-28.789505,58.85282,0.9811363,1.3572288,0.49230677,2.9500947,-10.361412,24.689152,54.325943,-11.418832,1.3973889,-0.6683989
580,7.847245216369629,337.5267028808594,78.41133117675781,-0.7563231283735925,-1.2201936636459398,91.2589462644829,2.0573275,7.081351,3.8426476,8.34942,-10.239861,-7.060001,2.1446073,-5.096632,-7.3200293,8.1722765,-8.694981,5.6540136,-2.5589433,0.46002832,4.832697,3.447489,12.234699,-28.773655,58.84261,0.9736988,1.3528687,0.48796487,2.9479651,-10.361192,24.67952,54.320747,-11.4342985,1.3926603,-0.6696409
581,7.8465895652771,337.52435302734375,78.41079711914062,-0.7579444338039798,-1.230459293993626,91.25692193671154,2.0582242,7.0844364,3.8324983,8.360546,-10.244201,-7.0526896,2.1499395,-5.0906334,-7.316826,8.176379,-8.691389,5.6499395,-2.579543,0.4612808,4.8528953,3.4364855,12.232978,-28.783827,58.859165,0.9564448,1.3276165,0.49654794,2.9322546,-10.361,24.681799,54.325096,-11.44902,1.3894771,-0.66646445
582,7.847357749938965,337.51531982421875,78.41027069091797,-0.760905093077464,-1.2466543638014367,91.25632427352299,2.058766,7.0874476,3.8168957,8.38078,-10.253438,-7.037481,2.1605546,-5.083651,-7.3133383,8.182445,-8.687611,5.644401,-2.5922809,0.4623755,4.8698187,3.4031982,12.229186,-28.85792,58.915775,0.9055746,1.2884113,0.5221948,2.917955,-10.3598,24.689127,54.339798,-11.451116,1.3875965,-0.66797966
583,7.85012674331665,337.50836181640625,78.40908813476562,-0.765442214881641,-1.263361824135322,91.25509170738809,2.0616596,7.0918474,3.8046277,8.399424,-10.262893,-7.024431,2.1716893,-5.076161,-7.3097363,8.188514,-8.684902,5.639602,-2.6190596,0.46322083,4.8945923,3.384264,12.229243,-28.90272,58.954563,0.8753509,1.248506,0.54352075,2.898131,-10.359247,24.700752,54.348606,-11.459576,1.385586,-0.66288537
584,7.852108955383301,337.5041809082031,78.40866088867188,-0.7687064945087052,-1.2755159777812446,91.25111473283647,2.0673041,7.0988855,3.8042836,8.408177,-10.267621,-7.0237675,2.1804821,-5.0682683,-7.3063307,8.189668,-8.68291,5.6375227,-2.6351354,0.46266717,4.912102,3.373529,12.229583,-28.928947,58.97898,0.8547774,1.219803,0.5623447,2.8883538,-10.358893,24.707659,54.349106,-11.461878,1.3830283,-0.6576173
585,7.854084491729736,337.5044860839844,78.40835571289062,-0.7744518341760108,-1.2819661435558847,91.24320502766146,2.0811236,7.111606,3.8243542,8.398667,-10.264963,-7.0444674,2.1885602,-5.0584536,-7.304447,8.179184,-8.680777,5.6404686,-2.6263888,0.46173534,4.9184203,3.3698559,12.229493,-28.958235,58.987335,0.82798374,1.2040957,0.585077,2.8964381,-10.35734,24.707853,54.33566,-11.447295,1.3808475,-0.653586
586,7.856630325317383,337.5035095214844,78.40802764892578,-0.7808481753685683,-1.2838031511360997,91.23272585281936,2.1001463,7.127877,3.8583126,8.375042,-10.256193,-7.0789366,2.1945734,-5.0475435,-7.3034577,8.162802,-8.679595,5.646775,-2.6162837,0.4606845,4.9236364,3.3809497,12.228434,-28.950207,58.97332,0.8220391,1.1963475,0.6033162,2.909212,-10.355754,24.700518,54.311142,-11.435661,1.3779746,-0.64319384
587,7.861701965332031,337.5032653808594,78.40837097167969,-0.7861014327969151,-1.2862818117141164,91.22155251021422,2.1199915,7.142896,3.8920069,8.351634,-10.247228,-7.112626,2.1998055,-5.0379505,-7.30098,8.148539,-8.67868,5.6526103,-2.6082006,0.45894173,4.9309607,3.394594,12.226448,-28.927505,58.95293,0.8355881,1.1949706,0.61655897,2.9203854,-10.35386,24.695501,54.28628,-11.426881,1.3749354,-0.6327498
588,7.864958763122559,337.49786376953125,78.40787506103516,-0.7877911425383213,-1.2938107032111852,91.21201667340195,2.1354635,7.151716,3.9110417,8.341278,-10.242664,-7.130942,2.205632,-5.0316453,-7.295101,8.144651,-8.678657,5.654165,-2.6076286,0.45625463,4.94336,3.4009116,12.224393,-28.905529,58.93912,0.87212217,1.1991546,0.6228715,2.9221258,-10.352259,24.700333,54.273144,-11.424892,1.3717072,-0.62746984
589,7.867941379547119,337.4925231933594,78.40865325927734,-0.7853155807223788,-1.3102962909559284,91.2054037974806,2.1451018,7.149166,3.9059358,8.352549,-10.246326,-7.1252465,2.2134497,-5.0320315,-7.2838492,8.156456,-8.679291,5.6493955,-2.6063883,0.4512424,4.9629917,3.3918293,12.223652,-28.90536,58.936806,0.9412665,1.2132317,0.6231498,2.9182386,-10.351718,24.71084,54.27125,-11.432694,1.3676502,-0.6283035
590,7.865571022033691,337.4967346191406,78.40655517578125,-0.7790550134583833,-1.335013880848837,91.1993295414141,2.1568882,7.1390676,3.8875508,8.372116,-10.252658,-7.104945,2.2238958,-5.03719,-7.2676787,8.180667,-8.682118,5.640699,-2.6071272,0.4420605,4.9883246,3.3705342,12.222611,-28.915684,58.9458,1.0335374,1.2361815,0.62058926,2.9089506,-10.351351,24.740038,54.27821,-11.438253,1.3643005,-0.6384783
591,7.870180130004883,337.4864196777344,78.4068603515625,-0.7725326450510006,-1.3564839443972454,91.19394217564938,2.1625154,7.130009,3.8675072,8.396324,-10.260733,-7.082385,2.23136,-5.041298,-7.2519293,8.203756,-8.68319,5.6308765,-2.6092632,0.43563125,5.0057154,3.3515046,12.221757,-28.933035,58.9565,1.1137286,1.2592372,0.6161639,2.902144,-10.351658,24.774443,54.289234,-11.438795,1.3619757,-0.6538559
592,7.87416934967041,337.4756164550781,78.4072265625,-0.7717107626210699,-1.366926325321457,91.18833311462042,2.1628044,7.1295323,3.8594337,8.411738,-10.264935,-7.069922,2.2315338,-5.0395374,-7.240331,8.21615,-8.680705,5.622792,-2.6077921,0.43656623,5.015957,3.3404922,12.221624,-28.940193,58.9567,1.1624192,1.2741022,0.60521424,2.9022708,-10.351823,24.783903,54.294086,-11.446783,1.3591601,-0.66378945
593,7.874776363372803,337.4718017578125,78.4085693359375,-0.7774400144884323,-1.3585815931837828,91.1817024300417,2.1514702,7.1435256,3.8695533,8.415737,-10.263702,-7.0715504,2.2183692,-5.0274034,-7.233937,8.212375,-8.671911,5.6176295,-2.6042573,0.44839308,5.003494,3.3369925,12.220533,-28.948328,58.95504,1.14828,1.2786838,0.58973336,2.914887,-10.351515,24.784632,54.295918,-11.446026,1.3583648,-0.6798768
594,7.875914096832275,337.4698486328125,78.40997314453125,-0.7885623673062329,-1.3368823586380276,91.1750896774531,2.131289,7.1661434,3.8896239,8.412255,-10.258857,-7.080406,2.1956632,-5.0090365,-7.231032,8.19705,-8.65755,5.6138105,-2.6006894,0.46892625,4.9795055,3.3414595,12.21951,-28.946703,58.94391,1.1048944,1.2774009,0.56601727,2.9312503,-10.350546,24.768589,54.297607,-11.450888,1.3574643,-0.6949288
595,7.878562927246094,337.46771240234375,78.41129302978516,-0.798993885200874,-1.3215157703262523,91.1694081992458,2.119567,7.189184,3.911766,8.40707,-10.254311,-7.0927196,2.1820672,-4.990662,-7.230685,8.179835,-8.645577,5.60987,-2.5990498,0.48675328,4.9629874,3.3467762,12.21814,-28.942125,58.935608,1.0473661,1.2710514,0.54538,2.9438372,-10.348803,24.751904,54.301445,-11.448252,1.357046,-0.7087521
596,7.881954193115234,337.46630859375,78.41141510009766,-0.8059134157364067,-1.316676343181538,91.16152235134358,2.11706,7.206132,3.9318192,8.405213,-10.2520075,-7.104973,2.1745028,-4.977464,-7.227617,8.173608,-8.641583,5.6036825,-2.5922344,0.49567208,4.954819,3.3507974,12.216759,-28.936874,58.935867,1.0017269,1.2611835,0.52903956,2.9623146,-10.346229,24.732882,54.296963,-11.448389,1.3565598,-0.7141464
597,7.88554573059082,337.46356201171875,78.41261291503906,-0.8068257829402414,-1.3475541430507672,91.15418003081663,2.1526537,7.2118087,3.9463968,8.406348,-10.2555485,-7.1194963,2.2009966,-4.974169,-7.2254815,8.183785,-8.655122,5.5945916,-2.588043,0.48554862,4.982445,3.3513267,12.215836,-28.928183,58.95319,0.9655336,1.2416433,0.5262072,2.9725173,-10.342975,24.726322,54.29197,-11.4350605,1.3566177,-0.7113621
598,7.890935897827148,337.46051025390625,78.41102600097656,-0.8041481915692901,-1.3987826785286406,91.14646657804775,2.211124,7.2118173,3.959682,8.407814,-10.261942,-7.1372194,2.246645,-4.9761853,-7.2240524,8.204322,-8.68054,5.58352,-2.5894222,0.4649317,5.028789,3.3561473,12.215736,-28.914246,58.977333,0.92657816,1.2143219,0.53164685,2.9793906,-10.339464,24.734304,54.285107,-11.408806,1.357882,-0.70425594
599,7.8948540687561035,337.4529113769531,78.40813446044922,-0.7998082692058239,-1.444315566333371,91.13957320990342,2.2600284,7.2100368,3.9703414,8.412311,-10.268061,-7.151644,2.283804,-4.9795065,-7.2217054,8.227277,-8.704269,5.572317,-2.592423,0.44255495,5.0696115,3.3626766,12.216202,-28.899553,58.998844,0.89297944,1.1906356,0.5398436,2.9838297,-10.336588,24.744944,54.27961,-11.378041,1.3587389,-0.6953293
600,7.899050235748291,337.4493713378906,78.40462493896484,-0.7970598380181585,-1.4718095194941183,91.1330236508792,2.2886236,7.210405,3.9797492,8.413122,-10.268666,-7.156744,2.3044424,-4.9798317,-7.215481,8.23895,-8.713027,5.563205,-2.6031091,0.4236426,5.0990086,3.3684208,12.217267,-28.873335,59.009083,0.87604135,1.1790127,0.54496574,2.9791307,-10.332764,24.761847,54.278053,-11.345254,1.3597482,-0.6898225
601,7.90178108215332,337.4377136230469,78.40640258789062,-0.7972098473894544,-1.4570351314333734,91.12866536554668,2.2637079,7.2148814,3.9843714,8.4179125,-10.2632,-7.146735,2.2785723,-4.9751673,-7.2044754,8.240699,-8.699291,5.556982,-2.608294,0.41559288,5.0919514,3.3680305,12.218346,-28.855436,59.002922,0.875687,1.1901786,0.5477705,2.976857,-10.329365,24.76721,54.27479,-11.314309,1.3591105,-0.6867072
602,7.904484272003174,337.42913818359375,78.4069595336914,-0.7986378196941297,-1.4212523585998837,91.12558956928333,2.2122808,7.220347,3.9859045,8.423574,-10.25368,-7.1269236,2.2312028,-4.968649,-7.1901817,8.234895,-8.672111,5.5525355,-2.611444,0.41191864,5.068712,3.3634336,12.21916,-28.84145,58.988255,0.8884194,1.2143836,0.55041957,2.9723785,-10.326944,24.766457,54.272034,-11.282986,1.3575066,-0.68435186
