Frame,root_translateX,root_translateY,root_translateZ,root_rotateX,root_rotateY,root_rotateZ,left_hip_pitch_joint_dof,left_hip_roll_joint_dof,left_hip_yaw_joint_dof,left_knee_joint_dof,left_ankle_pitch_joint_dof,left_ankle_roll_joint_dof,right_hip_pitch_joint_dof,right_hip_roll_joint_dof,right_hip_yaw_joint_dof,right_knee_joint_dof,right_ankle_pitch_joint_dof,right_ankle_roll_joint_dof,waist_yaw_joint_dof,waist_roll_joint_dof,waist_pitch_joint_dof,left_shoulder_pitch_joint_dof,left_shoulder_roll_joint_dof,left_shoulder_yaw_joint_dof,left_elbow_joint_dof,left_wrist_roll_joint_dof,left_wrist_pitch_joint_dof,left_wrist_yaw_joint_dof,right_shoulder_pitch_joint_dof,right_shoulder_roll_joint_dof,right_shoulder_yaw_joint_dof,right_elbow_joint_dof,right_wrist_roll_joint_dof,right_wrist_pitch_joint_dof,right_wrist_yaw_joint_dof
0,-1.8568711280822754,-0.024673618376255035,78.73028564453125,0.08970965263786783,1.5951668316115641,0.6583874285447969,-1.4558462,3.3774688,4.9346776,10.35941,-10.472825,-2.8413155,-2.0941508,-2.7888753,-3.3683896,10.322324,-10.351987,3.0870707,-3.5606256,-0.54522705,6.7928667,-3.821093,14.862175,-34.79641,59.389687,-2.2768757,3.3654168,8.469015,-4.9455094,-10.067662,31.929176,59.300922,-2.0590892,1.0804143,-12.545904
1,-1.8434215784072876,-0.03381507098674774,78.72634887695312,0.08090705956930641,1.5721956644596211,0.6513540688881262,-1.4215322,3.4015818,4.938891,10.378642,-10.523965,-2.845697,-2.0487993,-2.767012,-3.3721714,10.310995,-10.362446,3.0733297,-3.5697706,-0.55560595,6.7739663,-3.6750386,14.887469,-34.897594,59.675167,-2.5138736,3.4085755,8.439431,-4.881164,-10.061635,31.943188,59.43924,-2.0497253,1.081322,-12.539247
2,-1.8322428464889526,-0.043258048593997955,78.72330474853516,0.07191731160707893,1.5484833635541928,0.6431741807523946,-1.3849242,3.4263399,4.943862,10.395781,-10.5772505,-2.8504915,-2.0022197,-2.7444577,-3.3753598,10.298919,-10.373013,3.0591319,-3.5560362,-0.57176405,6.7554665,-3.5323613,14.930834,-35.03523,59.948833,-2.7721083,3.4584277,8.41032,-4.802231,-10.054573,31.931526,59.567272,-2.0499542,1.0812045,-12.531742
3,-1.815136194229126,-0.04880132898688316,78.7232666015625,0.06354871046052996,1.5262124600297706,0.6372665343668255,-1.3529296,3.449494,4.947498,10.416133,-10.625469,-2.854506,-1.9582942,-2.7235706,-3.3794553,10.28793,-10.382926,3.0458975,-3.5463707,-0.5879373,6.739138,-3.3858,14.975617,-35.163155,60.218742,-3.0159347,3.4993963,8.38219,-4.7243114,-10.049794,31.92455,59.690907,-2.0394106,1.0820303,-12.523672
4,-1.8021633625030518,-0.05374624580144882,78.72212219238281,0.05652168489323502,1.5077566406783551,0.6371041017921014,-1.3325384,3.4691608,4.947637,10.443135,-10.659379,-2.8566628,-1.9216872,-2.706582,-3.385803,10.280579,-10.39152,3.0348563,-3.5475452,-0.60105133,6.721481,-3.2413666,15.004212,-35.27156,60.50568,-3.225429,3.516339,8.3598385,-4.6510606,-10.047897,31.933683,59.815487,-2.0004575,1.085235,-12.51682
5,-1.794890284538269,-0.06076541170477867,78.72124481201172,0.05159221489813399,1.4921668724254609,0.6477454085631276,-1.3285426,3.4829745,4.9409504,10.484172,-10.673191,-2.853731,-1.8904195,-2.6962504,-3.3979113,10.275582,-10.397183,3.027525,-3.5584118,-0.61425245,6.706234,-3.0994823,15.022071,-35.370075,60.809006,-3.3983362,3.5012655,8.347692,-4.581873,-10.047388,31.95436,59.94229,-1.9109684,1.0804926,-12.510363
6,-1.784035325050354,-0.06640663743019104,78.72077178955078,0.048586669691768475,1.4793724521877996,0.6661105139658875,-1.3356725,3.4924788,4.929444,10.533137,-10.671508,-2.8473115,-1.864755,-2.6908295,-3.4137442,10.274141,-10.401347,3.0227697,-3.5443761,-0.63796204,6.687729,-2.9561057,15.065653,-35.52479,61.10237,-3.5792503,3.4659312,8.346906,-4.4892716,-10.04699,31.962763,60.052425,-1.7803824,1.0698894,-12.507503
7,-1.7773149013519287,-0.07522422075271606,78.72098541259766,0.045670452776918224,1.4707229264796786,0.6827014029114221,-1.3480195,3.5015392,4.919471,10.580755,-10.666124,-2.8434205,-1.8464024,-2.6854959,-3.426983,10.274481,-10.405182,3.0182705,-3.5409844,-0.65927774,6.6734743,-2.8021107,15.107822,-35.63621,61.38191,-3.7233934,3.421766,8.339968,-4.4071975,-10.04732,31.977144,60.157467,-1.6636194,1.0748618,-12.502799
8,-1.7736742496490479,-0.08701875060796738,78.7208023071289,0.04152995343425817,1.4683003238486507,0.6882180786363141,-1.3586729,3.5137658,4.9174323,10.614929,-10.667175,-2.8481796,-1.8381101,-2.6754777,-3.430742,10.2751465,-10.409667,3.011594,-3.5351439,-0.67429924,6.6546025,-2.647412,15.132765,-35.70247,61.659664,-3.8338776,3.3815713,8.321505,-4.331628,-10.04785,31.989246,60.255795,-1.6042287,1.1161407,-12.498747
9,-1.7712666988372803,-0.09369225054979324,78.71806335449219,0.03618436664657967,1.475002744859055,0.6778009984355223,-1.3674383,3.530218,4.9268837,10.629147,-10.675872,-2.8668563,-1.8453153,-2.6592112,-3.4202592,10.277467,-10.416251,3.0023131,-3.5187507,-0.68243736,6.6431136,-2.510752,15.136588,-35.7073,61.947044,-3.8958833,3.3429613,8.282114,-4.275962,-10.048219,31.983814,60.34453,-1.6436888,1.2193474,-12.494079
10,-1.7693873643875122,-0.10556050390005112,78.71720886230469,0.02979446304666536,1.4923589429449313,0.6573484643055303,-1.3822448,3.5491927,4.9436617,10.634032,-10.688636,-2.8950832,-1.8690004,-2.6390452,-3.4003193,10.282742,-10.424253,2.99152,-3.48035,-0.6910116,6.603133,-2.327377,15.155524,-35.701847,62.19586,-3.9284852,3.301428,8.233757,-4.1780386,-10.048849,31.955359,60.39703,-1.757635,1.37081,-12.488251
11,-1.7617000341415405,-0.1177317202091217,78.716796875,0.022871766130409265,1.5090001206902544,0.6330587931258821,-1.3941684,3.569643,4.9629083,10.636299,-10.705701,-2.9242716,-1.8928777,-2.6171463,-3.3777204,10.288086,-10.4322,2.9795952,-3.443359,-0.6978965,6.576316,-2.162879,15.169182,-35.679016,62.438103,-3.9572115,3.2679036,8.182457,-4.1013494,-10.04926,31.93199,60.45297,-1.8644398,1.5178903,-12.483884
12,-1.752616286277771,-0.1253022700548172,78.71581268310547,0.015578446720881935,1.5182228962071054,0.6112640898226462,-1.4005735,3.5908167,4.9797983,10.646417,-10.729066,-2.945736,-1.9064865,-2.5954719,-3.3592632,10.291816,-10.438375,2.9666834,-3.413464,-0.7054188,6.5529547,-2.0018656,15.185156,-35.673805,62.652584,-4.015948,3.2532542,8.142231,-4.033211,-10.049929,31.929125,60.518955,-1.8974878,1.6143202,-12.482697
13,-1.7460620403289795,-0.13090087473392487,78.71514129638672,0.005788759799834513,1.5158765462951997,0.5930896624517263,-1.3999292,3.6155827,4.9920754,10.672764,-10.768412,-2.9580486,-1.9037299,-2.5714684,-3.3475304,10.293737,-10.4443865,2.9491282,-3.39264,-0.7114765,6.53119,-1.8433707,15.207627,-35.71298,62.830673,-4.1347203,3.2703006,8.121412,-3.97306,-10.051471,31.963446,60.599716,-1.8057774,1.640334,-12.491462
14,-1.7418004274368286,-0.13659650087356567,78.71326446533203,-0.005554412096087424,1.5069350392574723,0.5752881365424332,-1.3942474,3.6433332,5.002692,10.707767,-10.819528,-2.965562,-1.8924237,-2.5451396,-3.338507,10.295532,-10.450646,2.9280283,-3.3727782,-0.7189143,6.510977,-1.6879381,15.240044,-35.781643,62.978024,-4.29253,3.3096151,8.110411,-3.9167235,-10.053994,32.020042,60.685024,-1.635604,1.6230338,-12.506479
15,-1.7394572496414185,-0.14176560938358307,78.71040344238281,-0.01513896185414254,1.4973046909659344,0.5579055491864838,-1.3879042,3.6682544,5.0142474,10.741683,-10.865345,-2.968399,-1.8806536,-2.5220287,-3.3298216,10.297642,-10.454903,2.9108245,-3.3527582,-0.7302722,6.494007,-1.5236906,15.286842,-35.845524,63.09049,-4.450862,3.3519642,8.101935,-3.8591022,-10.058005,32.07523,60.76284,-1.4632494,1.5880902,-12.519686
16,-1.7386033535003662,-0.14834275841712952,78.71060180664062,-0.019478289159993434,1.4929986729536482,0.5408772483133734,-1.3862724,3.6851323,5.029109,10.766964,-10.889567,-2.966847,-1.8764945,-2.5074537,-3.3185902,10.299608,-10.453965,2.9048002,-3.330677,-0.74390894,6.47669,-1.3590938,15.3258095,-35.869576,63.199013,-4.5666213,3.377691,8.090238,-3.7978508,-10.061551,32.10562,60.831314,-1.3636839,1.5605801,-12.5231905
17,-1.7394447326660156,-0.15083134174346924,78.70996856689453,-0.014573981827519865,1.4959921676575967,0.5243558834346611,-1.3916852,3.6882238,5.0504203,10.780722,-10.879345,-2.955262,-1.8845326,-2.5079818,-3.3035843,10.305349,-10.446024,2.9194102,-3.3082983,-0.76661336,6.4621315,-1.1738508,15.375841,-35.836346,63.27661,-4.6290774,3.3817203,8.073267,-3.728148,-10.066363,32.105175,60.87995,-1.3632721,1.5460918,-12.512835
18,-1.731048583984375,-0.15795931220054626,78.712646484375,-0.003329968383875275,1.5028600621859958,0.5083180755529042,-1.4015427,3.681914,5.075963,10.787955,-10.846284,-2.9353812,-1.8992313,-2.5191147,-3.286456,10.312673,-10.432399,2.9482946,-3.2817826,-0.7910196,6.4438515,-0.9973101,15.405629,-35.772778,63.36485,-4.658131,3.3718717,8.058072,-3.6542766,-10.069745,32.08112,60.926056,-1.4222395,1.5314169,-12.494522
19,-1.7259232997894287,-0.16588997840881348,78.71487426757812,0.007302522235872908,1.511773025619618,0.4924712066217851,-1.4116391,3.675394,5.100516,10.789632,-10.8098345,-2.9185283,-1.9157903,-2.5294464,-3.2690465,10.318145,-10.418769,2.9750443,-3.2551131,-0.8130651,6.42526,-0.8243412,15.430008,-35.69359,63.44546,-4.667597,3.356908,8.040975,-3.5820255,-10.072925,32.05237,60.96803,-1.5053663,1.5142908,-12.473696
20,-1.7314937114715576,-0.17247670888900757,78.7136001586914,0.011039835655262226,1.5210506684981036,0.47650174376070914,-1.4180497,3.6776016,5.1188707,10.786661,-10.789256,-2.9158463,-1.9294071,-2.5284348,-3.2529795,10.317638,-10.410152,2.9835627,-3.2285779,-0.8283506,6.4064183,-0.6647154,15.451294,-35.620415,63.523174,-4.6732388,3.343963,8.019257,-3.5183291,-10.076139,32.035133,61.011326,-1.5767136,1.4921116,-12.4562025
21,-1.733298420906067,-0.17767463624477386,78.7122573852539,0.00427279263162132,1.5320365352926237,0.46020980162006797,-1.4201274,3.6924467,5.1272454,10.775289,-10.790549,-2.9350393,-1.940046,-2.5100582,-3.2390776,10.307682,-10.408678,2.96461,-3.1875165,-0.8306143,6.3816543,-0.53151965,15.458398,-35.57981,63.614563,-4.6807094,3.3324084,7.9956446,-3.4607408,-10.077457,32.026688,61.064537,-1.643098,1.4518404,-12.446115
22,-1.730839729309082,-0.18343104422092438,78.7112045288086,-0.008737087649344779,1.545235757260115,0.44364310432002746,-1.4195715,3.714381,5.129482,10.7558975,-10.802917,-2.9686317,-1.9518291,-2.481401,-3.2259018,10.295493,-10.413574,2.9283493,-3.1852214,-0.82882804,6.368695,-0.35363072,15.497036,-35.46634,63.631214,-4.6470613,3.321852,7.9572306,-3.4289644,-10.084401,32.05763,61.11496,-1.7221328,1.399805,-12.4329605
23,-1.7270375490188599,-0.18875519931316376,78.7100601196289,-0.02372209981518695,1.5567647124181636,0.4275260114144804,-1.4174577,3.7391174,5.1307006,10.737627,-10.821019,-3.0049934,-1.9598557,-2.4499161,-3.2137508,10.279106,-10.418242,2.887948,-3.166114,-0.82580096,6.354042,-0.20213822,15.529747,-35.389507,63.65649,-4.6291842,3.3145566,7.9215317,-3.388736,-10.088678,32.073997,61.152615,-1.7808814,1.3604511,-12.422529
24,-1.7229673862457275,-0.19602468609809875,78.71115112304688,-0.036235395884279535,1.5630249228984505,0.41252450733787943,-1.4130841,3.7616386,5.1361423,10.725917,-10.837325,-3.0325527,-1.9601649,-2.4231586,-3.2022817,10.260362,-10.418799,2.8566937,-3.1445825,-0.82523966,6.3423653,-0.07265933,15.553209,-35.330933,63.68694,-4.6282444,3.3157368,7.89091,-3.3427885,-10.090088,32.07134,61.170727,-1.7967862,1.3596406,-12.411772
25,-1.7224235534667969,-0.20143818855285645,78.71187591552734,-0.04705285461990178,1.5596927648836012,0.3968507363395231,-1.4017605,3.7842047,5.1500406,10.722473,-10.85439,-3.0501108,-1.9488065,-2.4000313,-3.190381,10.241169,-10.416602,2.8326883,-3.1294644,-0.8277188,6.3393693,0.04676074,15.576724,-35.284607,63.700752,-4.655279,3.3316596,7.866677,-3.2892222,-10.088105,32.051212,61.15214,-1.7233768,1.4193814,-12.397856
26,-1.7205688953399658,-0.20722733438014984,78.71261596679688,-0.05796256337722425,1.5499215627902945,0.3808340301497973,-1.3855349,3.808284,5.168571,10.724777,-10.8749895,-3.0632927,-1.9283284,-2.377603,-3.1783507,10.219271,-10.412528,2.81065,-3.1151419,-0.82779884,6.337468,0.13903487,15.583091,-35.263805,63.728313,-4.710689,3.356136,7.849815,-3.2320294,-10.086166,32.02757,61.113224,-1.5773444,1.5209574,-12.385942
27,-1.7218023538589478,-0.21104300022125244,78.7132568359375,-0.06594752331040406,1.540953778948892,0.368254935456784,-1.3732202,3.8279455,5.185215,10.729939,-10.890626,-3.0705059,-1.9060137,-2.360249,-3.1691358,10.192144,-10.402881,2.7987282,-3.1025145,-0.83109397,6.337068,0.2312338,15.593275,-35.23434,63.739166,-4.7498026,3.3834941,7.83134,-3.1717134,-10.082548,31.989948,61.066402,-1.4617256,1.6300095,-12.374245
28,-1.7241746187210083,-0.21421192586421967,78.71312713623047,-0.06806821850879667,1.5393026952238928,0.36274758954282704,-1.3732122,3.8371253,5.193553,10.736261,-10.894126,-3.0702884,-1.8891901,-2.352644,-3.164951,10.158123,-10.3841305,2.8048632,-3.0878944,-0.8503276,6.347597,0.33814412,15.650082,-35.187824,63.697014,-4.755803,3.4081414,7.8005548,-3.1312969,-10.06294,31.938192,61.041542,-1.4603187,1.7090296,-12.36509
29,-1.7262680530548096,-0.21670770645141602,78.71212768554688,-0.06071024119454876,1.5497095367183478,0.36786332818074574,-1.3922455,3.829733,5.1899,10.742587,-10.875356,-3.0584285,-1.8781303,-2.3605344,-3.1681788,10.106822,-10.347391,2.8441455,-3.0744183,-0.8680035,6.3426447,0.41753095,15.677144,-35.138123,63.6992,-4.7218246,3.4194052,7.765735,-3.0937269,-10.051879,31.910686,61.04894,-1.6185018,1.7577298,-12.373858
30,-1.7282558679580688,-0.22364772856235504,78.71359252929688,-0.04625958731217714,1.5675423266195874,0.3807166526379659,-1.4250493,3.8104692,5.1783233,10.752757,-10.842714,-3.0369804,-1.869841,-2.3801928,-3.176966,10.043267,-10.297375,2.9079323,-3.061674,-0.8882992,6.333461,0.48214376,15.695564,-35.079067,63.712868,-4.654832,3.424255,7.7253327,-3.05959,-10.042948,31.886295,61.07164,-1.8891782,1.7920767,-12.391809
31,-1.7311334609985352,-0.22784264385700226,78.71513366699219,-0.0317994319378552,1.5863109745596298,0.3958155608098067,-1.4613361,3.7901669,5.163851,10.765019,-10.810901,-3.013654,-1.864607,-2.400476,-3.1878588,9.983418,-10.249241,2.969088,-3.0539253,-0.90508926,6.3255005,0.53728,15.709292,-35.02319,63.723297,-4.5880914,3.4278789,7.6907687,-3.0366542,-10.035046,31.869732,61.100746,-2.1509445,1.8068159,-12.4076
32,-1.7338067293167114,-0.23070938885211945,78.71528625488281,-0.024298559883731967,1.6000852897453075,0.407262387270451,-1.4908577,3.7798042,5.151761,10.778949,-10.795898,-2.9961462,-1.8645749,-2.410761,-3.1971297,9.946248,-10.219411,3.0005484,-3.0530756,-0.9172761,6.321966,0.58345586,15.72564,-34.985413,63.724808,-4.5580406,3.4326982,7.67151,-3.0275743,-10.0243635,31.865665,61.123913,-2.2812815,1.7969102,-12.411164
33,-1.7360280752182007,-0.23115228116512299,78.7140884399414,-0.026188880116407305,1.6071328226583024,0.41213539724182796,-1.51229,3.7828293,5.1446314,10.797262,-10.806944,-2.9826407,-1.8726034,-2.4076228,-3.20324,9.940212,-10.214269,2.9899774,-3.0508652,-0.9174136,6.3239655,0.6000252,15.72896,-34.987965,63.738613,-4.5869493,3.438383,7.676821,-3.023477,-10.022078,31.867199,61.121994,-2.2130487,1.7532151,-12.393853
34,-1.739984393119812,-0.23003476858139038,78.71204376220703,-0.03464233855240626,1.6123113879392819,0.4145703404320665,-1.5353727,3.794946,5.138156,10.82559,-10.836913,-2.970544,-1.8883393,-2.3953884,-3.2092266,9.954251,-10.224297,2.9532235,-3.0536666,-0.9115631,6.324517,0.6131203,15.736878,-35.01712,63.73855,-4.6559124,3.4458075,7.699653,-3.0359514,-10.017124,31.881874,61.124786,-2.0176485,1.6760532,-12.363388
35,-1.7461532354354858,-0.22816495597362518,78.71188354492188,-0.0453586872945802,1.6138405912892313,0.41743922442602543,-1.5514848,3.8097708,5.1308193,10.847943,-10.867684,-2.965559,-1.9035262,-2.3801303,-3.2155,9.976115,-10.241704,2.9063888,-3.055451,-0.9042748,6.3301086,0.61345017,15.743895,-35.056435,63.73495,-4.732513,3.4528103,7.727416,-3.0503385,-10.012835,31.89891,61.11961,-1.7971057,1.5917479,-12.332001
36,-1.7514519691467285,-0.22943991422653198,78.71197509765625,-0.05656800179606153,1.6121819385842306,0.42483753479969777,-1.561637,3.824041,5.118988,10.862616,-10.887927,-2.9739108,-1.9102328,-2.3650157,-3.2242346,9.989548,-10.256211,2.864997,-3.0496109,-0.8998702,6.338247,0.60446143,15.755629,-35.102425,63.727364,-4.790909,3.4584572,7.7500925,-3.0561652,-10.004991,31.91305,61.109493,-1.6463718,1.5204251,-12.312204
37,-1.7530230283737183,-0.2352180927991867,78.7138671875,-0.07177855950743602,1.6044366368674614,0.43809055610484704,-1.5581186,3.842075,5.0996814,10.860797,-10.893694,-3.0086172,-1.9051023,-2.344806,-3.2358606,9.996377,-10.273206,2.8208632,-3.049881,-0.8891276,6.3600807,0.5895052,15.757864,-35.1112,63.715794,-4.7922173,3.4630766,7.7626657,-3.0571816,-10.003039,31.917763,61.088627,-1.616237,1.4601475,-12.30259
38,-1.7576287984848022,-0.23961299657821655,78.7175064086914,-0.0916179925997376,1.591195619693557,0.45535246806035995,-1.5460044,3.8650515,5.0748463,10.852463,-10.894651,-3.0628126,-1.8898386,-2.3188522,-3.2498834,9.996707,-10.2917185,2.7696357,-3.0474463,-0.87906176,6.3886566,0.55900466,15.763995,-35.127827,63.705807,-4.7820144,3.4671354,7.773817,-3.055655,-9.9956875,31.927721,61.063942,-1.6328315,1.4005847,-12.30508
39,-1.7678509950637817,-0.24192100763320923,78.72055053710938,-0.10647246942543682,1.5787956225489592,0.474372173320198,-1.5344319,3.881104,5.0505056,10.840798,-10.887988,-3.1119306,-1.8756776,-2.3004143,-3.2647398,9.997162,-10.306669,2.7331686,-3.0454404,-0.8700827,6.417788,0.5268707,15.76615,-35.13392,63.683125,-4.7594686,3.4691403,7.781225,-3.0573628,-9.991363,31.935661,61.038174,-1.6654989,1.35508,-12.306052
40,-1.7747293710708618,-0.24325037002563477,78.72176361083984,-0.10794599210532727,1.5722744079901818,0.4937134708931988,-1.5325978,3.8798413,5.0314894,10.8314705,-10.871805,-3.1318288,-1.8648794,-2.3011742,-3.2807014,9.988886,-10.30464,2.7332985,-3.041865,-0.8741124,6.4444346,0.48083156,15.767694,-35.136597,63.65711,-4.7433004,3.465396,7.7820926,-3.0656364,-9.983981,31.94885,61.011337,-1.6677104,1.3362957,-12.301229
41,-1.784440517425537,-0.23992177844047546,78.72054290771484,-0.08690309423878632,1.5759085085593771,0.5133096686429746,-1.5483508,3.8494594,5.0217757,10.828116,-10.839335,-3.1060572,-1.8623632,-2.3344157,-3.2974138,9.969645,-10.2754545,2.7984362,-3.0356565,-0.89652365,6.462486,0.4291743,15.767183,-35.127266,63.621502,-4.7322793,3.453243,7.769181,-3.0834715,-9.975747,31.96653,60.9875,-1.6141241,1.3597871,-12.280812
42,-1.7931901216506958,-0.23869416117668152,78.71870422363281,-0.05006112530419087,1.5859095793779419,0.5341250028003681,-1.5739123,3.7985048,5.017663,10.825146,-10.792636,-3.0509317,-1.8625714,-2.3902586,-3.3153265,9.939015,-10.225761,2.909323,-3.036838,-0.9319155,6.475688,0.37418383,15.763031,-35.096783,63.57845,-4.7167907,3.4342387,7.7456627,-3.1160886,-9.962152,31.997622,60.972378,-1.5301043,1.414635,-12.252439
43,-1.7972488403320312,-0.2382698506116867,78.71757507324219,-0.013127283186806829,1.5959666345556633,0.5551823170595348,-1.6012377,3.7472012,5.0133247,10.825313,-10.749285,-2.9909108,-1.8663094,-2.4467146,-3.33389,9.915288,-10.179873,3.0165112,-3.046947,-0.96630585,6.4875517,0.3142635,15.752896,-35.059902,63.529293,-4.6997976,3.4146533,7.7280607,-3.1647084,-9.940951,32.041237,60.973248,-1.455595,1.4732666,-12.230025
44,-1.803159475326538,-0.23597395420074463,78.71517181396484,0.008614102889331673,1.600504522391817,0.5753911331767302,-1.6219221,3.7151587,5.003156,10.830127,-10.726152,-2.95063,-1.8723402,-2.4818504,-3.351903,9.91141,-10.158684,3.07045,-3.0411787,-0.9846126,6.5096498,0.24685065,15.749905,-35.05906,63.452858,-4.6889014,3.403603,7.7319922,-3.1951659,-9.935856,32.06086,60.948936,-1.4408846,1.510099,-12.220655
45,-1.8083502054214478,-0.23447176814079285,78.71517181396484,0.008508731441584113,1.5964916178258841,0.5941667049872302,-1.633572,3.7115839,4.984865,10.843995,-10.734729,-2.9349568,-1.8840357,-2.486209,-3.369517,9.942201,-10.17728,3.0428245,-3.0493104,-0.98249567,6.5427957,0.16626534,15.746505,-35.077023,63.36545,-4.6887693,3.4013724,7.7637544,-3.250333,-9.930795,32.099216,60.950153,-1.5051317,1.5122278,-12.241663
46,-1.8138399124145508,-0.2309310883283615,78.71505737304688,-0.004571085205040164,1.588169753446715,0.6117455211030095,-1.6417687,3.7250173,4.9619823,10.865623,-10.764047,-2.9315054,-1.9012127,-2.472366,-3.3868265,9.995639,-10.220096,2.9649448,-3.065435,-0.9671317,6.5711718,0.081817776,15.73689,-35.12561,63.269863,-4.7085476,3.4059386,7.821909,-3.3178966,-9.917377,32.166874,60.974686,-1.6123059,1.497316,-12.290271
47,-1.8220120668411255,-0.22526252269744873,78.715087890625,-0.021714887698073223,1.577636537162564,0.6303546762162694,-1.6453471,3.7425883,4.936171,10.883632,-10.795312,-2.9381607,-1.9163715,-2.4533732,-3.404796,10.051431,-10.268304,2.8775833,-3.0772192,-0.9481731,6.602684,-0.009876524,15.726234,-35.172615,63.16812,-4.718062,3.4096572,7.8858523,-3.385042,-9.904212,32.21512,60.994938,-1.7258285,1.4746567,-12.335547
48,-1.8288593292236328,-0.22264905273914337,78.71632385253906,-0.033825506884127665,1.5667493074177077,0.6518047426838779,-1.6436138,3.7518709,4.9093566,10.888483,-10.810659,-2.9529338,-1.92188,-2.442153,-3.4243174,10.088941,-10.302622,2.821373,-3.0861878,-0.9348237,6.6369815,-0.09951741,15.715861,-35.192917,63.058064,-4.7033467,3.4079845,7.9443464,-3.438486,-9.894107,32.242428,60.982918,-1.7836344,1.4589084,-12.359439
49,-1.8385645151138306,-0.21975074708461761,78.71778106689453,-0.04062147585422391,1.5529774899047644,0.677779920334065,-1.6289679,3.7513702,4.8803735,10.870066,-10.802908,-2.985823,-1.9108124,-2.4397266,-3.4462433,10.101451,-10.31985,2.807822,-3.098584,-0.92804956,6.6720986,-0.18748212,15.696655,-35.170013,62.956295,-4.6549582,3.39557,7.998363,-3.481042,-9.880032,32.25061,60.939034,-1.7476625,1.460199,-12.35176
50,-1.8445998430252075,-0.22038602828979492,78.71898651123047,-0.0462816276910316,1.5372142833575706,0.7068496712862445,-1.6065564,3.7473972,4.8486466,10.8384495,-10.783542,-3.0343373,-1.8896567,-2.439727,-3.4699793,10.099291,-10.328582,2.8149514,-3.1020532,-0.92288285,6.7017956,-0.25581285,15.69272,-35.15125,62.826965,-4.603258,3.378953,8.055992,-3.4930189,-9.877479,32.244785,60.851707,-1.6473507,1.469901,-12.325719
51,-1.8487045764923096,-0.22045853734016418,78.72152709960938,-0.048392951669901305,1.5223847806345332,0.7365089826822011,-1.5848495,3.7383006,4.8173904,10.804161,-10.757901,-3.0779653,-1.8671907,-2.4452112,-3.494085,10.091959,-10.331608,2.8335865,-3.130558,-0.9207578,6.749092,-0.35548726,15.658003,-35.054222,62.72473,-4.499935,3.3588076,8.101991,-3.546005,-9.86077,32.234615,60.78729,-1.5575242,1.4691753,-12.29355
52,-1.853695273399353,-0.21850571036338806,78.72282409667969,-0.04541770537418205,1.5179593323571534,0.7642264390565078,-1.5832758,3.7238722,4.7891984,10.786218,-10.735361,-3.09639,-1.8583031,-2.4576685,-3.5176458,10.085642,-10.328413,2.8543096,-3.1530142,-0.9161983,6.7687545,-0.45861837,15.608137,-34.989353,62.627,-4.4125023,3.3423011,8.147733,-3.6003156,-9.841193,32.238697,60.759182,-1.5041773,1.4387524,-12.282222
53,-1.8638498783111572,-0.21750468015670776,78.72271728515625,-0.03302807859695128,1.529960688977354,0.7887023502309479,-1.613742,3.6992102,4.765712,10.792726,-10.714721,-3.0762846,-1.8724766,-2.4831681,-3.539952,10.083756,-10.316473,2.8821454,-3.1547725,-0.9214155,6.780513,-0.55164236,15.593196,-34.95739,62.4694,-4.3408165,3.3342373,8.180276,-3.6442225,-9.837368,32.23437,60.732857,-1.5201546,1.3558406,-12.2895775
54,-1.8655577898025513,-0.21199816465377808,78.72087097167969,-0.013697824450377,1.5530291790932151,0.8115814048830317,-1.6637851,3.6663442,4.745076,10.811063,-10.691199,-3.0311642,-1.8994119,-2.5185013,-3.56189,10.079217,-10.294725,2.919738,-3.1649454,-0.92742723,6.783521,-0.6531652,15.565211,-34.903736,62.312767,-4.2518854,3.3250408,8.202786,-3.7079217,-9.83353,32.23762,60.7385,-1.5780604,1.2354908,-12.306599
55,-1.8691089153289795,-0.20727527141571045,78.7191162109375,0.00537880059224924,1.5754689541812863,0.834538164845045,-1.7149314,3.6343336,4.725341,10.834351,-10.672265,-2.980776,-1.9259833,-2.5535784,-3.5838654,10.076207,-10.274144,2.9536536,-3.1773965,-0.9295614,6.782244,-0.7595518,15.52776,-34.85722,62.152866,-4.1664753,3.3209348,8.224786,-3.7700825,-9.831839,32.246105,60.745438,-1.6401347,1.1205311,-12.331536
56,-1.8757367134094238,-0.2035638391971588,78.71705627441406,0.01683490498688256,1.5856318764620614,0.8593332233184553,-1.7478435,3.6123054,4.7044377,10.854236,-10.664299,-2.9445853,-1.9374403,-2.5775406,-3.606405,10.076182,-10.264305,2.9706557,-3.1879363,-0.9268703,6.791156,-0.86203814,15.5035515,-34.83294,61.971268,-4.0968065,3.3244147,8.24893,-3.8184597,-9.831659,32.24804,60.72246,-1.6754547,1.0522346,-12.356768
57,-1.8735077381134033,-0.19936279952526093,78.71699523925781,0.01714549656807971,1.576065380002423,0.8874089947779406,-1.7533828,3.605161,4.681427,10.87219,-10.675323,-2.925899,-1.9272479,-2.5855849,-3.6301715,10.086202,-10.272952,2.9611192,-3.2075138,-0.91433465,6.8145957,-0.9623372,15.484879,-34.83348,61.77364,-4.047801,3.3333402,8.283537,-3.857318,-9.83061,32.252655,60.669308,-1.6759095,1.0526441,-12.386715
58,-1.8756544589996338,-0.19380778074264526,78.7179183959961,0.010680747214994126,1.5547026040162488,0.9175340507114145,-1.7435178,3.6073134,4.6573896,10.891609,-10.6998415,-2.9148865,-1.9033723,-2.5838947,-3.6549535,10.101226,-10.29206,2.934121,-3.2347753,-0.8947613,6.847045,-1.0530999,15.472133,-34.848995,61.549107,-4.010161,3.3487434,8.323771,-3.8887749,-9.828729,32.25849,60.595364,-1.6619123,1.0965012,-12.422462
59,-1.8801109790802002,-0.1875167340040207,78.71700286865234,0.002331049290243072,1.5317329307222918,0.947365970318036,-1.7279643,3.611997,4.633627,10.904416,-10.723207,-2.911709,-1.8754381,-2.579155,-3.6791372,10.112799,-10.312699,2.9047394,-3.2533267,-0.8751711,6.8774505,-1.1611875,15.455843,-34.87078,61.34069,-3.9753044,3.369406,8.355455,-3.9181697,-9.824782,32.25712,60.51936,-1.6309328,1.1513827,-12.454726
60,-1.884937047958374,-0.1812722086906433,78.71720886230469,-0.0027112427902805146,1.5187148863154645,0.9748392220993432,-1.7195095,3.6117275,4.6109133,10.905728,-10.732172,-2.916681,-1.8563826,-2.5787249,-3.7012935,10.116049,-10.327262,2.887939,-3.2630339,-0.86060053,6.8975315,-1.2514163,15.448857,-34.865234,61.11071,-3.91934,3.4035442,8.365488,-3.9387774,-9.822656,32.249252,60.435947,-1.590358,1.1890926,-12.473569
61,-1.8860440254211426,-0.17945991456508636,78.71919250488281,-0.003312090301169901,1.518320786862809,1.0001806765274837,-1.716928,3.605348,4.5894995,10.885802,-10.718753,-2.9382737,-1.8445913,-2.5834324,-3.721451,10.100833,-10.331902,2.8907006,-3.2578413,-0.8523412,6.914229,-1.3570789,15.429154,-34.799744,60.891106,-3.8148487,3.4595025,8.330554,-3.9649258,-9.818147,32.213135,60.35177,-1.5359399,1.201424,-12.467965
62,-1.8885197639465332,-0.18125030398368835,78.72161102294922,-0.002268968808591145,1.5254297508709709,1.024344365597054,-1.7165111,3.596548,4.568772,10.850925,-10.6915455,-2.9734867,-1.8361353,-2.589778,-3.740398,10.073769,-10.33194,2.9038773,-3.2533138,-0.84513986,6.923095,-1.4564364,15.405448,-34.687786,60.666412,-3.6769834,3.5316398,8.265798,-3.991979,-9.813879,32.173683,60.265247,-1.4631488,1.2044873,-12.447131
63,-1.892354130744934,-0.1815207600593567,78.72415924072266,3.016422624499163e-05,1.535328383204391,1.0460551867353667,-1.718435,3.585534,4.54886,10.813749,-10.660792,-3.0055225,-1.8325235,-2.598113,-3.7577026,10.047914,-10.329626,2.9190574,-3.2735884,-0.83039725,6.9255238,-1.5585071,15.345021,-34.526722,60.473022,-3.5144622,3.5970879,8.203924,-4.0419707,-9.805959,32.16017,60.20754,-1.3972423,1.2031555,-12.423138
64,-1.8936868906021118,-0.18079107999801636,78.72574615478516,0.003620618934499031,1.5442899124724427,1.0641050377205705,-1.7232496,3.5725327,4.5298634,10.787788,-10.637798,-3.0174155,-1.834968,-2.6086152,-3.7730782,10.035698,-10.327855,2.9274836,-3.2790544,-0.8180015,6.926185,-1.6572716,15.300183,-34.42374,60.277973,-3.3918018,3.639869,8.17913,-4.0805335,-9.802015,32.144104,60.152245,-1.3646443,1.2008928,-12.40578
65,-1.8960270881652832,-0.1739487498998642,78.72364807128906,0.009573108865500016,1.5536847465775847,1.076886483152064,-1.7362063,3.555184,4.510361,10.780102,-10.625815,-2.9971263,-1.8506655,-2.6234922,-3.7861733,10.047483,-10.327414,2.9252472,-3.2735958,-0.8110917,6.9222054,-1.7326344,15.289569,-34.393417,60.0549,-3.3324213,3.6537182,8.209152,-4.104187,-9.801433,32.134914,60.09901,-1.3828127,1.1929241,-12.397697
66,-1.90126633644104,-0.1686224639415741,78.72254180908203,0.01719485969651025,1.562577682274961,1.0859600280314887,-1.7521812,3.534129,4.4903994,10.780774,-10.61818,-2.9560387,-1.8731569,-2.6420345,-3.7979906,10.071868,-10.325901,2.9176488,-3.2959156,-0.79168856,6.925204,-1.8286176,15.232713,-34.32029,59.881966,-3.2514415,3.6425097,8.264592,-4.167875,-9.801512,32.138485,60.0898,-1.4538711,1.1780962,-12.383661
67,-1.8977543115615845,-0.16191987693309784,78.72144317626953,0.02507217668876081,1.5707084712068395,1.0932535283048084,-1.7669309,3.5139782,4.473628,10.782614,-10.612286,-2.9130304,-1.895276,-2.660116,-3.8076634,10.097796,-10.324785,2.9093642,-3.3003383,-0.77906555,6.925065,-1.9095618,15.204156,-34.293484,59.68931,-3.1960523,3.6236598,8.332359,-4.2092266,-9.802697,32.139214,60.066387,-1.5226923,1.1693658,-12.377083
68,-1.895959496498108,-0.15659111738204956,78.72106170654297,0.030650094923252463,1.574705769688274,1.10120432683472,-1.7714882,3.499482,4.463349,10.775927,-10.604909,-2.8868937,-1.9076368,-2.673662,-3.8155215,10.1156435,-10.326,2.905091,-3.2960768,-0.77130485,6.929953,-1.9804698,15.194081,-34.27684,59.486286,-3.1289704,3.606263,8.385955,-4.23674,-9.803096,32.13899,60.02619,-1.5606482,1.1785624,-12.378247
69,-1.8939151763916016,-0.14963683485984802,78.72068786621094,0.03303416604569359,1.5713112490627967,1.110237631699074,-1.7607017,3.4936244,4.4636917,10.758896,-10.597276,-2.885167,-1.9039856,-2.6804054,-3.8201926,10.120898,-10.330622,2.906374,-3.2872252,-0.76339835,6.943707,-2.053714,15.184668,-34.25436,59.294903,-3.0259104,3.5843363,8.416862,-4.258224,-9.802954,32.139103,59.97198,-1.5549338,1.2207519,-12.385705
70,-1.8947415351867676,-0.14124618470668793,78.71955871582031,0.03328941370115211,1.5623075827155601,1.11917241737969,-1.7377039,3.4932764,4.471956,10.732688,-10.588147,-2.8969846,-1.8886567,-2.6828701,-3.8222244,10.117315,-10.3364,2.9106464,-3.2985482,-0.7488624,6.9661016,-2.1376724,15.148238,-34.187523,59.14022,-2.8763485,3.552326,8.435103,-4.296355,-9.80056,32.159473,59.92643,-1.5266173,1.2865734,-12.397842
71,-1.8962351083755493,-0.14133983850479126,78.7211685180664,0.03320693780678407,1.5534426680910596,1.1281821438416202,-1.7145958,3.493916,4.4802084,10.706659,-10.57933,-2.9133565,-1.8726034,-2.6842995,-3.8242576,10.112821,-10.343112,2.9165614,-3.287017,-0.741248,6.9847603,-2.210258,15.138226,-34.16696,58.9687,-2.7523696,3.526089,8.455777,-4.3099213,-9.799049,32.16566,59.86858,-1.4914298,1.3474283,-12.417046
72,-1.8980560302734375,-0.13927903771400452,78.72310638427734,0.03440653770728713,1.5483987484058583,1.1378556761952896,-1.6989224,3.4907343,4.4804587,10.685014,-10.569726,-2.9251173,-1.86168,-2.687878,-3.8288229,10.109496,-10.348072,2.9229634,-3.2803862,-0.73443305,6.998707,-2.279571,15.128572,-34.143784,58.805035,-2.6474285,3.5113058,8.480102,-4.3258905,-9.797376,32.171978,59.83035,-1.4734532,1.3753095,-12.4382
73,-1.894472360610962,-0.14040477573871613,78.72464752197266,0.03730556084036246,1.5487232837017313,1.1490408173270243,-1.6946641,3.48182,4.468737,10.671244,-10.558477,-2.9309828,-1.8578169,-2.6947453,-3.8368223,10.107271,-10.350207,2.9309254,-3.3113234,-0.71941096,7.0031214,-2.3552601,15.080461,-34.066647,58.685734,-2.5427575,3.511569,8.511776,-4.374101,-9.789229,32.21086,59.84927,-1.4776181,1.3544517,-12.466699
74,-1.8894368410110474,-0.13856332004070282,78.72605895996094,0.04143014149207939,1.5524774896258628,1.161187505228767,-1.6962389,3.4694004,4.45007,10.660088,-10.54528,-2.935552,-1.8582606,-2.7033634,-3.8467524,10.1060095,-10.351647,2.9405212,-3.3189385,-0.71136636,7.003997,-2.4236042,15.058512,-34.031414,58.548473,-2.4745824,3.5271404,8.5494585,-4.3988156,-9.785713,32.22492,59.86213,-1.4974358,1.3021687,-12.499439
75,-1.8888773918151855,-0.1381065398454666,78.72683715820312,0.04514650154027305,1.5576550053685416,1.1726848998373192,-1.7012894,3.4571733,4.4294147,10.652787,-10.534723,-2.938105,-1.8598194,-2.7119498,-3.858083,10.103946,-10.351459,2.9494023,-3.3337412,-0.7006535,7.0023026,-2.4908724,15.029431,-33.99098,58.42911,-2.4121518,3.5436447,8.586569,-4.427658,-9.781169,32.245796,59.887875,-1.518033,1.2421253,-12.532336
76,-1.89116632938385,-0.13877111673355103,78.72715759277344,0.047655007006468804,1.5622406605813424,1.1818019128301118,-1.7061388,3.4479837,4.4121447,10.648785,-10.531335,-2.9378786,-1.8597932,-2.7189856,-3.8704534,10.09957,-10.348602,2.9550383,-3.342716,-0.68978786,7.002998,-2.5556593,15.008329,-33.967094,58.31856,-2.3586295,3.551876,8.617895,-4.4512806,-9.777842,32.259193,59.906986,-1.5313145,1.1975353,-12.558469
77,-1.8903769254684448,-0.13900446891784668,78.72736358642578,0.048343994758684936,1.5673545736171202,1.1868783479291214,-1.7124841,3.4419754,4.397997,10.64936,-10.539042,-2.9318323,-1.8585608,-2.724953,-3.8858383,10.091218,-10.340502,2.956666,-3.3456469,-0.6778234,7.0061674,-2.6078274,15.00072,-33.96089,58.20355,-2.310213,3.549727,8.642527,-4.4635596,-9.776535,32.26177,59.907272,-1.5357704,1.1804001,-12.572327
78,-1.885818362236023,-0.13746751844882965,78.7256851196289,0.047823724424747985,1.5728649639081056,1.189513927266287,-1.7202095,3.437707,4.3844905,10.653608,-10.554486,-2.9212024,-1.8556304,-2.7302449,-3.9043078,10.078559,-10.327808,2.9556975,-3.351218,-0.6630163,7.0115333,-2.659893,14.992828,-33.95701,58.10382,-2.2639508,3.5404906,8.661754,-4.4793763,-9.775051,32.261982,59.909866,-1.5352491,1.1754376,-12.578093
79,-1.8834338188171387,-0.1326165646314621,78.72217559814453,0.046182010109237795,1.5769218861736558,1.1920645885570944,-1.7273123,3.4363556,4.3738785,10.6609745,-10.571284,-2.9121685,-1.8513212,-2.7332187,-3.9208405,10.066793,-10.316576,2.9526708,-3.3558733,-0.6473358,7.0206146,-2.7229936,14.980512,-33.95794,58.0318,-2.2266068,3.5267875,8.676381,-4.501979,-9.772138,32.2626,59.924934,-1.5308243,1.167323,-12.585126
80,-1.881377935409546,-0.1300567239522934,78.72028350830078,0.044612232443955825,1.5788775958178536,1.1966493664231066,-1.7314656,3.437842,4.368932,10.668618,-10.582183,-2.910723,-1.8497989,-2.733274,-3.9300487,10.067025,-10.315793,2.9484076,-3.3572438,-0.63366956,7.022145,-2.7922359,14.959397,-33.972668,57.993862,-2.2100356,3.5119052,8.691282,-4.5185347,-9.76561,32.2743,59.955925,-1.5212075,1.1423137,-12.605849
81,-1.880096673965454,-0.12875303626060486,78.71952056884766,0.04224938478329358,1.5757237405033566,1.2071143180126858,-1.7288824,3.4438767,4.3722076,10.674474,-10.582209,-2.9199748,-1.8474879,-2.7284815,-3.9290948,10.079988,-10.329291,2.9405904,-3.3597631,-0.62507516,7.0246267,-2.8578548,14.946268,-33.99764,57.966896,-2.226859,3.4957397,8.702897,-4.5343585,-9.75956,32.311676,60.0103,-1.4979303,1.0786288,-12.652498
82,-1.8776884078979492,-0.12777701020240784,78.71762084960938,0.0390045207164677,1.5690606409481551,1.2212042616249377,-1.7228799,3.454039,4.3816667,10.682808,-10.577662,-2.9361446,-1.8451561,-2.7200391,-3.921506,10.103434,-10.353654,2.9297047,-3.3633852,-0.61976165,7.028446,-2.9235358,14.93917,-34.030205,57.95535,-2.2685604,3.4763758,8.709796,-4.55162,-9.754132,32.36536,60.083286,-1.4642769,0.9893895,-12.714921
83,-1.8730798959732056,-0.12882909178733826,78.71835327148438,0.03637564406034062,1.5635191288458739,1.2321132502037642,-1.7164819,3.4643126,4.393057,10.68872,-10.571133,-2.955218,-1.8473766,-2.7112794,-3.9108381,10.1322565,-10.3797865,2.9204977,-3.371747,-0.6163337,7.027292,-2.981386,14.930698,-34.06249,57.959213,-2.3114834,3.459304,8.716738,-4.5651608,-9.74362,32.426563,60.151997,-1.4310545,0.9147393,-12.773952
84,-1.8688697814941406,-0.13168692588806152,78.71946716308594,0.036045240798524204,1.5633201032475759,1.2334684018852737,-1.7150043,3.471233,4.4017878,10.692919,-10.5686035,-2.9729147,-1.8608327,-2.7059875,-3.9013586,10.166226,-10.401621,2.9176297,-3.3778274,-0.6130386,7.030117,-3.0283062,14.927879,-34.077267,57.962376,-2.3204272,3.4482355,8.717212,-4.570912,-9.738178,32.449547,60.179707,-1.4256237,0.89151245,-12.795923
85,-1.8670058250427246,-0.1360296607017517,78.71881103515625,0.03888432056639059,1.5699766830431485,1.2211949609385722,-1.7180923,3.4726298,4.405661,10.6924305,-10.570725,-2.9885228,-1.8841513,-2.7061064,-3.894478,10.197989,-10.413143,2.9277477,-3.3859546,-0.61098534,7.0294847,-3.060453,14.924453,-34.076923,57.972588,-2.2847328,3.4469981,8.716103,-4.5613093,-9.730726,32.43745,60.148487,-1.4588705,0.9565303,-12.768575
86,-1.8654601573944092,-0.14033396542072296,78.71702575683594,0.0435186211721454,1.580686976750588,1.199752453813857,-1.7240154,3.4711983,4.407051,10.689651,-10.575709,-3.004275,-1.9124608,-2.7087383,-3.8883402,10.225783,-10.416811,2.9464707,-3.400621,-0.60645574,7.0254126,-3.0730505,14.923228,-34.06799,57.984005,-2.227208,3.4523506,8.71497,-4.5469303,-9.727706,32.414833,60.085293,-1.508955,1.0784168,-12.709181
87,-1.8647379875183105,-0.15059088170528412,78.71639251708984,0.04951424469524823,1.5950260131349947,1.1745998626748118,-1.7343851,3.4689634,4.4098024,10.687576,-10.582019,-3.0198002,-1.9571348,-2.7129803,-3.8803089,10.2762,-10.428961,2.9623518,-3.3937342,-0.60850835,7.031136,-3.1041138,14.919197,-34.050045,58.016342,-2.146132,3.4603457,8.703955,-4.51916,-9.718305,32.33,59.998802,-1.5879451,1.2055132,-12.636798
88,-1.8638290166854858,-0.15772917866706848,78.71395111083984,0.05437027813160193,1.6110592023244374,1.1501816230947566,-1.749624,3.4706757,4.4181185,10.690188,-10.589068,-3.0353894,-2.0184724,-2.714341,-3.8674784,10.356031,-10.455838,2.9633715,-3.3789077,-0.6094459,7.0320697,-3.1430345,14.916598,-34.058727,58.066875,-2.1073835,3.4656918,8.695816,-4.5001674,-9.710316,32.273174,59.95069,-1.6134545,1.2744598,-12.595653
89,-1.8631374835968018,-0.16663801670074463,78.71316528320312,0.0555615600578019,1.6289991332596296,1.1306944087592257,-1.7724911,3.4787946,4.428784,10.701956,-10.600463,-3.04919,-2.096736,-2.7103245,-3.852819,10.467378,-10.500016,2.9400582,-3.3671544,-0.6048658,7.028756,-3.1754577,14.916601,-34.082993,58.11839,-2.1146939,3.4706302,8.692761,-4.495705,-9.704552,32.26562,59.955746,-1.5549752,1.2553163,-12.605488
90,-1.8638290166854858,-0.17082670331001282,78.71040344238281,0.05494621988445695,1.6493437514338127,1.1119579462188964,-1.8022418,3.490633,4.441708,10.720701,-10.61577,-3.0618136,-2.1916492,-2.7033708,-3.8356843,10.606431,-10.557481,2.9008327,-3.352912,-0.5992707,7.0241137,-3.211454,14.918063,-34.11495,58.18338,-2.1467848,3.4748912,8.6891,-4.496176,-9.70043,32.27992,59.98616,-1.4463197,1.1835321,-12.642793
91,-1.866441249847412,-0.17969204485416412,78.70747375488281,0.057064598899442646,1.673163045852325,1.0905458277653368,-1.835707,3.501631,4.461556,10.739262,-10.627815,-3.076509,-2.30519,-2.6986673,-3.8128078,10.773085,-10.626779,2.8610086,-3.3348453,-0.5996467,7.0106077,-3.2440388,14.9234915,-34.16733,58.261463,-2.207167,3.4778838,8.690305,-4.4936724,-9.6906595,32.30507,60.022305,-1.321713,1.1089123,-12.687488
92,-1.8703279495239258,-0.18589262664318085,78.70233917236328,0.06643460932881542,1.70096472167524,1.0628411833977676,-1.8717858,3.507886,4.493008,10.755043,-10.631643,-3.0963879,-2.4393356,-2.7006998,-3.7805045,10.968882,-10.707663,2.836025,-3.3276136,-0.6056244,7.0006266,-3.260148,14.928872,-34.18458,58.33669,-2.2528186,3.4771132,8.686045,-4.489,-9.683921,32.307255,60.029034,-1.245265,1.0817779,-12.70382
93,-1.8765652179718018,-0.19393399357795715,78.69757843017578,0.08670200292570264,1.7336342978532586,1.0301273953278445,-1.9083582,3.5057402,4.540732,10.761826,-10.619781,-3.1229033,-2.596575,-2.7142718,-3.7371454,11.198032,-10.803597,2.836194,-3.3198905,-0.62709945,6.9862347,-3.2703483,14.937937,-34.193092,58.424732,-2.3094485,3.4674368,8.680066,-4.467763,-9.673498,32.27579,59.989693,-1.2216414,1.1336073,-12.68576
94,-1.8834729194641113,-0.20554766058921814,78.69408416748047,0.11372452433755183,1.769940780987908,0.9942822382865961,-1.9473921,3.4990458,4.600181,10.765782,-10.598579,-3.154232,-2.7727365,-2.734594,-3.6859012,11.4547,-10.911647,2.851149,-3.309416,-0.65913683,6.9738245,-3.2732763,14.95336,-34.19064,58.515614,-2.3690908,3.4518359,8.669991,-4.4403477,-9.657332,32.208614,59.923973,-1.2388297,1.232047,-12.643811
95,-1.8926801681518555,-0.218473419547081,78.687744140625,0.14367011108209274,1.8098802172406612,0.9495145149921388,-1.9910986,3.491558,4.666088,10.772059,-10.577559,-3.1884592,-2.9719515,-2.756314,-3.6261613,11.743975,-11.03069,2.8658226,-3.2927501,-0.69736177,6.9638686,-3.2675805,14.979413,-34.18691,58.600952,-2.4247217,3.441154,8.657353,-4.4176855,-9.632393,32.1237,59.861652,-1.2796226,1.3268591,-12.594737
96,-1.902113914489746,-0.23197953402996063,78.6817398071289,0.1725033172506984,1.853397008150346,0.8911562246720404,-2.041925,3.487096,4.7321606,10.785735,-10.566361,-3.2235618,-3.1960044,-2.7737625,-3.5586858,12.065071,-11.156447,2.8653107,-3.2781215,-0.7315593,6.9559464,-3.2560298,15.002873,-34.17672,58.68819,-2.4615796,3.4425223,8.644681,-4.405539,-9.612664,32.05581,59.819454,-1.3185147,1.3717961,-12.555147
97,-1.9125607013702393,-0.2518080770969391,78.6763916015625,0.1977692899335479,1.9007905053228542,0.8163715253802685,-2.100653,3.486513,4.7926407,10.807473,-10.568482,-3.2583418,-3.4478273,-2.7841349,-3.483725,12.420479,-11.287421,2.8439667,-3.2570436,-0.76000416,6.9523687,-3.239756,15.027103,-34.16572,58.77112,-2.4684873,3.466092,8.633107,-4.406613,-9.595166,31.993168,59.81018,-1.3727897,1.3383484,-12.523944
98,-1.9262588024139404,-0.27499955892562866,78.67159271240234,0.222227420502517,1.9522626470258555,0.7284906798067272,-2.1663904,3.4878294,4.852256,10.8351,-10.578463,-3.2932405,-3.725056,-2.7907088,-3.4013526,12.808373,-11.425214,2.810696,-3.2330365,-0.7854487,6.951003,-3.2202148,15.049662,-34.150787,58.857376,-2.4555907,3.5034,8.621796,-4.4128456,-9.580669,31.933506,59.81457,-1.442102,1.2580572,-12.494953
99,-1.940168857574463,-0.29679813981056213,78.66390991210938,0.24904979505279262,2.006645397158108,0.6309005800936379,-2.237981,3.4901435,4.9205413,10.86974,-10.593128,-3.331594,-4.024236,-2.796713,-3.3103328,13.22747,-11.572762,2.7721355,-3.2055023,-0.8131824,6.951236,-3.1991796,15.07296,-34.139526,58.949524,-2.4437635,3.540432,8.60798,-4.4246397,-9.567461,31.876846,59.82384,-1.5004392,1.1686337,-12.472728
100,-1.9613556861877441,-0.3171458840370178,78.65169525146484,0.28209767894718546,2.0627420168140422,0.5270571480533135,-2.31368,3.4923916,5.0078797,10.911626,-10.608711,-3.374467,-4.342876,-2.8063934,-3.209654,13.6787815,-11.734406,2.734835,-3.1681376,-0.8577132,6.957579,-3.1642706,15.129006,-34.14624,59.018166,-2.4586093,3.5660791,8.585273,-4.4439464,-9.538792,31.809616,59.82891,-1.5293857,1.1075066,-12.460828
101,-1.9796595573425293,-0.341715931892395,78.6405029296875,0.32177064924589766,2.1194875919590768,0.4197825452761252,-2.3906631,3.4946206,5.1169567,10.958251,-10.624867,-3.4240143,-4.6782026,-2.8212216,-3.1022356,14.162842,-11.912887,2.7001972,-3.1369295,-0.9100158,6.9602947,-3.1334069,15.182648,-34.15885,59.10999,-2.502553,3.568356,8.546152,-4.460794,-9.514604,31.766071,59.81387,-1.4832282,1.0921841,-12.464635
102,-1.9925830364227295,-0.3614390790462494,78.62734985351562,0.36665686408665804,2.1774992842187433,0.30652027329769316,-2.4709718,3.4967005,5.2427244,11.011375,-10.644106,-3.47805,-5.033339,-2.8391514,-2.9873648,14.681494,-12.106461,2.6649654,-3.1031036,-0.97087944,6.964259,-3.1009948,15.246032,-34.18245,59.205894,-2.5668788,3.5585728,8.494433,-4.4777827,-9.488925,31.727808,59.78782,-1.3923223,1.099426,-12.479369
103,-2.021428346633911,-0.38521942496299744,78.61215209960938,0.41529381993168035,2.2400198171368744,0.18380697954530006,-2.5625937,3.5002482,5.381325,11.079217,-10.666831,-3.5339875,-5.4112654,-2.8559847,-2.860131,15.2287445,-12.307621,2.6286557,-3.0678353,-1.0381018,6.9706826,-3.0632844,15.3157015,-34.20986,59.30426,-2.6418037,3.5418324,8.451705,-4.5005727,-9.462665,31.697031,59.76037,-1.2988764,1.1131943,-12.502261
104,-2.0514142513275146,-0.41727185249328613,78.59883117675781,0.4666010779510947,2.30980737062413,0.048298103739041996,-2.6742322,3.5070224,5.528972,11.171464,-10.694356,-3.5888574,-5.810812,-2.8676581,-2.716247,15.789961,-12.507473,2.5909493,-3.0323257,-1.111107,6.980664,-3.0191355,15.39062,-34.237774,59.405647,-2.722234,3.5230622,8.439546,-4.534984,-9.435699,31.6753,59.742615,-1.245435,1.1173478,-12.530439
105,-2.0834412574768066,-0.44778621196746826,78.58328247070312,0.521058134600108,2.3910336623324517,-0.10072525091743474,-2.813368,3.5161123,5.688221,11.292365,-10.724206,-3.6399012,-6.2442994,-2.8737683,-2.5529008,16.37938,-12.70884,2.5516253,-2.9975634,-1.1749632,6.985537,-3.000604,15.415871,-34.262863,59.573105,-2.805937,3.4936235,8.482747,-4.5780387,-9.427507,31.67724,59.739986,-1.2476836,1.10606,-12.570785
106,-2.108497142791748,-0.48246708512306213,78.56792449951172,0.5799324820990841,2.481164608372271,-0.2616108919119682,-2.972028,3.5263393,5.860337,11.433232,-10.755129,-3.6893342,-6.7076616,-2.8767176,-2.3728583,16.997614,-12.91442,2.5112875,-2.9522862,-1.2641454,6.9972706,-2.9439762,15.506545,-34.3114,59.684032,-2.920759,3.4623446,8.556294,-4.6382265,-9.396725,31.680967,59.754883,-1.288184,1.0852259,-12.624107
107,-2.1440927982330322,-0.5265292525291443,78.54978942871094,0.6399412651045514,2.5728572217136345,-0.43382281386823596,-3.1431348,3.5416489,6.037838,11.598811,-10.797146,-3.7410934,-7.181672,-2.8732665,-2.1807024,17.62528,-13.118937,2.471574,-2.9145522,-1.3533885,7.0153337,-2.8850775,15.589026,-34.342587,59.803898,-3.020362,3.4323204,8.631455,-4.7049885,-9.368019,31.688503,59.76423,-1.3373765,1.0672525,-12.672324
108,-2.184917688369751,-0.5735321640968323,78.52635192871094,0.6989026115857948,2.6589141531347575,-0.6169181111144757,-3.3152454,3.564725,6.2139726,11.784034,-10.855208,-3.7993093,-7.6472826,-2.8614123,-1.9808096,18.241877,-13.316169,2.434218,-2.880349,-1.446881,7.046341,-2.8163373,15.6811285,-34.356453,59.90774,-3.0883284,3.414865,8.674568,-4.77061,-9.334823,31.67422,59.75178,-1.374186,1.0609912,-12.699369
109,-2.2248151302337646,-0.6240090727806091,78.50161743164062,0.7542258848206539,2.737159535035881,-0.811950906629721,-3.4881055,3.598734,6.382119,11.994268,-10.934835,-3.8676064,-8.096857,-2.8360617,-1.7726281,18.837318,-13.501638,2.396867,-2.8505702,-1.5397869,7.092784,-2.7378938,15.777277,-34.345722,59.995663,-3.1060905,3.4152608,8.673884,-4.830261,-9.297301,31.62481,59.703815,-1.3852615,1.0778685,-12.685807
110,-2.263819694519043,-0.6817423701286316,78.4786148071289,0.8081012657860792,2.81136417847805,-1.0187959477778137,-3.6648314,3.6408064,6.5476823,12.225646,-11.029857,-3.942858,-8.537082,-2.7998059,-1.5548413,19.415094,-13.677891,2.3603544,-2.8237097,-1.6351303,7.1508684,-2.650685,15.879231,-34.318623,60.072636,-3.0908926,3.4272997,8.648208,-4.8906293,-9.254668,31.552979,59.6353,-1.384829,1.1095648,-12.645807
111,-2.304821014404297,-0.7400792241096497,78.45348358154297,0.864792090537601,2.8839370307054506,-1.2352671318866244,-3.8486645,3.6866312,6.7213492,12.479677,-11.137503,-4.0191417,-8.983975,-2.7610426,-1.3301039,20.00512,-13.85444,2.3313959,-2.7965753,-1.738088,7.2172837,-2.561819,15.987305,-34.28683,60.14641,-3.0707428,3.4432695,8.610893,-4.95324,-9.207895,31.477123,59.56087,-1.3919741,1.1371837,-12.611795
112,-2.3398795127868652,-0.8045510649681091,78.42797088623047,0.9289862145693877,2.95698105962777,-1.4590737499795288,-4.0405965,3.7314725,6.9138074,12.753985,-11.253473,-4.0903563,-9.447709,-2.7279012,-1.1013262,20.625345,-14.03959,2.317129,-2.766176,-1.8537922,7.2884946,-2.479829,16.100904,-34.263077,60.227036,-3.0749214,3.455088,8.575671,-5.02092,-9.159996,31.417315,59.496143,-1.4235523,1.1417023,-12.616287
113,-2.387683868408203,-0.866769552230835,78.3960189819336,1.0073296918947596,3.0297636681140405,-1.689208183047937,-4.2369127,3.7667809,7.1317625,13.042396,-11.374676,-4.1522675,-9.933158,-2.7079847,-0.86640024,21.290106,-14.247051,2.3079903,-2.7307203,-1.9890131,7.365108,-2.4064825,16.21884,-34.24805,60.315254,-3.1095986,3.4622638,8.542857,-5.0892315,-9.113112,31.377258,59.43924,-1.4691826,1.1106186,-12.676367
114,-2.4358866214752197,-0.9290726184844971,78.3589096069336,1.0958644332518614,3.1017990176051837,-1.926970516546082,-4.4399214,3.7978518,7.3680263,13.351907,-11.5050745,-4.2085357,-10.432783,-2.694074,-0.6250758,21.984718,-14.468021,2.305708,-2.6918852,-2.1388466,7.4486547,-2.338388,16.340876,-34.236126,60.40731,-3.1597967,3.4684722,8.506391,-5.1575027,-9.067937,31.347475,59.38191,-1.5238335,1.056791,-12.771723
115,-2.484116315841675,-0.9965565800666809,78.32320404052734,1.1824325127546536,3.1749985306815263,-2.1734931928668835,-4.6545215,3.8403676,7.6126757,13.687026,-11.647638,-4.265102,-10.9380865,-2.6719427,-0.38369897,22.683826,-14.676894,2.3348565,-2.6512716,-2.2894392,7.538245,-2.2750714,16.467413,-34.230713,60.50392,-3.222488,3.4719472,8.469969,-5.2290235,-9.023818,31.325714,59.32369,-1.6146394,0.99942577,-12.87823
116,-2.5332987308502197,-1.066343069076538,78.28331756591797,1.2543848096279056,3.251505627695365,-2.4299657659754503,-4.8947687,3.9116004,7.854929,14.071453,-11.810403,-4.327774,-11.444139,-2.6274576,-0.14891616,23.369284,-14.853007,2.42022,-2.6111681,-2.427444,7.632258,-2.216295,16.599405,-34.23538,60.606785,-3.2943618,3.4709535,8.437252,-5.308793,-8.980145,31.309671,59.267693,-1.7697102,0.95748395,-12.972096
117,-2.581139326095581,-1.1432838439941406,78.24657440185547,1.3082316461621135,3.33885811383841,-2.6972123543044497,-5.1738167,4.016316,8.093365,14.510514,-11.990454,-4.391079,-11.979212,-2.5507696,0.076184005,24.073418,-15.000452,2.4788842,-2.5706658,-2.5493257,7.7269497,-2.164547,16.73723,-34.249607,60.718834,-3.3780892,3.4606717,8.410558,-5.3994036,-8.936078,31.3031,59.210606,-2.0448503,0.9502593,-13.044945
118,-2.6412060260772705,-1.227320671081543,78.20642852783203,1.3503528544959549,3.4333667990512535,-2.974423596208834,-5.482835,4.146053,8.332602,14.995631,-12.1860695,-4.4537206,-12.535835,-2.450548,0.2944674,24.792791,-15.127265,2.5308614,-2.5297878,-2.662537,7.823868,-2.1190486,16.88107,-34.272274,60.838505,-3.4745805,3.4435673,8.387332,-5.49859,-8.8916645,31.305569,59.15427,-2.4101484,0.963007,-13.1101465
119,-2.69059157371521,-1.3194657564163208,78.16626739501953,1.382711401886977,3.5203071428007755,-3.260190605787069,-5.7972493,4.299569,8.571152,15.519581,-12.404464,-4.5283318,-13.056536,-2.3399758,0.5077198,25.4538,-15.221839,2.7536552,-2.4900827,-2.7685905,7.930861,-2.0730195,17.031515,-34.30499,60.957535,-3.5772088,3.4287229,8.364328,-5.603418,-8.846656,31.309988,59.104286,-2.7595358,0.9635918,-13.176402
120,-2.753343105316162,-1.4335588216781616,78.11825561523438,1.406532279146227,3.5845252928324207,-3.5533062956163812,-6.0936637,4.4760528,8.8075695,16.07648,-12.652225,-4.627775,-13.484636,-2.2322435,0.7170973,25.98625,-15.282329,3.3219092,-2.4532976,-2.8683896,8.05542,-2.02042,17.189663,-34.349937,61.06808,-3.679502,3.4252565,8.338217,-5.711056,-8.801091,31.308632,59.067364,-2.9882698,0.9199752,-13.252561
121,-2.8053596019744873,-1.546118974685669,78.06741333007812,1.4129090152568582,3.6227401409099698,-3.851712519875112,-6.3663692,4.6859536,9.035188,16.662035,-12.933809,-4.762667,-13.802437,-2.1261106,0.8942112,26.368967,-15.318802,4.2988024,-2.4254203,-2.952571,8.198582,-1.9577553,17.357277,-34.416546,61.16781,-3.786205,3.4379444,8.311665,-5.8207474,-8.755294,31.299269,59.047127,-3.0306923,0.7940868,-13.333987
122,-2.8580639362335205,-1.6618924140930176,78.01155853271484,1.4024984894908197,3.642593718891171,-4.156914530902312,-6.629648,4.9288898,9.2566185,17.283833,-13.245709,-4.923901,-14.04904,-2.0149891,1.0434364,26.65626,-15.349237,5.5817876,-2.403147,-3.021766,8.357026,-1.8884016,17.534828,-34.50148,61.258823,-3.899178,3.461149,8.285136,-5.93223,-8.7086525,31.284191,59.03681,-2.9564824,0.6126472,-13.417814
123,-2.906325340270996,-1.784350872039795,77.95054626464844,1.3911576263128513,3.6463739098482617,-4.473133870654626,-6.8873706,5.188347,9.484928,17.94737,-13.583731,-5.0953264,-14.256979,-1.9043307,1.215456,26.901876,-15.385348,7.0959644,-2.3750777,-3.0934527,8.530162,-1.8158003,17.720917,-34.586582,61.341816,-4.0073547,3.4889026,8.252332,-6.050129,-8.662572,31.26756,59.036015,-2.8610363,0.44009978,-13.516548
124,-2.9446775913238525,-1.9127358198165894,77.88488006591797,1.3941543621992591,3.636481161628671,-4.804595413308051,-7.1413283,5.4478083,9.733147,18.654686,-13.943335,-5.260776,-14.454721,-1.7982935,1.4620994,27.152979,-15.434519,8.76867,-2.3296888,-3.1837244,8.717902,-1.7436393,17.91285,-34.652664,61.417843,-4.098444,3.5148597,8.206867,-6.176999,-8.618899,31.25294,59.041744,-2.8402722,0.34120342,-13.643276
125,-2.9931957721710205,-2.0417165756225586,77.80594635009766,1.4296430557615962,3.6100328318925663,-5.1554623774959,-7.385894,5.6874733,10.015963,19.404001,-14.321383,-5.407633,-14.607428,-1.6941223,1.8444842,27.335524,-15.4672985,10.797691,-2.2610679,-3.3116188,8.92453,-1.6738276,18.108492,-34.690212,61.490067,-4.1672754,3.5423234,8.142412,-6.3157997,-8.577798,31.252417,59.05591,-2.9430647,0.35970074,-13.824583
126,-3.0472524166107178,-2.1814115047454834,77.71926879882812,1.483048001168506,3.5679455646210343,-5.5230535236487635,-7.622436,5.9245777,10.322545,20.195597,-14.721519,-5.54713,-14.719898,-1.5890695,2.3111584,27.470053,-15.511557,13.147668,-2.1767442,-3.4605243,9.148134,-1.6041117,18.307238,-34.708603,61.55868,-4.219498,3.5726225,8.0641,-6.465005,-8.539283,31.262423,59.079834,-3.1093266,0.45269477,-14.046087
127,-3.09328556060791,-2.33644962310791,77.62744140625,1.4610459173230608,3.5153787658771893,-5.9146659354602455,-7.9082828,6.2876706,10.610846,21.13949,-15.202706,-5.720777,-14.83741,-1.3697888,2.7354429,27.659346,-15.597298,15.000033,-2.0712342,-3.53837,9.38323,-1.5352397,18.509224,-34.721867,61.62268,-4.26305,3.5970123,7.982894,-6.6174784,-8.505027,31.259285,59.1059,-3.273402,0.55575013,-14.2581835
128,-3.1451451778411865,-2.5217273235321045,77.52839660644531,1.2105993269814572,3.4533924134876215,-6.348785500474878,-8.329267,6.993472,10.816224,22.419603,-15.860919,-5.993696,-14.954703,-0.7917687,2.979339,27.906763,-15.6828575,15.000033,-1.9273382,-3.399057,9.630462,-1.4683993,18.71518,-34.745552,61.680054,-4.3068585,3.6067495,7.9096985,-6.7620826,-8.476176,31.216726,59.120113,-3.3711514,0.60390705,-14.411727
129,-3.191859006881714,-2.701524019241333,77.42713165283203,0.9874614973646093,3.382881375527263,-6.766363382013623,-8.682121,7.6521754,11.007375,23.57774,-16.462507,-6.279508,-15.26376,-0.33803588,3.1895075,28.597376,-15.970235,15.000033,-1.8010696,-3.272119,9.877482,-1.3989804,18.922598,-34.782234,61.733727,-4.3490896,3.5915916,7.843787,-6.8910537,-8.456998,31.118532,59.110634,-3.3578954,0.57067364,-14.483047
130,-3.236400604248047,-2.8849637508392334,77.32376861572266,0.7818332427616994,3.3025280684960636,-7.177925143309687,-8.990976,8.28677,11.192807,24.673748,-17.036934,-6.5770426,-15.6960335,0.036578525,3.3856008,29.58259,-16.384579,15.000033,-1.6796728,-3.1517081,10.128575,-1.3315908,19.130362,-34.827904,61.78582,-4.3876095,3.5587623,7.78064,-7.005967,-8.448703,30.977318,59.079903,-3.2789588,0.49377126,-14.501064
131,-3.270115613937378,-3.0719258785247803,77.21691131591797,0.5921918836783283,3.2247216470707527,-7.582506989398974,-9.285021,8.9036875,11.372147,25.734962,-17.596073,-6.877215,-16.222193,0.2376987,3.3882964,30.783169,-16.866638,15.000033,-1.562636,-3.0375834,10.371839,-1.2751503,19.33992,-34.88498,61.828808,-4.428494,3.526279,7.725891,-7.1225348,-8.452392,30.819342,59.052208,-3.1985333,0.40303367,-14.49613
132,-3.30660343170166,-3.2577402591705322,77.10002136230469,0.41681245372299425,3.1619079624971835,-7.978792720073882,-9.595717,9.510017,11.542917,26.79215,-18.148678,-7.170647,-16.817734,0.16038625,3.0219877,32.130676,-17.36303,15.000033,-1.4504635,-2.929718,10.595718,-1.2377912,19.554571,-34.956074,61.85319,-4.4790797,3.5124843,7.685034,-7.2559204,-8.468837,30.669582,59.051266,-3.1830451,0.32855064,-14.498577
133,-3.3648688793182373,-3.4509434700012207,76.96580505371094,0.25959798062112416,3.1193127038962016,-8.376550316342222,-9.926668,10.103377,11.717359,27.84597,-18.69602,-7.458498,-17.493723,-0.29158118,2.1609569,33.66925,-17.890709,15.000033,-1.3375585,-2.833744,10.794695,-1.2218082,19.77879,-35.05493,61.854,-4.547172,3.5265696,7.6579847,-7.4141035,-8.497263,30.544312,59.095264,-3.288156,0.285151,-14.519175
134,-3.409830093383789,-3.6360177993774414,76.826171875,0.13151819897762262,3.0866475877238324,-8.768537696871197,-10.25784,10.664995,11.895548,28.880995,-19.23357,-7.741896,-18.236584,-1.081469,0.95874125,35.404934,-18.469732,15.000033,-1.2312353,-2.7606208,10.978779,-1.2193921,20.014238,-35.17405,61.831936,-4.6272063,3.557719,7.6417246,-7.588367,-8.537503,30.427832,59.16789,-3.4663737,0.25470272,-14.54097
135,-3.451199531555176,-3.8175206184387207,76.67900848388672,0.03687781248931501,3.0532177354163634,-9.128894267629407,-10.587664,11.182476,12.055268,29.906012,-19.767227,-8.012412,-18.9914,-2.1068714,-0.3444605,37.222336,-19.059805,15.000033,-1.148596,-2.7133198,11.16071,-1.2233621,20.25867,-35.285484,61.7847,-4.705175,3.5938933,7.63753,-7.7658043,-8.589654,30.29867,59.23535,-3.6254792,0.21747482,-14.552911
136,-3.4859530925750732,-4.007059097290039,76.52379608154297,-0.024435151481326967,3.0118115211196375,-9.435565209509301,-10.918535,11.650314,12.174015,30.930538,-20.302221,-8.262277,-19.720478,-3.2430716,-1.5265397,39.007313,-19.607027,15.000033,-1.1046301,-2.6906888,11.349537,-1.2264369,20.507113,-35.357647,61.71266,-4.7644444,3.6229913,7.6470113,-7.937353,-8.656226,30.137608,59.2693,-3.6720905,0.15345667,-14.544274
137,-3.538872718811035,-4.2055511474609375,76.3527603149414,-0.0509123617873398,2.9579255480932156,-9.680327781503726,-11.253767,12.06649,12.246911,31.965626,-20.845577,-8.483481,-20.425972,-4.5000377,-2.5954669,40.780144,-20.121578,15.000033,-1.1041751,-2.6932418,11.554522,-1.2321033,20.755709,-35.379974,61.615154,-4.7955217,3.6405115,7.672206,-8.097182,-8.736483,29.936266,59.254093,-3.5393944,0.05676019,-14.515386
138,-3.5699167251586914,-4.401219844818115,76.17515563964844,-0.038930148847460815,2.8931331026714933,-9.871434182255996,-11.590722,12.428171,12.283959,33.007633,-21.395657,-8.680894,-21.115059,-5.9347773,-3.6370063,42.57947,-20.63166,15.000033,-1.1432406,-2.7251143,11.770428,-1.2446058,21.003819,-35.369804,61.497906,-4.808519,3.6529195,7.7122188,-8.25261,-8.830852,29.707455,59.21077,-3.2903385,-0.06166995,-14.470816
139,-3.602527141571045,-4.6071085929870605,75.98249053955078,-0.07839357201373748,2.8343089757781597,-10.049303570182143,-11.969271,12.863427,12.265845,34.112423,-21.974173,-8.897384,-21.761944,-7.3107133,-4.619884,44.244713,-21.050789,14.506017,-1.1870803,-2.7020812,11.975448,-1.2600528,21.25063,-35.33932,61.36894,-4.816567,3.664535,7.7638083,-8.404583,-8.9427395,29.458803,59.15153,-3.0291514,-0.19605249,-14.404612
140,-3.628563404083252,-4.829715728759766,75.78050231933594,-0.1786345343238684,2.7960696418574553,-10.23174052340008,-12.38959,13.383587,12.197551,35.252785,-22.561945,-9.1473675,-22.380234,-8.535077,-5.476952,45.700855,-21.333464,13.51067,-1.2221152,-2.6144946,12.147947,-1.2735254,21.495169,-35.300735,61.235935,-4.833263,3.679786,7.8238463,-8.553454,-9.079323,29.197899,59.088722,-2.861011,-0.34065947,-14.311382
141,-3.6668782234191895,-5.058727264404297,75.57014465332031,-0.24920988406834532,2.776874439546192,-10.376467621917323,-12.822155,13.847428,12.086058,36.355495,-23.120346,-9.395393,-23.024342,-9.759328,-6.126114,47.05581,-21.48043,12.518161,-1.288986,-2.5415704,12.286747,-1.2819738,21.736217,-35.249187,61.09259,-4.8632975,3.6953645,7.892663,-8.695797,-9.24727,28.92083,59.018692,-2.848987,-0.50752574,-14.18324
142,-3.6921844482421875,-5.2996015548706055,75.34986877441406,-0.2947823943697448,2.771756031976918,-10.484652507556632,-13.267167,14.264973,11.934242,37.43296,-23.658537,-9.638882,-23.690414,-11.006254,-6.6220045,48.329014,-21.5174,11.504317,-1.3836901,-2.479695,12.4021225,-1.2900345,21.972939,-35.181927,60.9379,-4.899233,3.710343,7.9715953,-8.826213,-9.4489975,28.624472,58.929024,-2.9253392,-0.69493544,-14.02453
143,-3.70174503326416,-5.545376777648926,75.12979888916016,-0.3197949892884497,2.7703785175891302,-10.580982526001511,-13.690039,14.657119,11.776653,38.45766,-24.170229,-9.890308,-24.339174,-12.25767,-6.997556,49.450695,-21.508692,10.564347,-1.4773252,-2.4293642,12.504986,-1.3068668,22.20522,-35.117798,60.788906,-4.936781,3.732238,8.058776,-8.939789,-9.68315,28.318672,58.81438,-2.9951446,-0.87660366,-13.848469
144,-3.6856322288513184,-5.8012285232543945,74.91827392578125,-0.3294365528293314,2.7627866244690424,-10.690182760827517,-14.057611,15.046942,11.647681,39.40628,-24.651106,-10.162614,-24.930721,-13.4931755,-7.285217,50.35301,-21.519627,9.795638,-1.5408882,-2.3904893,12.605833,-1.3415447,22.433023,-35.07482,60.662212,-4.9715896,3.7688072,8.152341,-9.032512,-9.945143,28.012037,58.671047,-2.965057,-1.025742,-13.667446
145,-3.708142042160034,-6.070025444030762,74.6986312866211,-0.3180893267506936,2.749990993334127,-10.826471776231987,-14.366477,15.436123,11.568617,40.283455,-25.109226,-10.458554,-25.469044,-14.719412,-7.4881167,51.013577,-21.579128,9.262517,-1.5614048,-2.3720427,12.704993,-1.4027994,22.656713,-35.061764,60.56485,-5.009073,3.8237727,8.260497,-9.116299,-10.230751,27.703856,58.509056,-2.755544,-1.133099,-13.463923
146,-3.709489583969116,-6.35359525680542,74.48709869384766,-0.286751256827021,2.736470766816435,-10.974319440863297,-14.635163,15.81666,11.517268,41.10423,-25.546679,-10.772178,-25.979208,-15.932923,-7.5936265,51.472908,-21.641186,8.907615,-1.5558763,-2.3704698,12.796244,-1.4838876,22.87606,-35.06822,60.48866,-5.049604,3.892555,8.381554,-9.191472,-10.539509,27.389992,58.332573,-2.4364693,-1.2129173,-13.238474
147,-3.698439598083496,-6.654351234436035,74.28482055664062,-0.25142740324208945,2.7168132158078766,-11.114036493754652,-14.855734,16.196177,11.464582,41.845367,-25.94307,-11.10366,-26.449652,-17.097902,-7.6119814,51.755886,-21.658302,8.646475,-1.5407956,-2.365794,12.880705,-1.5728863,23.09032,-35.084614,60.428833,-5.0822544,3.9698799,8.498769,-9.238936,-10.872407,27.075905,58.129017,-2.134547,-1.274413,-13.030422
148,-3.6818652153015137,-6.975857257843018,74.09716033935547,-0.22789698942112557,2.6857245404554986,-11.225986966281878,-15.022032,16.581766,11.380756,42.486507,-26.279335,-11.453044,-26.866167,-18.181107,-7.553808,51.88922,-21.586353,8.393209,-1.5327321,-2.3381805,12.959676,-1.6571419,23.298182,-35.10039,60.380295,-5.0947747,4.050458,8.595455,-9.238998,-11.231586,26.766695,57.884274,-1.9772867,-1.3279669,-12.879622
149,-3.652651309967041,-7.3156938552856445,73.92471313476562,-0.22298997183362415,2.636446836697993,-11.309936927257366,-15.126004,16.980444,11.260476,43.028214,-26.55851,-11.827426,-27.223646,-19.166687,-7.4023485,51.866673,-21.430647,8.128197,-1.5291492,-2.279442,13.04148,-1.742558,23.498478,-35.12022,60.356194,-5.0798645,4.135298,8.660436,-9.187834,-11.61867,26.465244,57.60784,-2.013534,-1.3702079,-12.80516
150,-3.624521255493164,-7.671932220458984,73.76919555664062,-0.22785666830190232,2.5735367990527678,-11.374899156608175,-15.173461,17.387224,11.11912,43.48004,-26.78849,-12.22503,-27.530174,-20.072823,-7.162035,51.681423,-21.207891,7.898186,-1.5234038,-2.2000346,13.122897,-1.8340186,23.690737,-35.147476,60.356037,-5.044894,4.226344,8.704995,-9.094847,-12.034264,26.167982,57.300976,-2.1696446,-1.3982106,-12.783062
151,-3.592930316925049,-8.051628112792969,73.62939453125,-0.23558522023158565,2.5085772794638066,-11.414669808859658,-15.177306,17.790474,10.958643,43.83003,-26.955748,-12.63212,-27.78807,-20.919188,-6.875292,51.35827,-20.892628,7.715693,-1.5250614,-2.1074598,13.188416,-1.916935,23.874992,-35.17017,60.35195,-5.0010524,4.3198547,8.745575,-8.957636,-12.477846,25.86781,56.933834,-2.3908663,-1.4231778,-12.788071
152,-3.55387020111084,-8.44880485534668,73.50410461425781,-0.23863074090295708,2.452833514465553,-11.422697356460874,-15.150417,18.178389,10.780413,44.066402,-27.046673,-13.03497,-27.999584,-21.729103,-6.5840454,50.921806,-20.459692,7.5929747,-1.5451275,-2.010573,13.221806,-1.9761345,24.052498,-35.176365,60.317123,-4.961299,4.41203,8.798755,-8.776079,-12.949697,25.560516,56.480602,-2.622319,-1.45645,-12.795239
153,-3.502855062484741,-8.861084938049316,73.39493560791016,-0.23201229414250446,2.405622918979782,-11.40213956351381,-15.091879,18.545555,10.588325,44.1949,-27.065763,-13.425094,-28.168928,-22.516424,-6.2917714,50.367573,-19.841679,7.543437,-1.5872493,-1.9126555,13.222096,-2.0057693,24.224724,-35.16326,60.249157,-4.9311566,4.5024543,8.858197,-8.546704,-13.451631,25.243305,55.928394,-2.879787,-1.5038806,-12.808789
154,-3.445988893508911,-9.298661231994629,73.30400848388672,-0.22099098455567234,2.362086644591781,-11.354944700383129,-14.995808,18.899017,10.380168,44.218674,-27.017767,-13.811173,-28.292711,-23.267574,-5.9779267,49.690086,-19.073788,7.557468,-1.6454546,-1.8090897,13.196932,-2.0136418,24.392635,-35.13717,60.159454,-4.9039555,4.5930824,8.918531,-8.269985,-13.985035,24.91946,55.292377,-3.1818867,-1.5581743,-12.838252
155,-3.387744426727295,-9.75829029083252,73.23158264160156,-0.21371379652008887,2.3277476648211723,-11.272779730699794,-14.8702965,19.247202,10.1467705,44.122967,-26.888971,-14.205674,-28.358345,-23.960587,-5.6515074,48.906017,-18.282068,7.6116714,-1.7150967,-1.6950059,13.145176,-2.0026324,24.555864,-35.095158,60.03668,-4.869886,4.683859,8.997449,-7.9453588,-14.544863,24.590622,54.580643,-3.4781666,-1.611146,-12.866237
156,-3.3267111778259277,-10.243420600891113,73.18301391601562,-0.2178159159238025,2.307988500085691,-11.147748249806597,-14.722777,19.597797,9.879081,43.89269,-26.665691,-14.621042,-28.354305,-24.574907,-5.3217063,48.034203,-17.594055,7.6830487,-1.7932928,-1.56709,13.063726,-1.9765145,24.714027,-35.035213,59.87308,-4.8209534,4.774884,9.112903,-7.578956,-15.123606,24.261656,53.811146,-3.7181747,-1.6552061,-12.876202
157,-3.258640766143799,-10.749095916748047,73.15782165527344,-0.23820402106767394,2.300645135723749,-10.972825513551971,-14.559114,19.946844,9.567288,43.538704,-26.357906,-15.000033,-28.257837,-25.118675,-5.006214,47.047527,-17.076073,7.778363,-1.8815778,-1.4206924,12.9501295,-1.9390912,24.866028,-34.96694,59.67445,-4.76891,4.8737173,9.280833,-7.1655116,-15.718665,23.933254,52.96593,-3.8901238,-1.6858703,-12.862511
158,-3.1774039268493652,-11.273128509521484,73.15721130371094,-0.18031034603368928,2.3234886257379226,-10.715927272005858,-14.381833,20.120546,9.227285,43.007713,-25.935297,-15.000033,-28.129795,-25.71708,-4.643813,45.97452,-16.656809,7.9330363,-2.017032,-1.3439456,12.784448,-1.8898661,25.012222,-34.889385,59.446903,-4.714233,4.9776173,9.488149,-6.7045364,-16.328407,23.601269,52.047215,-4.022166,-1.7083027,-12.835381
159,-3.1112914085388184,-11.832184791564941,73.18006896972656,-0.11883930153668593,2.364331007056296,-10.423635851618405,-14.174901,20.280893,8.863907,42.32706,-25.40675,-15.000033,-27.956322,-26.248655,-4.257616,44.84654,-16.240023,8.097203,-2.162804,-1.2686318,12.589269,-1.8189055,25.153809,-34.777344,59.175655,-4.6282096,5.071934,9.7091675,-6.2136364,-16.943651,23.265877,51.105293,-4.119476,-1.7293919,-12.801484
160,-3.0457632541656494,-12.418667793273926,73.22288513183594,-0.04927533404898108,2.428562589717422,-10.108475090143232,-13.931901,20.427103,8.488072,41.472477,-24.75038,-15.000033,-27.77204,-26.695316,-3.8198283,43.722923,-15.736304,8.247768,-2.3174422,-1.2027366,12.366987,-1.7138388,25.293686,-34.602066,58.84655,-4.4809966,5.142033,9.917962,-5.718307,-17.550602,22.93054,50.20023,-4.188276,-1.7566983,-12.769259
161,-2.9761412143707275,-13.030478477478027,73.28541564941406,0.030241417254216748,2.5182185674910906,-9.768319344765818,-13.646563,20.555498,8.099451,40.427795,-23.97825,-15.000033,-27.58582,-27.047241,-3.2948377,42.60537,-15.116072,8.352658,-2.4895577,-1.1484699,12.111035,-1.5633137,25.436224,-34.35723,58.44566,-4.2452235,5.1850395,10.115396,-5.22855,-18.138739,22.599686,49.349503,-4.222758,-1.7982461,-12.748801
162,-2.9097955226898193,-13.671162605285645,73.37380981445312,0.11582247378733858,2.6296306232498945,-9.399710603119564,-13.321313,20.671272,7.691398,39.20771,-23.096052,-15.000033,-27.377598,-27.316345,-2.7062678,41.47051,-14.432182,8.431369,-2.6799095,-1.1038696,11.820904,-1.36931,25.584017,-34.052067,57.980167,-3.9429152,5.209452,10.312561,-4.744215,-18.705414,22.276196,48.538822,-4.223181,-1.8488314,-12.735601
163,-2.840519428253174,-14.34133529663086,73.48441314697266,0.20692216714704575,2.760410054569094,-9.010936144664234,-12.963607,20.783184,7.266158,37.833908,-22.072638,-15.000033,-27.139923,-27.513876,-2.1126878,40.33723,-13.7166395,8.540718,-2.8767753,-1.0723238,11.507904,-1.13877,25.735973,-33.682484,57.46479,-3.6188393,5.2176156,10.498724,-4.2709136,-19.246897,21.957657,47.77473,-4.207197,-1.8957975,-12.715956
164,-2.777371883392334,-15.038002967834473,73.6155776977539,0.3031632315131336,2.9084127531267394,-8.60975260834794,-12.581086,20.899977,6.8266506,36.326748,-20.87425,-15.000033,-26.861706,-27.653133,-1.5752436,39.216785,-12.998718,8.737819,-3.0686393,-1.0567487,11.183014,-0.8816038,25.888676,-33.245888,56.91801,-3.3192825,5.211228,10.663336,-3.8155189,-19.757961,21.64329,47.064392,-4.190973,-1.926509,-12.676379
165,-2.714380979537964,-15.763010025024414,73.76628875732422,0.40535369135365,3.0725994554161535,-8.192026443802742,-12.151567,21.016619,6.368397,34.6467,-19.509092,-15.000033,-26.519983,-27.736147,-1.096438,38.074245,-12.254912,9.059911,-3.2601895,-1.0597095,10.842,-0.58729637,26.037706,-32.721966,56.33672,-3.038464,5.1840463,10.8107815,-3.3770096,-20.235832,21.319239,46.413467,-4.173639,-1.9331129,-12.601346
166,-2.65232253074646,-16.51811408996582,73.928955078125,0.5135269299984261,3.253830483451989,-7.75589937151702,-11.67789,21.133173,5.8903093,32.797287,-17.989386,-15.000033,-26.125183,-27.756344,-0.6464427,36.91374,-11.4812,9.469638,-3.4553442,-1.0785586,10.480177,-0.25651813,26.181631,-32.119385,55.718437,-2.7586856,5.1369853,10.9447775,-2.956597,-20.679396,20.992321,45.82223,-4.149212,-1.9240068,-12.50281
167,-2.609234571456909,-17.29924964904785,74.1062240600586,0.6270150368303228,3.4529347986505496,-7.312682359785975,-11.206661,21.26398,5.401738,30.863995,-16.28888,-15.000033,-25.721272,-27.70869,-0.23530146,35.808475,-10.736352,9.9117775,-3.6417103,-1.1121889,10.106129,0.08398569,26.321815,-31.47717,55.085594,-2.50417,5.0819683,11.054401,-2.5708008,-21.089687,20.695454,45.298992,-4.126805,-1.9114704,-12.409444
168,-2.5582902431488037,-18.10369110107422,74.29475402832031,0.7460353859765692,3.6710145037147908,-6.873394893529087,-10.786656,21.422342,4.911434,28.935259,-14.383697,-15.000033,-25.356808,-27.589909,0.12997761,34.836296,-10.079562,10.3317,-3.8072374,-1.1599479,9.728566,0.40621865,26.46166,-30.837414,54.460526,-2.302294,5.0305395,11.128652,-2.2348452,-21.468544,20.460886,44.849274,-4.1153927,-1.907708,-12.34979
169,-2.519030809402466,-18.93869400024414,74.48748016357422,0.8759070035918806,3.9136092393247495,-6.441583024519361,-10.413266,21.60708,4.4316688,26.995262,-12.238952,-15.000033,-25.037113,-27.38965,0.45960906,33.99082,-9.573951,10.733303,-3.9469483,-1.22583,9.341149,0.7133345,26.603355,-30.198303,53.83217,-2.1661243,4.9873514,11.160715,-1.9493809,-21.813557,20.301003,44.47751,-4.102505,-1.9105438,-12.34466
170,-2.5069069862365723,-19.802413940429688,74.68716430664062,1.0165511231872169,4.178274743193141,-6.010671622312951,-10.069492,21.813372,3.954786,25.015373,-9.879558,-15.000033,-24.740519,-27.11471,0.7540553,33.235714,-9.170569,11.139075,-4.069111,-1.3116832,8.941852,1.0189672,26.746939,-29.541079,53.191887,-2.0796864,4.945625,11.157575,-1.7098136,-22.12442,20.198492,44.181126,-4.0901637,-1.9154469,-12.374869
171,-2.496082067489624,-20.690336227416992,74.89128875732422,1.1597467496974883,4.454781819049892,-5.575794485557183,-9.797889,22.049536,3.4577625,23.083174,-7.3764496,-15.000033,-24.478432,-26.777918,0.9886184,32.61075,-8.763056,11.524854,-4.1795044,-1.4118648,8.547635,1.3087312,26.892666,-28.883358,52.56454,-2.025132,4.8996444,11.12859,-1.5194821,-22.407244,20.138597,43.9494,-4.103878,-1.9309068,-12.408066
172,-2.50050950050354,-21.602216720581055,75.0923843383789,1.29764146048033,4.733269023380828,-5.132167569592843,-9.637797,22.322575,2.9182918,21.278898,-4.797752,-15.000033,-24.263287,-26.393738,1.1407574,32.154293,-8.242717,11.870594,-4.2820673,-1.5197198,8.175496,1.5650885,27.03993,-28.244572,51.976124,-1.9847552,4.8436213,11.083356,-1.3747857,-22.671858,20.10139,43.76455,-4.1713777,-1.9651906,-12.410853
173,-2.519397735595703,-22.532548904418945,75.287841796875,1.4310597201215824,5.025270302718634,-4.684342705544027,-9.585169,22.631939,2.33938,19.56288,-2.084167,-15.000033,-24.165209,-25.908592,1.3063418,31.957237,-7.4186454,12.119562,-4.3676887,-1.6343899,7.817676,1.787578,27.185524,-27.611834,51.43062,-1.9486655,4.779546,11.022319,-1.2693565,-22.9226,20.084557,43.6181,-4.331701,-2.0191545,-12.3698015
174,-2.5512077808380127,-23.48342514038086,75.46964263916016,1.5650464981776628,5.3323222646968365,-4.231807457863757,-9.64365,22.974974,1.723119,17.944899,0.759368,-15.000033,-24.158854,-25.3316,1.4645342,31.965626,-6.3965697,12.313356,-4.437041,-1.758431,7.469481,1.979193,27.328182,-26.982798,50.91768,-1.9280816,4.708881,10.941268,-1.1993707,-23.159634,20.094524,43.510956,-4.5589128,-2.0887518,-12.303169
175,-2.5874366760253906,-24.44400405883789,75.63475036621094,1.7006504491754642,5.630394825857523,-3.7607543308486955,-9.857245,23.346863,1.0467782,16.562296,3.5869102,-15.000033,-24.114761,-24.765692,1.4178804,32.00499,-5.516838,12.568456,-4.508958,-1.8929068,7.151264,2.1242168,27.472689,-26.397034,50.44396,-1.9381893,4.6253777,10.842867,-1.1664665,-23.390009,20.12536,43.442616,-4.779709,-2.1751194,-12.225137
176,-2.63431453704834,-25.424612045288086,75.77810668945312,1.8406274771383022,5.8964953678344285,-3.2554072302856114,-10.272867,23.733433,0.28220737,15.549721,6.258623,-15.000033,-23.905035,-24.32109,0.9701805,31.90364,-5.1234875,12.984009,-4.6005373,-2.039797,6.8835964,2.2062664,27.627037,-25.89728,50.012314,-1.9956055,4.522844,10.729278,-1.1654886,-23.624107,20.165636,43.403294,-4.920415,-2.2788818,-12.148445
177,-2.6803548336029053,-26.434261322021484,75.89116668701172,1.9964492449767188,6.127587950321064,-2.7005679115643786,-10.984149,24.09395,-0.7111106,15.017927,8.842873,-15.000033,-23.432358,-24.062513,-0.04718364,31.547085,-5.3273096,13.751746,-4.7192745,-2.2131186,6.6699567,2.2382457,27.795675,-25.47535,49.611347,-2.1280751,4.397967,10.605863,-1.1851261,-23.86513,20.208353,43.37048,-4.981077,-2.4007807,-12.051946
178,-2.7115511894226074,-27.461973190307617,75.96685791015625,2.1660927434668156,6.340273452143835,-2.1019991993825933,-11.951744,24.423985,-1.8954662,14.863193,11.397872,-15.000033,-22.785955,-23.914276,-1.5074521,31.046143,-5.927714,14.756812,-4.858732,-2.4086194,6.495867,2.224353,27.979551,-25.11696,49.236458,-2.3208528,4.2549877,10.468431,-1.2225095,-24.1119,20.256598,43.34354,-4.992899,-2.539897,-11.93528
179,-2.7878894805908203,-28.513973236083984,76.05258178710938,2.208902073109846,6.5665136456173485,-1.5248267612881647,-13.14676,24.916765,-3.0902588,15.078207,13.656846,-15.000033,-22.104403,-23.598408,-3.294148,30.496544,-6.7640057,15.000033,-4.9678364,-2.487629,6.343075,2.1359406,28.180687,-24.856693,48.89897,-2.5267577,4.099931,10.305279,-1.2873629,-24.372608,20.314106,43.349052,-4.9296527,-2.6941001,-11.841733
180,-2.881817579269409,-29.579126358032227,76.10586547851562,2.2529773721385995,6.770932305739375,-0.9288293744076048,-14.3785,25.42194,-4.0387635,15.4889145,15.423884,-15.000033,-21.55569,-23.243948,-4.9336014,30.163252,-7.7927346,15.000033,-5.0891366,-2.5577726,6.232945,1.9434097,28.402075,-24.732552,48.610718,-2.698085,3.9384897,10.103534,-1.380552,-24.660254,20.37976,43.402832,-4.7631474,-2.8603468,-11.812389
181,-2.97442364692688,-30.637651443481445,76.11894226074219,2.393165969031184,6.938986983235197,-0.25931001367853757,-15.61984,25.872671,-4.5334315,15.999087,16.896837,-15.000033,-21.143484,-23.004606,-6.354926,30.091633,-9.161706,15.000033,-5.261345,-2.7033062,6.1724334,1.6429172,28.646975,-24.749481,48.370422,-2.8609982,3.7377253,9.837968,-1.4836591,-24.980515,20.430353,43.47035,-4.4520416,-3.0296552,-11.831437
182,-3.0707895755767822,-31.685405731201172,76.10199737548828,2.563407724974218,7.0746402566378315,0.45696927791202663,-16.901232,26.326267,-4.7382736,16.631712,18.122292,-15.000033,-20.784367,-22.8202,-7.755035,30.176727,-10.864676,14.909228,-5.456957,-2.867798,6.165158,1.2486018,28.913944,-24.892494,48.166935,-3.029678,3.5069344,9.52156,-1.5923091,-25.334904,20.467249,43.54258,-4.021704,-3.2062979,-11.882341
183,-3.1662955284118652,-32.74079895019531,76.0471420288086,2.5258694499690555,7.195479932831774,1.0778792044736896,-18.176445,26.998495,-4.96553,17.457605,18.65,-15.000033,-20.512989,-22.29655,-9.161469,30.378763,-12.590384,13.938669,-5.565935,-2.8333473,6.2202697,0.7554855,29.194792,-25.170755,47.997395,-3.1409347,3.31348,9.2004385,-1.7300134,-25.730793,20.529322,43.671387,-3.5419185,-3.4081428,-12.00524
184,-3.282172918319702,-33.77920150756836,75.95927429199219,2.3734168015073194,7.231725497262012,1.602646712899577,-19.267326,27.676067,-5.446992,18.498093,18.055752,-15.000033,-20.385166,-21.611708,-10.347763,30.912231,-14.170933,13.068154,-5.6098547,-2.6846457,6.3941875,0.15683438,29.47825,-25.591599,47.863636,-3.1271713,3.223597,8.920438,-1.9156802,-26.177975,20.654364,43.90436,-3.0831683,-3.65242,-12.239929
185,-3.4066710472106934,-34.80206298828125,75.8207015991211,2.0728729313682246,7.167733462223032,2.0412420422183133,-20.121407,28.320433,-6.520272,19.690432,15.93578,-15.000033,-20.432161,-20.756021,-11.285728,31.897022,-15.587743,12.376447,-5.5818243,-2.383513,6.7039466,-0.6023426,29.763193,-26.206125,47.78083,-2.9269798,3.2662525,8.636928,-2.1734076,-26.697594,20.88034,44.27938,-2.6639314,-4.0060554,-12.597835
186,-3.5431206226348877,-35.78380584716797,75.67276763916016,2.107382120398733,7.074382176693532,2.5627706676321784,-20.734793,28.524986,-6.9841943,20.838423,12.743179,-12.870769,-20.851418,-20.365885,-11.833181,33.50135,-17.045883,11.840772,-5.6325545,-2.367504,7.0384965,-1.5129086,30.048466,-26.99423,47.74959,-2.5868604,3.3982441,8.344074,-2.4722369,-27.287283,21.174475,44.741295,-2.2432692,-4.440068,-13.057931
187,-3.698523759841919,-36.76457214355469,75.51084899902344,2.163556963064282,6.942808883250655,3.0125145355764884,-21.15267,28.693241,-7.1508408,22.096262,9.11341,-10.621866,-21.394606,-19.983868,-12.223474,35.293156,-18.418064,11.277431,-5.6604123,-2.36826,7.440307,-2.4729998,30.315432,-27.851492,47.74314,-2.2050378,3.5821378,8.148228,-2.7717535,-27.918245,21.475245,45.22446,-1.810279,-4.829086,-13.609532
188,-3.8645646572113037,-37.75736999511719,75.34681701660156,2.1954270369725775,6.7889134494905035,3.320086207636469,-21.34509,29.054403,-6.572395,23.431414,5.78778,-8.900796,-21.94959,-19.506292,-12.555633,36.994854,-19.638884,10.585243,-5.6468472,-2.3593879,7.8958936,-3.383981,30.54094,-28.673195,47.75481,-1.8746849,3.7806985,8.158199,-3.0442584,-28.546192,21.733057,45.685764,-1.35245,-5.0485077,-14.247809
189,-4.041966438293457,-38.76077651977539,75.1854248046875,2.1924097363207653,6.6132724889764996,3.4491431263797585,-21.217188,29.815273,-4.7598214,24.77292,2.746437,-7.8873997,-22.549084,-18.910034,-12.819464,38.632427,-20.686985,9.697308,-5.5814834,-2.3427777,8.411427,-4.2615657,30.71748,-29.503138,47.854706,-1.6636672,3.9995584,8.511692,-3.3567722,-29.145939,22.01835,46.202938,-0.8409789,-5.042876,-15.075256
190,-4.229766845703125,-39.74382781982422,75.02720642089844,2.1647136980241406,6.410882044898959,3.441365988543629,-20.803673,30.868294,-2.0757668,26.214329,-0.3729454,-7.3473773,-23.215828,-18.237974,-12.987984,40.31184,-21.60626,8.667871,-5.4820414,-2.3211086,8.979033,-5.1491156,30.845324,-30.373898,48.048203,-1.5050495,4.255024,9.117719,-3.7328792,-29.71386,22.350153,46.816902,-0.29480127,-4.8917036,-16.06914
191,-4.405141830444336,-40.70015335083008,74.88347625732422,2.131770275019252,6.1897278921358545,3.3528639339274187,-20.26533,31.974398,0.80916923,27.931595,-3.323037,-7.0010695,-23.846874,-17.525799,-13.112555,41.9023,-22.4378,7.594212,-5.380046,-2.2964497,9.559105,-5.9909034,30.91576,-31.16944,48.23836,-1.291864,4.5262723,9.741845,-4.068712,-30.236006,22.592773,47.42504,0.22339794,-4.6689715,-17.036526
192,-4.555464267730713,-41.6373176574707,74.7480697631836,2.1038471482083247,5.954785393377594,3.2352185777469598,-19.780504,32.88909,3.197061,30.046131,-5.8400745,-6.5340185,-24.340677,-16.79335,-13.244013,43.267784,-23.211283,6.5797377,-5.301633,-2.2650294,10.114365,-6.734035,30.92061,-31.774,48.33518,-0.91330636,4.792461,10.148883,-4.261926,-30.698898,22.60891,47.932774,0.6467243,-4.443564,-17.78347
193,-4.69793176651001,-42.56031799316406,74.61487579345703,2.0641960924310183,5.683336420968982,3.0368832087037188,-19.391905,33.61801,4.987456,32.69475,-7.7691126,-5.7545447,-24.664715,-15.986473,-13.35966,44.361706,-23.916883,5.6539016,-5.209625,-2.2154186,10.674208,-7.3454866,30.855488,-32.120808,48.318943,-0.27534562,5.0617337,10.277115,-4.295768,-31.088295,22.319723,48.34143,0.90081483,-4.1866565,-18.258661
194,-4.825698375701904,-43.47029495239258,74.48873901367188,2.0065559613245973,5.377291046454186,2.748091100804617,-18.983534,34.271973,6.5509853,35.726017,-9.253443,-4.821598,-24.873045,-15.100033,-13.447583,45.258694,-24.540466,4.7632556,-5.0994043,-2.1463907,11.2458,-7.8652806,30.72419,-32.28974,48.24978,0.54460555,5.3380523,10.249191,-4.228045,-31.402452,21.811445,48.708706,1.0362699,-3.872823,-18.565218
195,-4.9431023597717285,-44.37013626098633,74.37218475341797,1.953085944068716,5.077466333047491,2.4808587521662866,-18.544394,34.741467,7.869646,38.829117,-10.469494,-3.952433,-24.99577,-14.220376,-13.572897,45.998882,-25.09649,3.891096,-5.0441155,-2.069406,11.75987,-8.351858,30.532925,-32.385002,48.15972,1.3972701,5.5923676,10.107962,-4.068158,-31.655245,21.195082,49.02492,1.1735785,-3.5749738,-18.740969
196,-5.039548873901367,-45.257301330566406,74.27459716796875,1.9261453762360212,4.826447316050295,2.3488548092081314,-18.092182,34.911877,8.909455,41.723103,-11.606569,-3.3769777,-25.067333,-13.437439,-13.800719,46.62611,-25.603796,3.0204751,-5.1177053,-1.9973184,12.147497,-8.863487,30.28961,-32.510338,48.07652,2.1287398,5.797027,9.898899,-3.8103173,-31.873018,20.574823,49.264717,1.4334317,-3.3665342,-18.824146
197,-5.1197710037231445,-46.12129211425781,74.19129943847656,1.923065794254283,4.633620813105998,2.382579897652339,-17.687767,34.718548,9.556829,44.42386,-12.659624,-3.2176812,-25.08171,-12.761241,-14.16299,47.133877,-26.06392,2.1331637,-5.345506,-1.920876,12.395988,-9.381881,29.987602,-32.603374,47.967377,2.7470753,5.9417114,9.556793,-3.4185126,-32.06747,19.91718,49.363514,1.8462282,-3.2570915,-18.779062
198,-5.175386428833008,-46.96052551269531,74.1341781616211,1.9333195695088414,4.47720303949367,2.5214887446461876,-17.33844,34.207417,9.8753605,47.0675,-13.542839,-3.3505526,-25.026957,-12.145088,-14.62165,47.50254,-26.468073,1.2447476,-5.6865587,-1.8324411,12.543038,-9.887115,29.624104,-32.633606,47.82768,3.3171668,6.0383162,9.084844,-2.889302,-32.238518,19.183472,49.3345,2.3519294,-3.2079031,-18.598005
199,-5.219890117645264,-47.77871322631836,74.09387969970703,1.9665708871478051,4.353851247664152,2.742639372016535,-16.998117,33.443604,10.075211,49.579967,-14.340709,-3.6338534,-24.930243,-11.593855,-15.138172,47.757523,-26.818968,0.38795418,-6.1110787,-1.74585,12.59912,-10.422788,29.215286,-32.743908,47.709145,3.775955,6.0993824,8.631982,-2.249908,-32.394245,18.458946,49.250008,2.9378314,-3.2198403,-18.360117
200,-5.25849723815918,-48.580387115478516,74.07080841064453,2.0324634897710707,4.259655353992593,3.0223238314548335,-16.613407,32.50351,10.357925,51.87568,-15.130434,-3.9142313,-24.820454,-11.1129875,-15.674199,47.92669,-27.117899,-0.4048995,-6.5873637,-1.6776612,12.576538,-11.028273,28.785538,-33.080196,47.654026,4.0549006,6.1419168,8.346093,-1.5318087,-32.546642,17.826712,49.182083,3.5916483,-3.2954369,-18.144178
201,-5.29025936126709,-49.37261199951172,74.0620346069336,2.1454253766396585,4.198905928404702,3.377795521137479,-16.199722,31.35589,10.713003,53.95909,-15.910659,-4.186582,-24.70926,-10.729633,-16.234516,48.025204,-27.37014,-1.117343,-7.1314745,-1.6458887,12.462715,-11.701134,28.350355,-33.702553,47.65579,4.025471,6.1488113,8.28898,-0.7384679,-32.705563,17.331219,49.152256,4.3721747,-3.471885,-17.934788
202,-5.307065963745117,-50.15264892578125,74.07357788085938,2.2958642838365675,4.17068324147757,3.8130738614458948,-15.784045,29.977894,11.0519085,55.857452,-16.641287,-4.519845,-24.580717,-10.429534,-16.837938,48.03428,-27.56854,-1.7685065,-7.751769,-1.6353749,12.262277,-12.405451,27.908506,-34.519318,47.667603,3.7545228,6.1216555,8.371833,0.15084252,-32.8663,16.916515,49.106503,5.268198,-3.7334948,-17.695915
203,-5.329980373382568,-50.91218185424805,74.10002899169922,2.4568155313875155,4.162815457847838,4.28489828743018,-15.321733,28.463892,11.452281,57.49805,-17.328526,-4.859331,-24.420324,-10.15596,-17.467283,47.92604,-27.69156,-2.379856,-8.4044895,-1.6167442,12.013605,-13.126659,27.457651,-35.446365,47.669678,3.471771,6.1072283,8.516152,1.1375892,-33.01748,16.512844,49.00517,6.1601777,-4.00663,-17.478611
204,-5.350571155548096,-51.65779113769531,74.14661407470703,2.6014055870590416,4.163756242420606,4.749930310769406,-14.765524,26.908115,11.988958,58.799496,-17.972479,-5.147743,-24.211824,-9.852059,-18.105013,47.66988,-27.716963,-2.9725132,-9.045306,-1.5623659,11.754749,-13.856953,26.995687,-36.405827,47.64979,3.4031322,6.1532507,8.6447935,2.225122,-33.143703,16.047464,48.810413,6.9241,-4.220321,-17.337349
205,-5.363314151763916,-52.39380645751953,74.22219848632812,2.7223874854195644,4.182664291601262,5.211700938372661,-14.123112,25.352741,12.733627,59.783318,-18.607016,-5.264813,-23.963024,-9.517364,-18.767168,47.261654,-27.638805,-3.5436351,-9.676135,-1.4598823,11.482739,-14.607423,26.521698,-37.420742,47.605286,3.6297839,6.30111,8.753557,3.4218805,-33.23555,15.501363,48.528534,7.5179377,-4.364639,-17.296827
206,-5.3749237060546875,-53.12080383300781,74.32263946533203,2.8327742791870776,4.2212797915948945,5.688126867417582,-13.421307,23.742777,13.61307,60.46484,-19.207644,-5.2704577,-23.680239,-9.174427,-19.458199,46.717567,-27.467632,-4.0848327,-10.313169,-1.3275162,11.182828,-15.376524,26.03442,-38.52112,47.54433,4.02375,6.516853,8.877071,4.720042,-33.292534,14.9104185,48.179848,8.006962,-4.4776053,-17.327692
207,-5.384567737579346,-53.84343719482422,74.4428939819336,2.9361951722939295,4.2574137767454605,6.156928498060166,-12.642306,22.025736,14.487408,60.753082,-19.697777,-5.376223,-23.345104,-8.801347,-20.1426,46.035183,-27.205355,-4.6081295,-10.937419,-1.181917,10.875281,-16.136696,25.533175,-39.63516,47.469864,4.4967756,6.7365384,8.9967785,6.09875,-33.309067,14.288702,47.744896,8.429257,-4.5608387,-17.405302
208,-5.388901710510254,-54.562767028808594,74.58067321777344,3.035522944921675,4.269233204151061,6.595710180754457,-11.767093,20.1509,15.221532,60.55362,-20.004246,-5.7918687,-22.939766,-8.3765955,-20.784256,45.213356,-26.854536,-5.1259985,-11.532973,-1.0426553,10.578504,-16.858303,25.020998,-40.68704,47.384914,4.9645147,6.8955564,9.095572,7.5272326,-33.280605,13.660435,47.213943,8.824006,-4.616106,-17.505545
209,-5.396455764770508,-55.27457046508789,74.7421646118164,3.134692402158323,4.250408591568286,6.99414544853731,-10.753031,18.107527,15.842555,59.810562,-20.12819,-6.568453,-22.446653,-7.8921065,-21.368166,44.222744,-26.426008,-5.651298,-12.094599,-0.9127643,10.297776,-17.53746,24.50392,-41.671085,47.279682,5.443364,6.97322,9.164899,9.023363,-33.20299,13.013951,46.557964,9.159179,-4.630076,-17.675306
210,-5.393688201904297,-55.98878860473633,74.92369079589844,3.227895055565422,4.213064788877363,7.365265506298717,-9.627999,15.92947,16.385801,58.569164,-20.109554,-7.582107,-21.881195,-7.356794,-21.914886,43.07299,-25.91432,-6.176267,-12.6339,-0.7843575,10.023338,-18.183578,23.985731,-42.62036,47.15171,5.9663363,7.0053782,9.215475,10.584469,-33.075985,12.353531,45.798115,9.429434,-4.6074977,-17.91086
211,-5.386491775512695,-56.70411682128906,75.12176513671875,3.304584360036862,4.162573934713449,7.72181191221644,-8.4647045,13.641189,16.733944,56.888313,-19.941978,-8.778191,-21.26855,-6.7756257,-22.44515,41.811443,-25.291895,-6.6798897,-13.164399,-0.65989405,9.748559,-18.789684,23.468178,-43.51634,47.01829,6.472407,7.0111294,9.260234,12.152447,-32.902073,11.726349,44.996605,9.706462,-4.576033,-18.112906
212,-5.374876976013184,-57.429527282714844,75.33787536621094,3.3543884727583655,4.10447706589625,8.076343261245926,-7.32231,11.273108,16.774147,54.831657,-19.619822,-10.10516,-20.637983,-6.1517787,-22.97546,40.487217,-24.532656,-7.145633,-13.702365,-0.5411556,9.464969,-19.353384,22.955484,-44.345787,46.90193,6.8908286,7.009197,9.311887,13.663088,-32.688538,11.186531,44.222427,10.063055,-4.563129,-18.182135
213,-5.364851474761963,-58.152462005615234,75.56329345703125,3.3784545220931466,4.0296738816536335,8.431598932546871,-6.141687,8.769548,16.417946,52.296326,-19.090014,-11.687763,-19.94736,-5.4741855,-23.504416,39.038616,-23.642147,-7.577576,-14.262558,-0.43009755,9.173908,-19.852594,22.449844,-45.0935,46.784008,7.2249618,7.0011077,9.387821,15.112334,-32.442505,10.752971,43.476444,10.58789,-4.5840945,-18.073092
214,-5.363776683807373,-58.879024505615234,75.79891967773438,3.374767578253147,3.939271509232162,8.781538361061871,-4.8684993,6.1745257,15.718287,49.26755,-18.398716,-13.480863,-19.197329,-4.73823,-24.024872,37.456875,-22.626757,-7.984706,-14.83804,-0.3176299,8.880005,-20.294802,21.954832,-45.769386,46.658546,7.5027337,6.9779468,9.476611,16.525215,-32.16726,10.404224,42.729115,11.220888,-4.6187744,-17.844074
215,-5.36698055267334,-59.61358642578125,76.04440307617188,3.357152744433308,3.8610441154224513,9.138703524671099,-3.5668757,3.6161146,14.810964,45.92542,-17.643822,-15.000033,-18.498417,-4.0036807,-24.541687,35.896744,-21.470118,-8.345837,-15.423055,-0.21237133,8.568554,-20.710293,21.476316,-46.384792,46.555767,7.7059317,6.9429083,9.547196,17.878698,-31.86243,10.133063,42.003883,11.813624,-4.641944,-17.55216
216,-5.384829521179199,-60.331886291503906,76.29781341552734,3.478612802185953,3.853982543723402,9.576319164269588,-2.321603,0.963075,13.900422,42.316048,-16.80145,-15.000033,-18.094307,-3.563984,-25.0325,34.741016,-20.256775,-8.596699,-16.06812,-0.23817915,8.1574545,-21.122923,21.020224,-46.943626,46.502636,7.8251405,6.899484,9.568046,19.146414,-31.526115,9.93406,41.327938,12.216691,-4.6317477,-17.256124
217,-5.415839195251465,-61.06277847290039,76.54777526855469,3.4685553713266564,3.8465814413634685,9.987688864067916,-1.0441087,-1.3552563,12.809225,38.583553,-16.015045,-15.000033,-17.738356,-2.9800265,-25.565283,33.609642,-18.8055,-8.833891,-16.671074,-0.18230584,7.774519,-21.550478,20.591475,-47.468212,46.51228,7.835216,6.8477564,9.495949,20.34633,-31.162136,9.813275,40.686745,12.380602,-4.5641203,-16.936266
218,-5.450976848602295,-61.81135177612305,76.79622650146484,3.352874507848934,3.8408743605506412,10.384058939391753,0.3093809,-3.4235332,11.501608,34.62561,-15.201649,-15.000033,-17.41128,-2.277271,-26.132128,32.460327,-17.138128,-9.049239,-17.251825,-0.062179457,7.4126577,-21.970526,20.190937,-47.943733,46.558838,7.756396,6.7868786,9.358478,21.482666,-30.77209,9.772359,40.072304,12.387728,-4.458306,-16.573189
219,-5.501578330993652,-62.58222961425781,77.03295135498047,3.1334996296683393,3.859516226342071,10.73901582634632,1.6490686,-5.1769047,10.081289,30.656288,-14.341188,-15.000033,-17.153109,-1.4642458,-26.731583,31.312567,-15.266419,-9.195757,-17.79037,0.13503657,7.080801,-22.37337,19.823816,-48.34989,46.62666,7.608401,6.7179747,9.23079,22.51454,-30.350203,9.792372,39.51929,12.282538,-4.359474,-16.225723
220,-5.575606822967529,-63.3575325012207,77.25994873046875,2.8169792644804867,3.923279321066842,11.024745438345558,2.8658073,-6.5728536,8.668635,26.903372,-13.425066,-15.000033,-17.007494,-0.55590975,-27.356913,30.19312,-13.204185,-9.224381,-18.264545,0.41504803,6.7879467,-22.746712,19.497698,-48.663486,46.695824,7.4164615,6.6423817,9.187795,23.399406,-29.886099,9.853323,39.064476,12.109151,-4.312613,-15.953961
221,-5.6758036613464355,-64.14239501953125,77.47734069824219,2.3955274644392763,4.049682033939932,11.251794207620886,3.9366045,-7.610523,7.313028,23.330675,-12.505228,-15.000033,-16.989895,0.44238418,-28.110144,29.100317,-10.958124,-9.246674,-18.684443,0.7891272,6.5185122,-23.101868,19.217611,-48.894615,46.770443,7.1607127,6.562229,9.232985,24.149927,-29.376451,9.96137,38.69918,11.786598,-4.3463144,-15.7951565
222,-5.8043599128723145,-64.94567108154297,77.68665313720703,1.8698181169135084,4.226173178514317,11.436459826332186,4.8893056,-8.333991,5.9901214,19.86589,-11.570467,-15.000033,-17.079367,1.5361091,-28.964628,28.002287,-8.509443,-9.238872,-19.061613,1.2481133,6.2740536,-23.447687,18.987701,-49.059498,46.855095,6.830281,6.47623,9.331041,24.782558,-28.824179,10.117505,38.411274,11.319765,-4.432164,-15.711889
223,-5.958654880523682,-65.76436614990234,77.87757873535156,1.2811525864583075,4.424569811497413,11.553221732104502,5.669835,-8.802721,4.728214,16.717148,-10.538121,-15.000033,-17.264761,2.705933,-29.68913,26.891117,-5.8384085,-8.937703,-19.375061,1.7428192,6.0849833,-23.746193,18.812195,-49.11779,46.917377,6.4915743,6.38094,9.49866,25.25823,-28.222868,10.296947,38.230576,10.882236,-4.5292044,-15.652378
224,-6.134840965270996,-66.60334777832031,78.0527572631836,0.6940381057064607,4.613749403388664,11.57023819715672,6.225301,-9.097183,3.5633914,14.098738,-9.329663,-15.000033,-17.543962,3.9112844,-30.014292,25.793406,-2.9469552,-8.064781,-19.59449,2.1982002,5.971945,-23.968948,18.699665,-49.04344,46.930546,6.197098,6.272139,9.753505,25.538729,-27.56242,10.472305,38.190437,10.646142,-4.597097,-15.564755
225,-6.341601848602295,-67.44918060302734,78.2145767211914,0.13042063985701854,4.813921844905931,11.462426203990137,6.5144277,-9.282886,2.4340284,11.972853,-7.684649,-15.000033,-18.027235,5.114414,-29.89129,24.880775,0.19472094,-6.6360226,-19.703869,2.595624,5.918852,-24.101646,18.657644,-48.79707,46.877377,5.945718,6.143096,10.142489,25.592175,-26.82821,10.639708,38.330486,10.671706,-4.629793,-15.449226
226,-6.57025146484375,-68.30730438232422,78.365234375,-0.408499410480959,5.024361542224178,11.239452521327657,6.553674,-9.367618,1.3810445,10.278954,-5.739979,-15.000033,-18.700153,6.3203144,-29.375084,24.141132,3.5085745,-4.7022815,-19.707594,2.930891,5.90974,-24.164328,18.69322,-48.411263,46.769302,5.70936,5.9969606,10.642277,25.44452,-26.017624,10.806378,38.630512,10.858105,-4.647828,-15.3308935
227,-6.814175128936768,-69.1773681640625,78.50016784667969,-0.8694835242682862,5.185192624201875,10.923551757201896,6.365906,-9.372421,0.5907997,9.216774,-4.014252,-15.000033,-19.375462,7.5405087,-28.30911,23.364706,6.793673,-2.0278616,-19.609142,3.132245,5.9586506,-24.155184,18.810392,-47.939266,46.60685,5.532567,5.847231,11.165608,25.13928,-25.142393,10.96379,39.034927,11.138115,-4.6510386,-15.195116
228,-7.068946361541748,-70.06320190429688,78.59864044189453,-1.1984877051200447,5.24155640872985,10.543256093464958,5.9270577,-9.318772,0.24687533,9.077811,-3.0806506,-15.000033,-19.854086,8.783635,-26.53565,22.357561,9.828845,1.6046602,-19.418434,3.1341524,6.077032,-24.076721,19.012365,-47.43795,46.393333,5.449786,5.7079453,11.625747,24.722582,-24.220957,11.1057005,39.48312,11.448893,-4.6383147,-15.026065
229,-7.331817626953125,-70.97030639648438,78.6557846069336,-1.3180185764496557,5.1573715633236334,10.079671840715504,5.159809,-9.270956,0.4021628,10.155735,-3.1573887,-15.000033,-19.94621,10.159289,-23.560287,20.79072,12.813678,7.01226,-19.134727,2.8499389,6.2778974,-23.896662,19.305351,-46.85909,46.10132,5.5047874,5.57243,12.020998,24.18971,-23.250124,11.204514,39.984104,11.843955,-4.5950813,-14.794685
230,-7.611400604248047,-71.83318328857422,78.6521987915039,-1.0707392501689585,5.020292180811063,9.612319301908625,4.414713,-9.753212,0.9380063,11.413601,-3.480966,-11.764155,-20.171494,11.20141,-19.523468,19.816254,15.053275,13.975726,-18.831856,2.2084591,6.46614,-23.630678,19.687313,-46.183914,45.72025,5.6621714,5.4417896,12.389317,23.516886,-22.236628,11.254034,40.554855,12.333028,-4.5240283,-14.513673
231,-7.887121200561523,-72.77580261230469,78.57452392578125,-1.0939717040965715,4.91256596213105,8.73972754921494,2.9816153,-9.631657,2.2000966,14.159596,-4.9198055,-8.341204,-19.94697,12.424249,-17.365395,18.31287,16.91487,15.000033,-18.1208,1.8086948,6.7006855,-23.33189,20.053438,-45.486115,45.37919,5.8649898,5.321488,12.713626,22.856447,-21.343485,11.318934,41.018074,12.859298,-4.4309793,-14.213604
232,-8.143518447875977,-73.68920135498047,78.41294860839844,-1.3127095973058551,4.780422535737118,7.969521820950715,1.6396848,-9.048802,3.5921082,16.885054,-6.6741457,-5.3156867,-20.068195,13.302559,-16.148624,17.96576,17.500784,15.000033,-17.41279,1.50341,7.0462317,-23.00726,20.631739,-44.913456,44.95218,6.0381093,5.2573285,12.947376,21.97588,-20.24965,11.470941,41.629494,13.156447,-4.392046,-14.008841
233,-8.422224044799805,-74.61080932617188,78.2352523803711,-1.704330423771059,4.6316312844736744,7.334885940061268,0.52675366,-7.9833517,5.2180324,19.326757,-8.673009,-2.6073363,-20.816078,13.828023,-15.464526,19.212528,16.45596,15.000033,-16.75874,1.4174008,7.4863863,-22.68805,21.262577,-44.447,44.509785,6.1944876,5.231382,13.081395,21.051277,-19.234142,11.669147,42.152157,13.296278,-4.381363,-13.849806
234,-8.721731185913086,-75.52417755126953,78.08538055419922,-2.1832069830053533,4.458361878539592,6.769362660260207,-0.42691863,-6.5549946,7.056866,21.680218,-11.0117035,0.02073787,-21.966368,14.114506,-15.055064,21.498154,14.254132,15.000033,-16.127193,1.4538016,7.996399,-22.33846,21.938158,-44.012543,44.050625,6.370592,5.2341967,13.132856,20.061935,-18.285263,11.91179,42.620247,13.349248,-4.38441,-13.715002
235,-9.014877319335938,-76.3710708618164,77.89530181884766,-2.663271738743948,4.285808092950161,6.289414899271397,-1.221175,-5.0269146,8.73815,23.79511,-13.471889,2.2480671,-23.328753,14.093686,-14.951543,24.323702,11.502878,15.000033,-15.528774,1.529026,8.524073,-21.954582,22.646437,-43.602123,43.60781,6.497899,5.2777543,13.155867,19.0122,-17.404846,12.203241,43.0528,13.336836,-4.3951154,-13.601722
236,-9.317136764526367,-77.20276641845703,77.65409088134766,-3.070538244479398,4.139958446561604,5.909315776398868,-1.9083562,-3.6552277,9.935446,25.583002,-15.814286,3.7673178,-24.733648,13.676475,-15.196177,27.274456,8.753632,15.000033,-14.973377,1.570231,9.024278,-21.534225,23.3703,-43.205097,43.217457,6.509653,5.3737917,13.206394,17.904186,-16.600903,12.549035,43.469116,13.282936,-4.4070144,-13.506278
237,-9.627626419067383,-78.03164672851562,77.37542724609375,-3.366010349035464,3.9992218040860203,5.650094966891762,-2.4810743,-2.518585,10.603413,27.01524,-17.967524,4.3554516,-26.169447,12.752177,-15.771328,30.442028,5.924189,15.000033,-14.467695,1.5314944,9.513585,-21.10466,24.097443,-42.84467,42.907135,6.371576,5.531504,13.2876625,16.733917,-15.878659,12.9646435,43.85819,13.16816,-4.4155393,-13.4002695
238,-9.941544532775879,-78.85432434082031,77.06365203857422,-3.5429128164585593,3.8531219696902106,5.499875245133671,-2.9423387,-1.5421846,10.97638,28.159763,-20.01338,4.2382903,-27.647627,11.30932,-16.578709,33.939053,2.825753,15.000033,-14.00373,1.4051461,10.000723,-20.66573,24.821081,-42.519352,42.673058,6.1283197,5.740755,13.375843,15.508517,-15.2337885,13.444383,44.209633,12.991447,-4.4247203,-13.294171
239,-10.263323783874512,-79.66661834716797,76.71441650390625,-3.6130872565467516,3.747146136758478,5.420433872962864,-3.407994,-0.7040892,11.150454,29.159296,-21.97164,3.788438,-29.06039,9.440952,-17.553051,37.43585,-0.20969808,15.000033,-13.565343,1.210239,10.436228,-20.182343,25.53244,-42.186977,42.51025,5.8244762,5.983564,13.48654,14.24051,-14.663,13.961192,44.549477,12.803047,-4.441031,-13.242793
240,-10.567042350769043,-80.478515625,76.34016418457031,-3.6097694272386156,3.7303817918646858,5.368005707439178,-3.9693613,0.026462678,11.191024,30.102913,-23.853748,3.3773644,-30.344076,7.258467,-18.67235,40.656067,-2.8738067,15.000033,-13.134471,0.98973674,10.77054,-19.614405,26.22111,-41.800617,42.41091,5.506777,6.2421265,13.634969,12.940509,-14.164268,14.490314,44.905853,12.653812,-4.470338,-13.300891
241,-10.874518394470215,-81.28458404541016,75.94951629638672,-3.5575521931365497,3.8409045442110883,5.350954969230473,-4.649562,0.64483196,11.009738,30.93854,-25.762714,3.0362775,-31.513689,4.705044,-20.062847,43.601925,-5.1316032,15.000033,-12.709152,0.77439946,10.971645,-18.971626,26.878365,-41.35952,42.4028,5.177701,6.5246778,13.82284,11.575527,-13.73821,15.066078,45.330223,12.594713,-4.515622,-13.478687
242,-11.17120361328125,-82.06416320800781,75.55364990234375,-3.435993737011506,4.03263257367851,5.397676892085997,-5.3957553,1.132371,10.608895,31.658512,-27.668827,2.5941632,-32.555214,1.7267886,-21.678059,46.421696,-7.1910343,15.000033,-12.307888,0.5329926,11.082119,-18.273596,27.49997,-40.88693,42.493824,4.816909,6.835005,14.044177,10.148778,-13.384701,15.692608,45.798195,12.586701,-4.57344,-13.748744
243,-11.45854377746582,-82.83065032958984,75.16607666015625,-3.2259049032083214,4.236425018484508,5.484908935829124,-6.199041,1.5124336,10.167568,32.44103,-29.406395,2.1206677,-33.411736,-1.5197569,-23.269424,49.06926,-9.096083,15.000033,-11.932058,0.23124464,11.159116,-17.495377,28.082834,-40.373756,42.643936,4.433991,7.1484246,14.302219,8.726532,-13.099811,16.299763,46.221893,12.544767,-4.638955,-14.109936
244,-11.71692943572998,-83.58218383789062,74.79754638671875,-2.9090492463795314,4.389968675762245,5.582175670533224,-7.0528903,1.8122782,9.863013,33.45912,-30.806211,1.6876559,-34.066296,-4.86218,-24.603054,51.48888,-10.866864,15.000033,-11.574062,-0.1638563,11.255094,-16.611778,28.62396,-39.812786,42.811443,4.0388474,7.440594,14.599607,7.375989,-12.880708,16.81355,46.51277,12.38155,-4.706709,-14.561085
245,-11.957732200622559,-84.33833312988281,74.45418548583984,-2.582167492092535,4.5732670040619,5.523402578717954,-8.20295,2.2424147,9.852031,35.089455,-31.895164,1.2936201,-34.57296,-8.191587,-26.12875,53.549618,-12.426731,13.333474,-11.086495,-0.5701909,11.31237,-15.610051,29.118341,-39.183254,42.989765,3.6526265,7.7170715,14.963446,6.0788884,-12.729291,17.238325,46.677704,12.022582,-4.7900186,-15.14175
246,-12.169291496276855,-85.11321258544922,74.13099670410156,-2.2121278583824857,4.7981056428247255,5.3789508899334955,-9.555083,2.701957,9.995579,37.08978,-32.722183,0.92583966,-34.984947,-11.599804,-27.684805,55.363533,-13.844935,11.223035,-10.518716,-1.0064533,11.31701,-14.506773,29.561348,-38.49997,43.201725,3.2626374,7.98578,15.383639,4.8115096,-12.647547,17.605803,46.75292,11.529391,-4.8829184,-15.83973
247,-12.362568855285645,-85.8936996459961,73.83110809326172,-1.819712298014885,4.99016331786731,5.250248266455681,-10.854111,3.1558795,10.142121,39.07613,-33.33893,0.5240257,-35.28313,-14.919885,-29.006842,56.92063,-15.125336,9.210321,-9.958569,-1.4484135,11.332633,-13.326355,29.952513,-37.816612,43.454063,2.8272135,8.225462,15.805123,3.644141,-12.626717,17.883944,46.68458,11.020805,-4.950856,-16.575949
248,-12.536351203918457,-86.67887878417969,73.56587982177734,-1.4905630234825653,5.10089996755923,5.175424365058243,-11.913533,3.6694467,10.177535,40.75477,-33.846832,-0.0044218493,-35.463978,-17.89306,-29.927473,58.135773,-16.188303,7.4806566,-9.428327,-1.8098086,11.40108,-12.100967,30.2952,-37.19425,43.75887,2.305481,8.415133,16.172655,2.6483467,-12.65098,18.036238,46.423412,10.612424,-4.9641895,-17.270937
249,-12.673933982849121,-87.47500610351562,73.33727264404297,-1.2404974989194446,5.109237767655038,5.163150869871228,-12.688556,4.25486,10.079005,42.08288,-34.248775,-0.7193943,-35.557182,-20.482372,-30.402952,58.996243,-16.981018,6.02672,-8.915052,-2.076733,11.544037,-10.84333,30.59075,-36.656776,44.137016,1.5996221,8.542093,16.51252,1.8546464,-12.703607,18.016518,45.94629,10.347487,-4.9119062,-17.977867
250,-12.780210494995117,-88.26461029052734,73.14923858642578,-1.029390414221122,5.043524729769628,5.192338996167537,-13.275134,4.875075,9.909251,43.201843,-34.501297,-1.5674989,-35.597744,-22.814955,-30.537188,59.555443,-17.517275,4.763312,-8.401908,-2.2915123,11.728354,-9.550771,30.837154,-36.185978,44.58929,0.7607794,8.61888,16.841064,1.2157607,-12.783895,17.849405,45.29853,10.154663,-4.8141994,-18.715246
251,-12.850186347961426,-89.05924987792969,73.00370025634766,-0.860619201314419,4.928635784936999,5.2564903564030665,-13.700642,5.520807,9.682694,44.098164,-34.63651,-2.471582,-35.589,-24.88311,-30.376749,59.834885,-17.798832,3.7578452,-7.910134,-2.4470344,11.913119,-8.234481,31.03657,-35.778385,45.09734,-0.03404552,8.665681,17.08716,0.68558174,-12.90614,17.60913,44.530937,9.980738,-4.6905127,-19.35232
252,-12.895514488220215,-89.85098266601562,72.89727020263672,-0.7379851656594232,4.789215185147589,5.349298963357123,-13.9941635,6.1856422,9.411552,44.75804,-34.683376,-3.351817,-35.523087,-26.676998,-29.967218,59.85271,-17.827248,3.0805132,-7.464677,-2.5339768,12.060573,-6.8986053,31.193352,-35.423374,45.632908,-0.6076717,8.70655,17.17892,0.22371602,-13.093534,17.373163,43.68386,9.774608,-4.5594044,-19.756493
253,-12.916733741760254,-90.64138793945312,72.82987213134766,-0.6850095016471255,4.595902782557171,5.472845694845889,-14.113092,6.8946686,9.081081,45.165897,-34.657715,-4.193908,-35.36307,-28.133858,-29.242039,59.566235,-17.52857,2.8566213,-7.079107,-2.5233052,12.194941,-5.529721,31.30841,-35.137608,46.1984,-0.9309738,8.7458105,17.074156,-0.16755864,-13.373014,17.151083,42.7177,9.55125,-4.398877,-19.829145
254,-12.930912971496582,-91.43539428710938,72.7892074584961,-0.6956739003146923,4.34810992729816,5.629053885137572,-14.055923,7.6460924,8.69028,45.333485,-34.54485,-5.0365205,-35.115803,-29.278435,-28.202677,58.98706,-16.914719,3.0103185,-6.740713,-2.416208,12.327834,-4.1263404,31.381119,-34.914597,46.79298,-1.0910796,8.774529,16.817001,-0.45419523,-13.74942,16.907722,41.599903,9.335187,-4.2072906,-19.658155
255,-12.919597625732422,-92.23814392089844,72.77946472167969,-0.727342339373436,4.114029315863787,5.811340881534157,-13.917836,8.397388,8.26827,45.290146,-34.325687,-5.8773947,-34.837738,-30.233004,-26.99564,58.21929,-16.124681,3.3125868,-6.438765,-2.255757,12.40294,-2.70531,31.416666,-34.705734,47.381397,-1.0854666,8.796838,16.464998,-0.6355101,-14.205573,16.655909,40.390797,9.083783,-4.034325,-19.392832
256,-12.892402648925781,-93.06167602539062,72.79559326171875,-0.7359582279500899,3.961213233156803,6.0132593608074965,-13.798803,9.104811,7.840572,45.066185,-33.976437,-6.714472,-34.592705,-31.122948,-25.769484,57.36732,-15.297499,3.5333006,-6.168121,-2.0919309,12.364463,-1.2695872,31.425165,-34.450024,47.918415,-0.9079691,8.8163805,16.075314,-0.7245393,-14.708806,16.414915,39.166225,8.754516,-3.9311702,-19.185104
257,-12.838752746582031,-93.89364624023438,72.84568786621094,-0.7154465116408547,3.9132050068904043,6.234242287765797,-13.7457485,9.7631645,7.396367,44.68873,-33.496906,-7.545284,-34.415604,-31.934103,-24.47654,56.422142,-14.473313,3.6906216,-5.9367337,-1.9367974,12.184383,0.20451315,31.415495,-34.12689,48.38355,-0.48357892,8.826323,15.622911,-0.7509705,-15.246918,16.220394,37.97202,8.341815,-3.950186,-19.080347
258,-12.774857521057129,-94.73613739013672,72.92395782470703,-0.6868828529286127,3.9320914744396482,6.476602109932313,-13.704611,10.397177,6.9215136,44.140984,-32.896793,-8.369762,-34.25727,-32.61571,-23.065556,55.347645,-13.586754,3.8790658,-5.7513423,-1.7744983,11.896465,1.7289801,31.392784,-33.757267,48.787575,0.1613351,8.823669,15.089866,-0.71624756,-15.820296,16.060392,36.78089,7.861442,-4.053526,-19.00069
259,-12.698137283325195,-95.59600067138672,73.03019714355469,-0.6450851259902389,3.9937225276613657,6.738622511463005,-13.621469,11.005422,6.436169,43.378716,-32.16232,-9.18919,-34.068504,-33.24236,-21.680815,54.20451,-12.604143,3.983854,-5.6041584,-1.616733,11.537863,3.276216,31.363947,-33.34982,49.13729,0.87484294,8.820141,14.543654,-0.59870815,-16.407694,15.882409,35.56792,7.3031597,-4.1579647,-18.914143
260,-12.591936111450195,-96.47540283203125,73.16532135009766,-0.5833385245761982,4.0732796657692045,7.018011518336922,-13.441154,11.585974,5.962552,42.360104,-31.280567,-10.005065,-33.80941,-33.889565,-20.466742,53.05489,-11.493775,3.89108,-5.4862046,-1.4810301,11.143276,4.819529,31.338385,-32.911697,49.44332,1.5069975,8.831918,14.0522995,-0.38347492,-16.975609,15.6310425,34.320965,6.651112,-4.181988,-18.789131
261,-12.467743873596191,-97.37997436523438,73.3227767944336,-0.4851871331310269,4.178555065388419,7.320973873804579,-13.15683,12.116624,5.5169077,41.05571,-30.259027,-10.800357,-33.52635,-34.619728,-19.437824,51.97777,-10.1876545,3.4151156,-5.4061112,-1.3918803,10.699413,6.381189,31.324331,-32.427517,49.688847,2.0449715,8.880721,13.635646,-0.06819074,-17.500648,15.282125,33.037197,5.7984734,-4.0913444,-18.620817
262,-12.324246406555176,-98.30465698242188,73.50727081298828,-0.35701110009689535,4.317539351442794,7.646758173571477,-12.793034,12.605153,5.08262,39.489273,-29.096685,-11.577651,-33.233166,-35.386757,-18.532188,50.93384,-8.72961,2.6639037,-5.3660097,-1.3449743,10.193538,7.97333,31.327671,-31.894455,49.869423,2.5581675,8.954689,13.256839,0.32382855,-17.979889,14.867586,31.747438,4.7770057,-3.938315,-18.425388
263,-12.1587495803833,-99.2562026977539,73.7131118774414,-0.22798310352179665,4.466307155367442,7.982358397198105,-12.34333,13.094485,4.6326056,37.701622,-27.771015,-12.3683195,-32.843563,-36.0994,-17.775204,49.81137,-7.2550845,1.9679857,-5.34781,-1.3121762,9.6613035,9.554517,31.354128,-31.3368,50.013935,3.0207262,9.022422,12.898555,0.7673739,-18.410398,14.417004,30.4885,3.7832305,-3.7712636,-18.20337
264,-11.977599143981934,-100.22224426269531,73.93915557861328,-0.12823660078369642,4.601710456168497,8.313958752174983,-11.804938,13.627587,4.138081,35.737328,-26.261448,-13.204898,-32.25884,-36.655407,-17.184593,48.487755,-5.8917103,1.6658903,-5.330703,-1.2654369,9.137776,11.079147,31.409067,-30.782495,50.155735,3.4060156,9.052424,12.544424,1.2381638,-18.790804,13.95615,29.297169,3.01213,-3.6365035,-17.957249
265,-11.788871765136719,-101.22110748291016,74.17823791503906,-0.06512907584954791,4.710682488525857,8.643010184796404,-11.116262,14.2036495,3.5818548,33.50163,-24.563818,-14.106501,-31.359718,-37.0843,-16.893764,46.867115,-4.5927124,1.9104928,-5.3146753,-1.1961892,8.630051,12.567768,31.494114,-30.223106,50.286743,3.6904542,9.0377445,12.204071,1.751769,-19.114834,13.46467,28.158056,2.5011115,-3.5357542,-17.663256
266,-11.587904930114746,-102.24191284179688,74.42242431640625,-0.010030494991516842,4.809785966651032,8.979223816798326,-10.296408,14.778039,2.977187,30.990149,-22.679083,-15.000033,-30.232203,-37.425156,-16.83022,45.037594,-3.3103523,2.5133183,-5.3134913,-1.1335138,8.118861,14.038292,31.611055,-29.64357,50.390038,3.8928401,8.996627,11.882267,2.3082957,-19.37968,12.936865,27.06252,2.149039,-3.4468632,-17.329695
267,-11.39046573638916,-103.27043151855469,74.6742935180664,0.20418217579542058,4.933689126803594,9.363069040843182,-9.424801,15.032022,2.3180127,28.252844,-20.517683,-15.000033,-29.1574,-37.772045,-16.579437,43.160255,-2.1566267,3.3415124,-5.3652596,-1.2357556,7.575752,15.439655,31.767118,-29.061852,50.487938,4.0500674,8.933149,11.555675,2.8615382,-19.592009,12.421709,26.053516,1.946267,-3.3779986,-17.00907
268,-11.1941556930542,-104.32699584960938,74.92009735107422,0.39784724849527775,5.081159056625137,9.727566797209617,-8.654646,15.361604,1.6630105,25.632935,-18.162971,-15.000033,-28.185751,-37.827312,-16.036081,41.3369,-1.2876877,4.1473393,-5.407501,-1.3442208,7.0370064,16.724682,31.96961,-28.495653,50.594444,4.1984215,8.852421,11.200718,3.3689497,-19.767593,11.965706,25.168182,1.8824352,-3.336312,-16.751587
269,-11.004520416259766,-105.40775299072266,75.16709899902344,0.5685947510708724,5.25167370753027,10.06752420739342,-7.978363,15.775564,1.0220835,23.126175,-15.578312,-15.000033,-27.293346,-37.549644,-15.126645,39.506763,-0.88276935,4.8991156,-5.436556,-1.4562777,6.5018034,17.91107,32.223076,-27.922306,50.69717,4.3259673,8.731867,10.805268,3.830511,-19.91208,11.567396,24.387371,2.0124397,-3.3147078,-16.541147
270,-10.824968338012695,-106.51109313964844,75.40461730957031,0.7194198242049243,5.435555592966444,10.391396948542962,-7.348509,16.256783,0.38777572,20.64873,-12.779306,-15.000033,-26.386778,-37.028393,-14.012417,37.62809,-0.84017074,5.6599293,-5.4613695,-1.5716938,5.973948,19.023516,32.52831,-27.334986,50.78151,4.418195,8.577555,10.38265,4.2675447,-20.024557,11.207098,23.691828,2.3264296,-3.3092422,-16.35982
271,-10.65675163269043,-107.63772583007812,75.63523864746094,0.8603645629748835,5.639857597042733,10.711742548913811,-6.847188,16.787352,-0.24207875,18.316513,-9.848258,-15.000033,-25.53509,-36.36835,-12.777101,35.861156,-0.8765439,6.3855147,-5.4898376,-1.697963,5.460842,20.020256,32.885338,-26.77804,50.863308,4.51329,8.435616,9.947628,4.6745415,-20.11284,10.901388,23.117811,2.7196932,-3.3356872,-16.254784
272,-10.508794784545898,-108.78256225585938,75.85496520996094,1.0034665605159836,5.874022044815813,11.039856096469649,-6.560819,17.348467,-0.8730797,16.253109,-6.8724275,-15.000033,-24.822163,-35.650307,-11.4862,34.36298,-0.6963141,7.06216,-5.5278807,-1.8409839,4.967103,20.853537,33.292225,-26.300953,50.963654,4.650408,8.350909,9.515316,5.0513353,-20.187864,10.665089,22.696394,3.0896904,-3.4112365,-16.2722
273,-10.372102737426758,-109.9511947631836,76.05892181396484,1.146452759022439,6.159397451097593,11.372607609021427,-6.5454507,17.933128,-1.5980554,14.499533,-3.8007863,-15.000033,-24.35206,-34.826626,-10.024809,33.217216,-0.20632808,7.5943923,-5.567821,-1.9914472,4.4767995,21.498734,33.74764,-25.919462,51.10507,4.8253217,8.34051,9.078179,5.400519,-20.254614,10.502119,22.410398,3.5091643,-3.5543153,-16.45376
274,-10.240158081054688,-111.13232421875,76.24918365478516,1.2944667299233839,6.487533876929083,11.708055999700408,-6.771513,18.540428,-2.390492,13.031757,-0.6289098,-15.000033,-24.051905,-33.871567,-8.391633,32.31606,0.4400359,8.044525,-5.6098113,-2.1558816,3.989015,21.975931,34.251465,-25.61382,51.280586,5.024219,8.3773575,8.632364,5.7280045,-20.313759,10.401782,22.246391,4.0007353,-3.7536292,-16.763199
275,-10.123784065246582,-112.33012390136719,76.4171371459961,1.4715307170220642,6.824760034070344,12.060878329937285,-7.2041373,19.15355,-3.0931208,11.889178,2.4744377,-15.000033,-23.756086,-32.881622,-6.8105373,31.525986,1.1723505,8.65483,-5.673827,-2.36307,3.5279417,22.296871,34.804558,-25.387577,51.471767,5.2664523,8.439856,8.197974,6.0379653,-20.369015,10.358779,22.240528,4.3878927,-3.980442,-17.131327
276,-10.012239456176758,-113.5534896850586,76.56709289550781,1.7007588385500472,7.138771967297517,12.446249101241248,-7.8042855,19.757751,-3.5409844,11.10009,5.359202,-15.000033,-23.30897,-31.953728,-5.4951415,30.70735,1.9139873,9.661161,-5.7798796,-2.6404917,3.1164641,22.47209,35.407734,-25.246119,51.66025,5.5707173,8.506249,7.7952995,6.3357377,-20.427122,10.366592,22.428268,4.4948435,-4.2026052,-17.489758
277,-9.90988540649414,-114.8005599975586,76.69097137451172,2.0327139017632145,7.442859200321934,12.893309130859269,-8.587773,20.315584,-3.6136847,10.54494,8.338429,-15.000033,-22.687248,-31.084045,-4.332073,29.800909,2.9604266,11.361442,-5.9478035,-3.036671,2.736057,22.485659,36.06885,-25.201591,51.850895,5.985602,8.579525,7.4101043,6.6372256,-20.48431,10.434012,22.824795,4.218907,-4.439004,-17.869377
278,-9.811273574829102,-116.06620788574219,76.79891967773438,2.447279251384919,7.752172908530828,13.392411791321273,-9.583446,20.844248,-3.4410622,10.267829,11.379426,-15.000033,-21.978209,-30.220467,-3.2380319,28.87659,4.227822,13.574222,-6.167685,-3.5295856,2.373439,22.335154,36.79056,-25.253994,52.047047,6.4867725,8.667145,7.0365977,6.9394827,-20.537731,10.559155,23.405859,3.671226,-4.692982,-18.29294
279,-9.710460662841797,-117.36715698242188,76.8840560913086,2.695007151514455,8.077083049527443,13.829726240344472,-10.782258,21.609913,-3.2440434,10.489267,13.828798,-15.000033,-21.209955,-29.223137,-2.7789228,27.916544,5.1470356,15.000033,-6.347728,-3.8857307,2.041018,22.043121,37.557884,-25.396881,52.23593,6.9806085,8.755664,6.7089925,7.2174726,-20.60163,10.72153,24.149033,3.0021667,-4.910077,-18.678898
280,-9.592427253723145,-118.69794464111328,76.8857192993164,2.607120218545594,8.362206780265694,14.155884372895088,-12.45071,22.713982,-3.4205115,12.061696,14.691948,-15.000033,-20.381918,-28.061382,-3.3171227,26.977415,5.149477,15.000033,-6.456875,-3.932366,1.8125056,21.640865,38.342075,-25.615925,52.394154,7.379559,8.833802,6.462312,7.4479213,-20.70647,10.896765,25.021906,2.3673096,-5.0370617,-18.940184
281,-9.478447914123535,-120.0204849243164,76.8368911743164,2.422130658548049,8.524092906795937,14.463699142143755,-13.942554,23.835964,-3.9694023,13.878278,14.3013,-15.000033,-19.399931,-27.035122,-4.5641303,26.030949,3.8651743,15.000033,-6.58147,-3.8778987,1.7403018,21.114382,39.129486,-25.918667,52.536537,7.6978908,8.881578,6.2793093,7.6246114,-20.880764,11.083988,26.054447,1.7208881,-5.082568,-19.01812
282,-9.399483680725098,-121.3084487915039,76.7704086303711,2.14724281122123,8.59438251230507,14.741882037677943,-15.263013,25.004469,-4.6847544,15.77888,13.058019,-15.000033,-18.279203,-26.025257,-6.3670077,25.027056,1.7188029,15.000033,-6.7071824,-3.7292511,1.797273,20.441536,39.913494,-26.318832,52.67633,7.9694095,8.911636,6.1516604,7.7670226,-21.13235,11.296847,27.234772,1.0207539,-5.067473,-18.967781
283,-9.335529327392578,-122.57683563232422,76.63888549804688,1.8325079137818183,8.565832466301398,14.961699304623934,-16.431423,26.20999,-5.1660104,17.913427,11.164541,-15.000033,-17.21057,-24.993753,-8.281992,24.202887,-0.81634474,15.000033,-6.8190107,-3.5358508,1.9881009,19.64932,40.673767,-26.792334,52.79314,8.146078,8.960261,6.1286793,7.8878,-21.45184,11.542411,28.469727,0.43016565,-4.9593563,-18.873377
284,-9.309456825256348,-123.78669738769531,76.49325561523438,1.9925926803991063,8.495147137307168,15.238002947615502,-17.178404,26.95357,-4.156623,19.808458,9.15926,-12.839809,-16.628014,-24.530275,-9.71202,24.05159,-3.3758688,15.000033,-7.0462084,-3.769203,2.1932783,18.753826,41.387924,-27.313084,52.89679,8.181005,9.061476,6.263141,7.987849,-21.810427,11.844346,29.685377,0.10968293,-4.7256384,-18.826313
285,-9.292280197143555,-124.97322845458984,76.32611846923828,2.2196322734666833,8.326177936688698,15.472082219008955,-17.475563,27.798449,-2.2139385,21.632694,6.627925,-10.6257515,-16.329168,-24.166512,-10.935305,24.458822,-5.9829545,15.000033,-7.3024035,-4.0681205,2.5051491,17.729765,42.048492,-27.916832,53.02703,8.018951,9.224519,6.598593,8.018849,-22.205896,12.249099,30.909525,0.135989,-4.27497,-18.826334
286,-9.282783508300781,-126.15692901611328,76.14085388183594,2.5053895336468504,8.062775300700785,15.678482302422788,-17.392109,28.710743,0.33418733,23.514236,3.406709,-8.452187,-16.231892,-23.948988,-12.148806,25.332376,-8.846957,15.000033,-7.5992064,-4.4235306,2.9213343,16.551071,42.65435,-28.621725,53.199833,7.6802793,9.428505,7.104049,7.9723697,-22.642738,12.744,32.185852,0.40777382,-3.6527815,-18.840818
287,-9.277996063232422,-127.3429183959961,75.9231948852539,2.795600943839022,7.736226241701638,15.815580538210009,-17.045649,29.61822,3.0173788,25.5101,0.056041785,-6.538167,-16.368063,-23.765844,-13.154177,26.627516,-11.676361,15.000033,-7.8810277,-4.784116,3.4281855,15.336893,43.180367,-29.258575,53.300488,7.3334765,9.666366,7.7176948,7.917773,-23.09907,13.233817,33.462353,0.8078528,-3.029575,-18.903574
288,-9.294893264770508,-128.5408935546875,75.70665740966797,2.8687407370667297,7.4291109610740484,15.757999386778655,-16.663311,30.6858,5.3884373,27.713432,-2.8120139,-5.066867,-16.7827,-23.175257,-13.759416,28.147072,-14.090287,14.250738,-8.015317,-4.9449606,3.9848838,14.262298,43.58909,-29.58749,53.189384,7.2053814,9.933765,8.378184,7.9204755,-23.542404,13.62688,34.703487,1.2118856,-2.5772028,-19.045301
289,-9.327451705932617,-129.7447052001953,75.47312927246094,2.8427494791841026,7.090662597330396,15.5506919418111,-16.224976,31.841091,7.616055,30.210915,-4.9902835,-3.985328,-17.578466,-22.367455,-13.702365,30.189793,-16.083605,13.366474,-8.198362,-5.0152516,4.665941,12.715158,43.954193,-30.339005,53.355305,6.603003,10.235122,9.144407,7.80705,-23.975183,14.071621,35.99525,1.6238363,-2.3541226,-19.285936
290,-9.380836486816406,-130.94729614257812,75.225830078125,2.8035064219677435,6.697080712871203,15.246256953734374,-15.651444,33.046516,9.888095,32.99772,-6.8238916,-3.139726,-18.6927,-21.510878,-13.152998,32.766403,-17.833916,12.610085,-8.275939,-5.085607,5.440121,11.278723,44.2164,-30.804735,53.33548,6.2501493,10.5754795,10.003077,7.7746086,-24.374517,14.392475,37.259457,2.0787942,-2.2665792,-19.590778
291,-9.474160194396973,-132.13612365722656,74.97197723388672,2.7411711219221226,6.301945072095728,14.846399582086146,-15.012903,34.15066,11.886981,35.976765,-8.472098,-2.4491305,-19.928366,-20.575558,-12.427593,35.464806,-19.35597,11.8506565,-8.338965,-5.1245093,6.232208,9.869686,44.375698,-31.130228,53.22559,5.912432,10.92566,10.884957,7.7531853,-24.750042,14.681461,38.519783,2.535256,-2.2569761,-19.966438
292,-9.583795547485352,-133.2869110107422,74.7200698852539,2.647109399890068,5.958199603384901,14.352696419447248,-14.396858,34.950325,13.289899,39.02227,-10.070642,-1.8729018,-21.091368,-19.545254,-11.824095,37.86926,-20.666883,10.954901,-8.371712,-5.100075,6.956024,8.544091,44.407055,-31.276794,52.989674,5.608125,11.259882,11.708212,7.7988753,-25.107325,14.912843,39.734577,2.946354,-2.2667735,-20.408453
293,-9.698780059814453,-134.39016723632812,74.47944641113281,2.486431636616008,5.6949267469240334,13.693147772545045,-13.930679,35.34628,13.866461,42.266598,-11.621088,-1.4013374,-22.22948,-18.35905,-11.347479,39.948757,-21.72168,9.830472,-8.343835,-4.9594584,7.6069007,7.2860227,44.28834,-31.238913,52.653732,5.25547,11.602545,12.533779,7.878756,-25.454964,15.089518,40.953857,3.2892797,-2.2974522,-20.99552
294,-9.792878150939941,-135.44070434570312,74.25505828857422,2.275729418132528,5.477183214767956,12.8916279273594,-13.576451,35.37649,13.861352,45.72513,-13.030756,-1.0947926,-23.395794,-17.053629,-10.878135,41.894985,-22.537998,8.5577965,-8.252992,-4.7259965,8.214154,6.1500015,44.00032,-30.917595,52.1902,5.0017548,11.956399,13.376059,8.008646,-25.793322,15.201283,42.17227,3.5916352,-2.3751702,-21.700941
295,-9.858391761779785,-136.46177673339844,74.04666900634766,2.080633914623993,5.263579614017259,12.094406542377373,-13.192451,35.03635,13.6444025,49.09235,-14.275282,-1.035808,-24.423,-15.763963,-10.501496,43.630566,-23.226297,7.2651744,-8.222461,-4.472009,8.762589,4.9481416,43.57405,-30.578672,51.744476,4.762365,12.263915,14.098096,8.208336,-26.131372,15.299851,43.309433,3.88771,-2.4775083,-22.371803
296,-9.884188652038574,-137.47080993652344,73.8636245727539,1.9638424952085591,5.014055241846042,11.446096065816448,-12.628035,34.376316,13.567881,52.055477,-15.341396,-1.2741743,-25.159771,-14.621317,-10.287246,45.075745,-23.885874,6.0908165,-8.291635,-4.279596,9.23018,3.725357,43.022804,-30.206154,51.269253,4.746145,12.473585,14.54642,8.587433,-26.463657,15.348598,44.243427,4.209695,-2.5811508,-22.845898
297,-9.867478370666504,-138.46371459960938,73.71065521240234,1.9449843486674596,4.701854462566111,10.951108521467306,-11.793511,33.37228,13.681332,54.54044,-16.177204,-1.9199693,-25.546036,-13.646303,-10.237892,46.183933,-24.531826,5.086973,-8.448587,-4.1820464,9.628179,2.5063918,42.344078,-29.700106,50.70991,5.0847454,12.578858,14.603579,9.197892,-26.78472,15.311116,44.909775,4.522311,-2.6684043,-23.074095
298,-9.838848114013672,-139.42665100097656,73.5899887084961,1.9871000163648933,4.35448429641232,10.542231643935445,-10.801872,32.007298,13.813314,56.700798,-16.813498,-2.914359,-25.681726,-12.77116,-10.310419,47.00386,-25.10824,4.180964,-8.664385,-4.1340575,9.961394,1.3030385,41.537872,-29.045692,50.07284,5.690811,12.60399,14.372558,9.985707,-27.093573,15.201214,45.38266,4.823894,-2.753503,-23.142673
299,-9.79570484161377,-140.3673095703125,73.50686645507812,2.0640464293484917,4.01391273655722,10.25505269489216,-9.795827,30.393698,13.959925,58.553364,-17.349678,-4.0218425,-25.658253,-11.986923,-10.502349,47.590446,-25.597048,3.326516,-8.986008,-4.096771,10.205803,0.044568304,40.641617,-28.492731,49.47329,6.291632,12.545834,14.0370245,10.863518,-27.395676,15.091796,45.763016,5.1964746,-2.861612,-23.096205
300,-9.749725341796875,-141.27227783203125,73.46179962158203,2.148969713495584,3.721349181131763,10.125300175601462,-8.9030695,28.655807,14.120766,60.106434,-17.873531,-5.0012827,-25.565342,-11.284917,-10.813159,47.999847,-25.983047,2.4763386,-9.440788,-4.0354238,10.341545,-1.3221569,39.7024,-28.286507,48.995243,6.625371,12.409448,13.775431,11.771156,-27.691374,15.030686,46.12992,5.7192388,-3.0179734,-22.975353
301,-9.687262535095215,-142.1769561767578,73.44987487792969,2.2527573541311376,3.477632104684739,10.19312530806474,-8.143649,26.797464,14.30172,61.36482,-18.379726,-5.789765,-25.400787,-10.703317,-11.275107,48.2519,-26.278671,1.6239834,-10.045188,-3.9715157,10.355156,-2.80312,38.737637,-28.487572,48.636047,6.5465336,12.151728,13.5859375,12.722353,-27.97536,15.034964,46.481014,6.4809785,-3.246965,-22.738806
302,-9.623282432556152,-143.06997680664062,73.4708023071289,2.379370744026931,3.262963030394563,10.427858707764328,-7.4499907,24.783749,14.487242,62.311493,-18.814314,-6.506264,-25.128723,-10.226923,-11.878045,48.317104,-26.48764,0.79320425,-10.7652445,-3.918726,10.263944,-4.342,37.737556,-28.953465,48.31903,6.216997,11.789551,13.382607,13.751807,-28.2357,15.065325,46.77288,7.4158263,-3.5249639,-22.375952
303,-9.56124210357666,-143.9610595703125,73.52208709716797,2.4919436339158283,3.08686174326585,10.759973244789595,-6.811122,22.689297,14.654269,62.92786,-19.185352,-7.1792226,-24.784832,-9.770761,-12.567852,48.17683,-26.580576,-0.016528541,-11.557852,-3.830506,10.097988,-5.9233594,36.714386,-29.66532,48.032764,5.7982216,11.421321,13.217053,14.824289,-28.46439,15.088649,47.025513,8.372466,-3.8081474,-21.97689
304,-9.508746147155762,-144.84051513671875,73.60155487060547,2.5535543790708686,2.9592833544576123,11.121102289456909,-6.219161,20.585375,14.782746,63.199253,-19.506767,-7.8382053,-24.406658,-9.251048,-13.290187,47.813507,-26.527576,-0.8061251,-12.371377,-3.6641004,9.89086,-7.529169,35.689037,-30.611698,47.75445,5.4545097,11.145146,13.141533,15.92248,-28.651392,15.0561695,47.245304,9.195602,-4.0572395,-21.633015
305,-9.456009864807129,-145.70144653320312,73.71631622314453,2.542202301378741,2.897975319939164,11.535612896040952,-5.707081,18.512493,14.879501,63.144787,-19.826195,-8.402811,-24.003784,-8.653756,-14.075168,47.207973,-26.320963,-1.581884,-13.231825,-3.3956428,9.637056,-9.143346,34.672775,-31.877464,47.471115,5.1090546,10.996846,13.224347,17.05088,-28.788536,14.97361,47.457977,9.8520355,-4.286204,-21.375174
306,-9.411951065063477,-146.5668182373047,73.85739135742188,2.4813022530531725,2.8929718597843506,12.026018754336205,-5.2590456,16.433996,14.950252,62.757374,-20.114714,-8.881244,-23.55916,-8.017087,-14.938748,46.372242,-25.97348,-2.3410823,-14.146627,-3.0571866,9.330436,-10.749527,33.65784,-33.4442,47.16847,4.7063637,10.921306,13.41582,18.221552,-28.867718,14.854818,47.647427,10.417119,-4.511158,-21.15342
307,-9.35860824584961,-147.42523193359375,74.0320053100586,2.4027223518537286,2.913168536789801,12.520528571482656,-4.794147,14.30342,14.973952,61.978985,-20.278214,-9.434365,-23.070606,-7.3374343,-15.805108,45.33381,-25.48479,-3.0720437,-15.040783,-2.6933036,9.003523,-12.328677,32.63816,-35.13505,46.821667,4.4532223,10.880654,13.592361,19.42,-28.880186,14.6713705,47.76244,10.9058075,-4.698697,-20.941217
308,-9.308979034423828,-148.2870635986328,74.23080444335938,2.3371298078537577,2.927398182080394,12.947608994171228,-4.2320404,12.074972,14.923483,60.74866,-20.228302,-10.221489,-22.534594,-6.6122184,-16.598753,44.120014,-24.85461,-3.7637196,-15.845569,-2.3511908,8.686857,-13.86926,31.616632,-36.764473,46.4053,4.55927,10.8387785,13.629481,20.62807,-28.822,14.398989,47.752495,11.330651,-4.814775,-20.712042
309,-9.269051551818848,-149.14051818847656,74.45758056640625,2.3038053461666395,2.928025866006872,13.292278789708382,-3.509228,9.702799,14.809585,58.9577,-19.926971,-11.334865,-21.912043,-5.848388,-17.30167,42.663372,-24.107733,-4.41566,-16.557562,-2.0438812,8.380309,-15.383929,30.606028,-38.35085,45.89734,5.1252446,10.792671,13.466778,21.864328,-28.690184,14.001935,47.574883,11.709792,-4.8354096,-20.488907
310,-9.240724563598633,-149.994140625,74.70362091064453,2.279261193070937,2.931421138550258,13.591654832775381,-2.670614,7.2379603,14.613027,56.647305,-19.436152,-12.657574,-21.21579,-5.0412326,-17.953806,40.968468,-23.232962,-5.034682,-17.211876,-1.7487262,8.072006,-16.862354,29.609797,-39.964653,45.29792,6.026591,10.757683,13.17803,23.12263,-28.484352,13.511557,47.268456,12.032034,-4.7847676,-20.276897
311,-9.21345329284668,-150.8441925048828,74.96662902832031,2.229607642463311,2.942323645256489,13.852225469256341,-1.7911959,4.78094,14.264668,53.98181,-18.819115,-14.036386,-20.519054,-4.1729407,-18.56707,39.171307,-22.175482,-5.621268,-17.805208,-1.4563391,7.771616,-18.282911,28.62419,-41.508606,44.630764,7.121029,10.724398,12.840439,24.344662,-28.209148,13.012933,46.905594,12.267616,-4.6997643,-20.023369
312,-9.189538955688477,-151.69180297851562,75.24369812011719,2.1740224576142895,2.977351744949201,14.102487423056575,-0.94943404,2.3533452,13.750576,51.09781,-18.10622,-15.000033,-19.940788,-3.3101022,-19.138325,37.474384,-20.90841,-6.160119,-18.362461,-1.1989787,7.4636374,-19.612083,27.644783,-42.862705,43.91739,8.285338,10.686293,12.531083,25.461498,-27.878181,12.603744,46.56462,12.392177,-4.6173964,-19.675701
313,-9.184228897094727,-152.53392028808594,75.52769470214844,2.199905024776041,3.04718148119959,14.377676737458035,-0.09863096,-0.22301298,13.0597515,47.825962,-17.1929,-15.000033,-19.548243,-2.585801,-19.628456,35.992535,-19.472107,-6.6661716,-18.92462,-1.0476669,7.099923,-20.864164,26.677431,-44.01418,43.151585,9.695164,10.665167,12.203028,26.489943,-27.506756,12.2903,46.21066,12.384428,-4.5262384,-19.196346
314,-9.202301025390625,-153.40054321289062,75.81189727783203,2.1508106167882164,3.113885045767676,14.60516726113422,0.848355,-2.7130914,12.079907,44.208534,-16.143505,-15.000033,-19.175797,-1.7566321,-20.092009,34.460705,-17.80305,-7.174664,-19.429531,-0.8655823,6.7656846,-22.053497,25.730755,-45.015465,42.322815,11.351203,10.65161,11.837277,27.453701,-27.102613,12.035469,45.815228,12.267657,-4.4141035,-18.618912
315,-9.23344612121582,-154.28775024414062,76.09407806396484,2.00783983794827,3.1970159438144448,14.787438132785413,1.8190097,-4.974948,10.900365,40.462826,-15.061347,-15.000033,-18.875427,-0.8308333,-20.569344,32.946342,-15.912506,-7.6015315,-19.87718,-0.63199335,6.4729013,-23.167627,24.810978,-45.87359,41.463707,12.838143,10.602027,11.557033,28.295155,-26.6695,11.869918,45.46913,12.085266,-4.3160434,-17.998644
316,-9.271998405456543,-155.18655395507812,76.3660888671875,1.7614341925705794,3.3176094867847548,14.930658342011085,2.7166114,-6.8928857,9.641616,36.819225,-14.044458,-15.000033,-18.70077,0.17588225,-21.094145,31.512018,-13.80814,-7.8587914,-20.275425,-0.33478448,6.229302,-24.186028,23.922737,-46.58642,40.60544,13.747547,10.482492,11.486608,28.948605,-26.209993,11.828935,45.268883,11.881801,-4.266698,-17.391996
317,-9.337921142578125,-156.10113525390625,76.62442016601562,1.398081422322262,3.495754441527454,15.050694718345422,3.499493,-8.461087,8.31082,33.281094,-13.14865,-15.000033,-18.672316,1.257088,-21.778667,30.154007,-11.469538,-8.034833,-20.634632,0.041960426,6.0248876,-25.126633,23.073013,-47.16714,39.744244,13.866937,10.2778425,11.727268,29.412275,-25.731588,11.944267,45.22954,11.650627,-4.2941284,-16.778027
318,-9.43787670135498,-157.02940368652344,76.86036682128906,0.9300982960027293,3.717383227686412,15.145525787449182,4.2223334,-9.731965,6.8787117,29.744366,-12.29825,-15.000033,-18.75646,2.419401,-22.568987,28.809843,-8.88189,-8.128725,-20.961138,0.4859167,5.8597918,-25.991234,22.267946,-47.609592,38.86068,13.455252,10.011114,12.187405,29.714167,-25.23694,12.189824,45.30211,11.376969,-4.374463,-16.138283
319,-9.541711807250977,-157.9744873046875,77.07925415039062,0.39811468542411843,3.9526922047888977,15.197091060465548,4.8995943,-10.713786,5.4428077,26.304716,-11.401203,-15.000033,-18.930809,3.6573846,-23.228388,27.461622,-6.066048,-7.9084663,-21.252253,0.95665324,5.749958,-26.749947,21.512238,-47.905262,37.971523,12.792813,9.708424,12.702687,29.831553,-24.720638,12.510556,45.494095,11.096004,-4.463362,-15.534832
320,-9.665173530578613,-158.9287567138672,77.27597045898438,-0.15107299390349846,4.172159345024799,15.188310115100998,5.539947,-11.435529,4.108974,23.057047,-10.364414,-15.000033,-19.17146,4.9647074,-23.495451,26.096502,-3.051453,-7.1281905,-21.498367,1.408039,5.7042227,-27.393564,20.81683,-48.071823,37.103104,12.13189,9.399738,13.112358,29.750004,-24.171402,12.843811,45.811333,10.83924,-4.5157743,-15.029626
321,-9.793206214904785,-159.8925323486328,77.45065307617188,-0.727224368214128,4.393264106716668,15.130010803979443,6.15612,-11.927801,2.8866644,19.882528,-9.111107,-15.000033,-19.593792,6.3669987,-23.306913,24.86377,0.17881076,-5.912928,-21.715559,1.8532357,5.718977,-27.92617,20.19571,-48.10595,36.23668,11.333624,9.056655,13.446948,29.431738,-23.574066,13.190107,46.308628,10.596028,-4.524838,-14.643399
322,-9.960850715637207,-160.8600311279297,77.59515380859375,-1.3458381914659807,4.621188877756131,15.0305304029296,6.723528,-12.197708,1.7549478,16.778992,-7.7040715,-15.000033,-20.161333,7.872147,-22.752356,23.692682,3.5976405,-4.259318,-21.905048,2.3009107,5.794002,-28.355444,19.65471,-48.005398,35.355385,10.337257,8.674878,13.7628565,28.894758,-22.926403,13.567878,46.967754,10.349661,-4.51313,-14.343649
323,-10.142765045166016,-161.83969116210938,77.7187728881836,-1.9343928155109709,4.807269366482221,14.869266689395758,7.1845884,-12.291593,0.79883325,14.023259,-6.256614,-15.000033,-20.618023,9.429089,-21.72691,22.289942,7.0599055,-1.7274508,-22.032845,2.6696167,5.9281516,-28.67822,19.190977,-47.79355,34.489853,9.501959,8.330747,13.947408,28.207047,-22.236933,13.94632,47.68387,10.128078,-4.477926,-14.111357
324,-10.337635040283203,-162.83615112304688,77.80754852294922,-2.3852059749216705,4.9022114900187495,14.625303964567339,7.4737105,-12.301716,0.11680456,11.906348,-4.8907766,-15.000033,-20.71414,10.94608,-20.075966,20.442362,10.366168,2.0982783,-22.056276,2.849098,6.0999317,-28.910137,18.802917,-47.51985,33.683933,9.154406,8.102243,13.896085,27.447441,-21.517862,14.290695,48.34839,9.959881,-4.4157586,-13.926438
325,-10.527215957641602,-163.83827209472656,77.82968139648438,-2.5520786098831847,4.878458322577783,14.290213500567837,7.6160808,-12.435031,-0.3644943,10.378071,-3.3789706,-15.000033,-20.207525,12.396491,-17.304323,17.798517,13.702021,8.285371,-21.950687,2.7029798,6.2635393,-29.114458,18.52408,-47.23918,32.953552,9.41187,8.023766,13.5103,26.643286,-20.766024,14.555557,48.94956,9.866061,-4.305893,-13.787972
326,-10.716676712036133,-164.88499450683594,77.79912567138672,-2.520258539013103,4.766696158111185,13.801785966707552,7.513841,-12.616581,-0.57253665,9.542755,-1.8980625,-15.000033,-19.186943,13.782781,-13.911183,14.612875,16.832266,15.000033,-21.705423,2.2931519,6.4507737,-29.143166,18.331312,-46.797832,32.206688,10.236043,8.052338,12.869918,25.722696,-19.975094,14.799167,49.542107,9.822309,-4.156509,-13.708986
327,-10.876204490661621,-166.0479736328125,77.69776916503906,-2.669838286005109,4.5874191588137005,12.853714071429902,6.5159,-12.303338,0.077852994,10.803745,-1.6999617,-15.000033,-17.535856,15.270385,-12.493475,10.708031,19.867298,15.000033,-20.971558,1.9233263,6.703686,-29.106941,18.251814,-46.388157,31.548243,11.160833,8.116481,12.143212,24.77965,-19.136744,15.061959,50.07644,9.813173,-4.0023565,-13.68483
328,-11.037549018859863,-167.0775604248047,77.58079528808594,-2.865332343750068,4.414271155883487,11.98328043586978,5.335057,-11.804054,1.2820338,12.679188,-2.315382,-13.2844715,-16.926037,16.216944,-11.4942045,9.2478895,21.084925,15.000033,-20.240479,1.6348134,7.002611,-29.059534,18.266115,-46.060413,30.986938,11.829718,8.172879,11.517357,23.740133,-18.290947,15.344002,50.58376,9.805444,-3.8850589,-13.696415
329,-11.215349197387695,-168.06594848632812,77.42048645019531,-3.1629356269655564,4.282531976826441,11.188644043674046,3.844329,-10.975981,3.363014,15.468907,-4.12501,-8.463857,-17.730835,16.700762,-10.825382,10.809592,20.004843,15.000033,-19.532593,1.5117911,7.33688,-28.970798,18.344389,-45.788086,30.53732,12.225459,8.224889,10.990568,22.614319,-17.458447,15.654633,51.02714,9.82583,-3.8045318,-13.754429
330,-11.444534301757812,-169.13516235351562,77.29297637939453,-3.576330821363369,4.162920028026198,10.437484928049633,2.084982,-9.664223,5.9503975,19.185814,-7.1058164,-2.3859785,-19.19141,17.01692,-10.32122,13.807496,17.602774,15.000033,-18.793262,1.543264,7.699297,-28.956903,18.513441,-45.650433,30.254656,12.370481,8.288993,10.4805565,21.46826,-16.63815,15.949392,51.378662,9.8874855,-3.7398934,-13.854242
331,-11.661511421203613,-170.1526336669922,77.1506576538086,-4.0702642454693265,4.061754470656475,9.772421594099558,0.47544244,-8.10344,8.345074,22.842258,-10.623804,3.4250174,-20.899212,17.1505,-10.166814,17.322002,14.693181,15.000033,-18.092176,1.6836327,8.09892,-28.864914,18.740492,-45.50303,30.026518,12.456933,8.370157,10.050132,20.26358,-15.845044,16.263987,51.67113,9.935136,-3.7005277,-13.9616585
332,-11.876530647277832,-171.11415100097656,76.94530487060547,-4.554098808157123,3.9674350888867504,9.181186152231948,-0.6912867,-6.6216297,10.083862,25.602463,-13.887146,7.4546123,-22.573177,16.975365,-10.509317,20.809977,11.886892,15.000033,-17.400051,1.8392943,8.514071,-28.720251,19.00963,-45.352573,29.859915,12.473334,8.457289,9.768297,18.99774,-15.102473,16.60689,51.938046,9.926081,-3.6938891,-14.040355
333,-12.11357307434082,-172.08189392089844,76.6870346069336,-4.966806141764288,3.837664449280424,8.638865240351258,-1.3214102,-5.299119,11.260243,27.265415,-16.63893,9.072312,-24.242212,16.32622,-11.397212,24.53123,9.092114,15.000033,-16.681065,1.9415239,8.969558,-28.550934,19.314621,-45.211838,29.775541,12.382542,8.5302925,9.661053,17.668907,-14.421011,16.979206,52.16048,9.812445,-3.7183628,-14.029039
334,-12.357757568359375,-173.04014587402344,76.39591217041016,-5.263592117085089,3.672334466776481,8.148222847404153,-1.5966359,-4.08045,12.202999,28.271103,-19.137548,9.16699,-25.967976,15.152614,-12.614961,28.696342,6.0364895,15.000033,-15.951738,1.9496957,9.455844,-28.324003,19.644075,-45.059097,29.774689,12.220401,8.599615,9.690977,16.286915,-13.798861,17.38504,52.318333,9.634904,-3.7696955,-13.962732
335,-12.616498947143555,-173.97824096679688,76.07183837890625,-5.4171657054233044,3.5285013998144743,7.721450657185835,-1.7814105,-3.0135329,12.93652,28.987469,-21.39616,8.552175,-27.605839,13.531132,-13.946124,32.859303,2.9511793,15.000033,-15.228717,1.8531438,9.901055,-28.038269,19.996542,-44.907127,29.86384,12.004068,8.694566,9.835652,14.871317,-13.235474,17.823833,52.44819,9.48317,-3.850858,-13.94806
336,-12.874382972717285,-174.90261840820312,75.72949981689453,-5.444879292406106,3.4716208645925386,7.358360593739764,-2.1448581,-2.1239388,13.403695,29.785316,-23.493954,8.053649,-29.072353,11.603278,-15.239688,36.62021,0.053157154,15.000033,-14.532949,1.6811072,10.242447,-27.639618,20.36297,-44.72313,30.01745,11.807168,8.847518,10.072975,13.423991,-12.730715,18.307714,52.594933,9.446252,-3.9645634,-14.091859
337,-13.116775512695312,-175.82102966308594,75.37533569335938,-5.368198863339475,3.5418270887840966,7.075817952431041,-2.80237,-1.4344969,13.4424925,30.774382,-25.52331,7.7895536,-30.416498,9.356319,-16.553959,39.994736,-2.73775,15.000033,-13.870563,1.4614747,10.457889,-27.14167,20.73651,-44.515293,30.24996,11.601917,9.07734,10.454816,11.90934,-12.282832,18.882128,52.815857,9.597384,-4.1173563,-14.446483
338,-13.360965728759766,-176.72503662109375,75.01763916015625,-5.1886110893752075,3.6900953842366726,6.873315113019334,-3.619188,-0.91240126,13.141782,31.816885,-27.448582,7.377467,-31.642532,6.729836,-17.937807,43.19135,-5.5344853,15.000033,-13.236143,1.18023,10.595395,-26.559168,21.113909,-44.288784,30.574278,11.371926,9.361577,10.975397,10.332723,-11.888307,19.534275,53.078796,9.872877,-4.307804,-14.946579
339,-13.59839916229248,-177.60205078125,74.67281341552734,-4.9157929889965715,3.856789396000713,6.711388601317551,-4.477266,-0.49997303,12.763574,32.87773,-29.188856,6.8996105,-32.666817,3.8425443,-19.28395,46.13283,-8.176277,15.000033,-12.612966,0.82859504,10.686481,-25.87562,21.497667,-44.03694,30.982706,11.167507,9.670046,11.526696,8.763537,-11.548446,20.183342,53.29539,10.155488,-4.5255055,-15.521566
340,-13.805365562438965,-178.4690399169922,74.3539047241211,-4.561992807627054,3.9874260556799164,6.545615861673022,-5.2552595,-0.13140525,12.565836,33.906662,-30.652866,6.4344163,-33.437244,0.8281399,-20.498966,48.74659,-10.49178,15.000033,-11.984106,0.4043325,10.761922,-25.055864,21.890144,-43.738598,31.450691,11.054414,9.975664,11.999143,7.270597,-11.268085,20.75003,53.371647,10.32868,-4.7574215,-16.100798
341,-13.974552154541016,-179.34130859375,74.0538330078125,-4.177040562691487,4.1248538561145365,6.298046656317653,-6.043563,0.30901563,12.664301,35.034554,-31.863825,5.987647,-33.98175,-2.2662644,-21.844517,50.971874,-12.3940325,14.152466,-11.27358,-0.05078267,10.779859,-24.08177,22.292639,-43.392796,31.992434,11.075974,10.289764,12.382653,5.8501697,-11.056125,21.251883,53.32689,10.387494,-5.045681,-16.696287
342,-14.112409591674805,-180.222900390625,73.77996826171875,-3.8447506113440335,4.323937756568688,5.917662470535151,-6.9609547,0.9248869,12.953643,36.372856,-32.927174,5.4878874,-34.359703,-5.3377814,-23.453484,52.778896,-13.960715,12.141313,-10.428406,-0.4521615,10.713221,-22.962145,22.705038,-43.003006,32.60181,11.190234,10.622639,12.72781,4.4771533,-10.913636,21.725595,53.18869,10.38472,-5.3798594,-17.335056
343,-14.211691856384277,-181.107666015625,73.5457992553711,-3.490976783581094,4.495384894019219,5.528933961554449,-7.80138,1.5437825,13.288896,37.664036,-33.775124,4.946784,-34.577034,-8.383127,-24.925951,54.29137,-15.330021,10.200372,-9.58273,-0.86474055,10.649344,-21.720999,23.128296,-42.568626,33.234024,11.317002,10.945053,13.017565,3.1856344,-10.835883,22.11516,52.879498,10.291145,-5.6650023,-17.970823
344,-14.297832489013672,-181.9861602783203,73.343505859375,-3.177518676094453,4.582932034140415,5.142446724063406,-8.4862795,2.218043,13.584171,38.859203,-34.451202,4.318989,-34.628082,-11.206147,-26.148954,55.45365,-16.514309,8.381077,-8.757789,-1.2260118,10.654649,-20.393154,23.566668,-42.101265,33.85266,11.369273,11.226496,13.234698,2.0139875,-10.81418,22.359718,52.32146,10.078662,-5.8055873,-18.557695
345,-14.375175476074219,-182.85443115234375,73.18009948730469,-2.912886013924984,4.552638028624008,4.735912834970183,-8.994359,2.9682062,13.852022,40.004917,-34.934334,3.5790446,-34.508038,-13.794603,-27.143137,56.261093,-17.534227,6.611306,-7.9260817,-1.5265515,10.766938,-18.973574,24.020916,-41.595028,34.463604,11.312008,11.474335,13.364415,0.972673,-10.843369,22.395615,51.46072,9.696535,-5.731376,-19.118532
346,-14.419476509094238,-183.72608947753906,73.05587005615234,-2.6700880091197208,4.4409133876864875,4.310158503630039,-9.365518,3.764387,14.125493,41.104473,-35.211624,2.7553563,-34.25658,-16.231157,-27.988829,56.75244,-18.367699,4.892083,-7.0803804,-1.7914032,10.939194,-17.44653,24.487165,-41.05007,35.07935,11.194609,11.699979,13.41969,0.038680017,-10.926191,22.268244,50.354057,9.174368,-5.5049915,-19.664429
347,-14.454178810119629,-184.6015625,72.96778869628906,-2.4575718810158755,4.296543934395066,3.910606011481632,-9.617378,4.584179,14.35252,42.04812,-35.34113,1.8798414,-33.940395,-18.466896,-28.651648,56.94394,-18.942806,3.381366,-6.2737675,-2.0068462,11.1082945,-15.832571,24.964441,-40.484634,35.675636,11.056372,11.87855,13.424187,-0.801375,-11.067223,22.082476,49.09075,8.606202,-5.231854,-20.13307
348,-14.456921577453613,-185.4745635986328,72.91690826416016,-2.2831710438137898,4.167303706483665,3.583336418986104,-9.769549,5.4052663,14.482276,42.725395,-35.38022,0.98391485,-33.621452,-20.457567,-29.089071,56.848732,-19.171564,2.2322512,-5.5636725,-2.1622736,11.213504,-14.142837,25.453316,-39.907394,36.21984,10.944621,11.985286,13.401241,-1.560567,-11.27063,21.945307,47.757046,8.083179,-5.019922,-20.46457
349,-14.444867134094238,-186.35287475585938,72.89631652832031,-2.1664301375988466,4.047226494347355,3.3388011772066304,-9.809185,6.2477403,14.50247,43.117847,-35.349697,0.06268703,-33.302853,-22.173195,-29.271082,56.430107,-18.943148,1.5319538,-4.9676943,-2.2350926,11.248596,-12.371483,25.95546,-39.335308,36.73164,10.829343,11.98811,13.33709,-2.2475536,-11.54831,21.90105,46.35113,7.687835,-4.914537,-20.630304
350,-14.420455932617188,-187.23158264160156,72.90796661376953,-2.0989428399932986,3.9157529972971634,3.1535257406191524,-9.732348,7.113595,14.44016,43.280716,-35.221146,-0.8968786,-32.967766,-23.64962,-29.225016,55.703773,-18.30619,1.1717002,-4.4593606,-2.2346635,11.242201,-10.505875,26.469383,-38.74741,37.208443,10.702781,11.909283,13.223795,-2.8491755,-11.904285,21.8923,44.824356,7.3541837,-4.854228,-20.666143
351,-14.384451866149902,-188.11766052246094,72.94511413574219,-2.047331650144113,3.798934323313143,3.0235979839287817,-9.573026,7.9553785,14.302577,43.212784,-34.977795,-1.8747735,-32.64315,-24.941694,-28.984938,54.76069,-17.412476,1.0109043,-4.0281224,-2.2011428,11.188401,-8.560733,26.992376,-38.107254,37.59512,10.633306,11.804519,13.093831,-3.3462439,-12.321062,21.869926,43.194252,6.947482,-4.788939,-20.61177
352,-14.32679557800293,-189.00135803222656,73.01217651367188,-1.9778907636707186,3.723242378381003,2.9445457391830647,-9.3689375,8.726053,14.095862,42.914307,-34.60089,-2.8499777,-32.35254,-26.10418,-28.586721,53.687065,-16.419962,0.9114984,-3.663914,-2.1804235,11.079845,-6.5485835,27.521534,-37.377808,37.840855,10.691916,11.72954,12.980091,-3.7312613,-12.769215,21.786276,41.497456,6.3299966,-4.6704397,-20.509426
353,-14.252385139465332,-189.90814208984375,73.10819244384766,-1.8838055353273175,3.695657663466062,2.912097762143312,-9.121251,9.408118,13.812435,42.366524,-34.09844,-3.809928,-32.127373,-27.126263,-27.962238,52.47996,-15.2815895,0.86125356,-3.3691814,-2.1859925,10.9054,-4.4392724,28.056835,-36.532566,37.907246,10.964,11.704159,12.883559,-4.0275187,-13.235947,21.641747,39.757538,5.416519,-4.4836154,-20.36142
354,-14.154033660888672,-190.81668090820312,73.23246765136719,-1.7829394071358788,3.7023610930215773,2.928850305616418,-8.817,10.031077,13.448261,41.57761,-33.476772,-4.766038,-31.94339,-27.986277,-27.10276,51.1056,-13.947157,0.9240809,-3.1493218,-2.1997497,10.670302,-2.230387,28.597626,-35.592896,37.830635,11.388649,11.69684,12.788854,-4.2423854,-13.719927,21.458038,37.969826,4.290778,-4.260545,-20.149057
355,-14.029446601867676,-191.7435302734375,73.38410949707031,-1.6773161841911048,3.738709973641214,3.000577683850192,-8.473103,10.616716,13.012958,40.58949,-32.713623,-5.7338333,-31.744013,-28.727846,-26.138245,49.612526,-12.569897,1.078598,-2.9945066,-2.2242568,10.3895235,0.015916001,29.138317,-34.599415,37.684475,11.819029,11.68645,12.705657,-4.3513093,-14.207196,21.216799,36.143356,3.066286,-4.025083,-19.883286
356,-13.886831283569336,-192.6839599609375,73.5566635131836,-1.5707562867309812,3.7997923677126257,3.1351607677047144,-8.105644,11.18535,12.512683,39.438038,-31.781841,-6.72766,-31.46778,-29.394861,-25.211233,48.03893,-11.295591,1.3034452,-2.8924167,-2.2599947,10.075712,2.2235374,29.67047,-33.6012,37.55769,12.107847,11.652172,12.645442,-4.3310738,-14.674306,20.892458,34.29394,1.8544742,-3.800296,-19.578173
357,-13.721863746643066,-193.64866638183594,73.75527954101562,-1.4599126888504632,3.8867716243227375,3.337497411506615,-7.693859,11.724423,11.926459,38.084126,-30.689886,-7.75394,-31.08633,-29.997946,-24.346745,46.3599,-10.227264,1.6170135,-2.8491726,-2.3105326,9.717609,4.4008927,30.185545,-32.5963,37.47982,12.200626,11.58725,12.647412,-4.173093,-15.103305,20.453362,32.42218,0.55868393,-3.5809648,-19.208702
358,-13.540504455566406,-194.64010620117188,73.97045135498047,-1.345204843992409,4.00097579715656,3.603028767671746,-7.237152,12.229173,11.250686,36.522,-29.445688,-8.802574,-30.623775,-30.520725,-23.47892,44.565205,-9.268455,2.0200505,-2.8650398,-2.3747172,9.307724,6.5637317,30.68106,-31.569502,37.426495,12.1822815,11.503626,12.696041,-3.9022653,-15.491677,19.91499,30.547077,-0.8461801,-3.3654091,-18.778612
359,-13.354621887207031,-195.6619110107422,74.19583892822266,-1.2340042013103873,4.137792690652583,3.924888004831837,-6.7819214,12.730643,10.51499,34.840233,-28.025702,-9.864922,-30.107376,-30.961563,-22.61261,42.72133,-8.266802,2.4657292,-2.9204159,-2.4453285,8.864812,8.639639,31.161705,-30.553255,37.409447,12.111917,11.408332,12.720847,-3.5463414,-15.838432,19.32332,28.709766,-2.139975,-3.175655,-18.34836
360,-13.161418914794922,-196.70095825195312,74.43710327148438,-1.1334373799983872,4.292990282384267,4.295479509473708,-6.375029,13.259095,9.746652,33.129288,-26.408659,-10.9333935,-29.571262,-31.318983,-21.745275,40.9,-7.0716925,2.910014,-2.9945447,-2.5171866,8.407554,10.557152,31.63688,-29.58174,37.438885,12.049162,11.30889,12.65199,-3.1354582,-16.14553,18.724453,26.952957,-3.1015372,-3.027351,-17.98015
361,-12.96075439453125,-197.76499938964844,74.68946838378906,-1.0453975041598849,4.466307279725603,4.721920199321416,-5.9988904,13.824683,8.933387,31.369476,-24.594852,-12.019826,-28.975485,-31.609766,-20.939621,39.052525,-5.573601,3.4170175,-3.0938082,-2.588666,7.9321303,12.330151,32.1167,-28.639914,37.497658,12.01011,11.207949,12.454448,-2.6550736,-16.41019,18.110888,25.240519,-3.654556,-2.9010258,-17.672731
362,-12.756945610046387,-198.86485290527344,74.9464111328125,-0.9655112773841995,4.660358677136663,5.204553199361669,-5.637334,14.41167,8.054362,29.526842,-22.598202,-13.124735,-28.324402,-31.825787,-20.162651,37.173595,-3.8827298,3.9884293,-3.228162,-2.6620705,7.4332056,13.994875,32.606922,-27.709435,37.575363,11.963104,11.101768,12.171031,-2.1032784,-16.62983,17.468184,23.567217,-3.9219837,-2.7899218,-17.401728
363,-12.54912281036377,-199.98069763183594,75.20989227294922,-0.8904549464815593,4.875710728413138,5.726027607373853,-5.340205,15.012013,7.120515,27.675318,-20.421778,-14.227566,-27.716223,-31.93275,-19.271946,35.398994,-2.1777818,4.487848,-3.3813994,-2.7386537,6.927404,15.506398,33.11109,-26.82596,37.697124,11.895357,10.988104,11.849169,-1.5247643,-16.808285,16.828852,22.015686,-3.9825354,-2.7251158,-17.195587
364,-12.350455284118652,-201.1039276123047,75.4776382446289,-0.7745399324014938,5.11811528210968,6.282434534738276,-5.152454,15.521346,6.1292686,25.852438,-18.04684,-15.000033,-27.267986,-31.959738,-18.105694,33.87665,-0.63627774,4.7875185,-3.5480466,-2.8558662,6.4239087,16.808786,33.630356,-26.034248,37.898182,11.792291,10.864674,11.536499,-0.96116936,-16.952745,16.224277,20.665874,-3.9135766,-2.7385569,-17.08191
365,-12.15838623046875,-202.22813415527344,75.7525405883789,-0.4670590565836648,5.40788775355602,6.915000431903402,-5.0291967,15.704039,5.0949774,23.908066,-15.358673,-15.000033,-27.128551,-32.077045,-16.450306,32.71984,0.7683446,4.7476244,-3.7665184,-3.152549,5.8903985,17.890007,34.16948,-25.33786,38.20188,11.624727,10.709586,11.23465,-0.4085925,-17.062294,15.65373,19.51981,-3.6285844,-2.8559272,-17.076664
366,-11.98890495300293,-203.3782958984375,76.0263442993164,-0.15247319006887178,5.717630749315089,7.574491169142569,-4.9707017,15.926586,4.0504155,21.981613,-12.473879,-15.000033,-27.10604,-32.073166,-14.557056,31.785465,2.107713,4.4348063,-3.990369,-3.4576752,5.3558245,18.775734,34.73251,-24.720856,38.585728,11.408577,10.532163,10.922085,0.14656048,-17.13604,15.103738,18.542376,-3.1217027,-3.0544186,-17.159937
367,-11.815491676330566,-204.5397491455078,76.2974853515625,0.15454564075081953,6.037977494062539,8.25574079200529,-5.0080395,16.205997,3.001993,20.142332,-9.475719,-15.000033,-27.096142,-31.95916,-12.612949,31.006092,3.2678828,4.161826,-4.2184777,-3.7558491,4.8433695,19.455982,35.31944,-24.204008,39.0281,11.199754,10.374053,10.613221,0.6835717,-17.184418,14.585033,17.752226,-2.5909445,-3.2941904,-17.30795
368,-11.6592378616333,-205.7303009033203,76.55377197265625,0.44093550276703136,6.3588306664934935,8.955598178472776,-5.1838164,16.549896,1.9480629,18.470182,-6.4422503,-15.000033,-26.980946,-31.747845,-10.808353,30.284306,4.1309414,4.2384667,-4.4472346,-4.031332,4.37749,19.923967,35.924538,-23.805079,39.50373,11.063262,10.276459,10.322747,1.1898708,-17.223995,14.103974,17.159826,-2.2319806,-3.5343544,-17.498009
369,-11.51707935333252,-206.93002319335938,76.79146575927734,0.7139107112047688,6.692424404633992,9.694569852732322,-5.534497,16.939342,0.864143,16.956566,-3.2775671,-15.000033,-26.701874,-31.439232,-9.164469,29.526386,4.5485,4.835435,-4.691993,-4.2813773,3.9540787,20.124962,36.549164,-23.571379,40.06116,11.007098,10.25365,10.046746,1.6792153,-17.261496,13.651789,16.74629,-2.0758953,-3.7797549,-17.73978
370,-11.378613471984863,-208.13377380371094,77.00918579101562,0.9867416178151568,7.038590211102489,10.472921538391033,-6.0434074,17.362982,-0.24872845,15.585011,0.022321433,-15.000033,-26.310877,-31.044376,-7.6045017,28.771753,4.622732,5.74945,-4.949212,-4.518523,3.5649302,20.07284,37.194267,-23.489151,40.6962,11.0071535,10.281581,9.780678,2.1621177,-17.29835,13.221697,16.501602,-2.0232222,-4.0462704,-18.039665
371,-11.245009422302246,-209.35130310058594,77.20291137695312,1.253016121378795,7.3710265938774935,11.256902790466876,-6.699533,17.824408,-1.3666698,14.459991,3.2442083,-15.000033,-25.864496,-30.578705,-6.159046,28.117786,4.615884,6.7386384,-5.1978116,-4.747542,3.227859,19.82865,37.85264,-23.507103,41.337452,11.049865,10.341411,9.538906,2.615434,-17.34489,12.834607,16.45032,-2.070817,-4.307757,-18.37397
372,-11.126848220825195,-210.5821075439453,77.37681579589844,1.501016316357354,7.666215252183002,12.011930414041954,-7.4920554,18.32202,-2.4732146,13.673573,6.1812506,-15.000033,-25.429043,-30.039232,-4.8439736,27.667324,4.801323,7.5774646,-5.4208775,-4.9678154,2.9582314,19.456923,38.51129,-23.568336,41.914402,11.122745,10.414608,9.335827,3.0132513,-17.418575,12.518497,16.618956,-2.2125783,-4.5379853,-18.719105
373,-11.008748054504395,-211.8274383544922,77.53350067138672,1.7178819622100074,7.9412013552137415,12.739673657680425,-8.514568,18.81686,-3.7355242,13.243422,9.0163555,-15.000033,-25.147583,-29.337013,-3.4790552,27.614193,5.457472,8.051964,-5.6165957,-5.165543,2.7474623,18.9501,39.157784,-23.66041,42.4193,11.269147,10.516915,9.179465,3.3577013,-17.531452,12.285176,17.027197,-2.5144463,-4.7594514,-19.105106
374,-10.898189544677734,-213.08543395996094,77.6715316772461,1.911498577552816,8.209688033774295,13.461874322001027,-9.777125,19.294977,-5.143456,13.151104,11.792175,-15.000033,-24.94924,-28.480202,-2.118591,27.83268,6.391371,8.366225,-5.806914,-5.3381486,2.5830278,18.28749,39.786808,-23.806551,42.884018,11.489384,10.650373,9.060734,3.6604056,-17.6858,12.127756,17.652052,-2.9518747,-4.9732285,-19.535166
375,-10.779438018798828,-214.35208129882812,77.78157806396484,2.085338756604959,8.440471697979673,14.168361752205943,-11.137215,19.799854,-6.4073925,13.415189,14.098207,-15.000033,-24.596878,-27.607044,-1.1157626,27.968199,7.1534467,8.895889,-6.0054083,-5.4890666,2.4782033,17.502893,40.397522,-24.011602,43.30634,11.697306,10.776509,8.969208,3.9106033,-17.886227,12.04527,18.454376,-3.3835123,-5.122444,-19.943804
376,-10.668280601501465,-215.63372802734375,77.84722900390625,2.2341110048014117,8.594419609766877,14.839261498129718,-12.416788,20.394875,-7.211202,14.004399,15.529749,-15.000033,-23.867739,-26.868773,-0.8111335,27.688984,7.270852,9.971861,-6.2138596,-5.6155787,2.4561925,16.654991,40.989437,-24.260387,43.66156,11.820751,10.857144,8.893225,4.1011534,-18.137009,12.034753,19.391012,-3.6650183,-5.1532917,-20.263334
377,-10.542888641357422,-216.9292449951172,77.8379898071289,2.376723582651659,8.639766641814218,15.480562916390511,-13.56668,21.095715,-7.459396,14.885565,16.00516,-15.000033,-22.504616,-26.377361,-1.481608,26.675186,6.606923,12.095638,-6.433331,-5.741445,2.5438657,15.763336,41.568832,-24.545233,43.92508,11.832273,10.872388,8.836195,4.2266393,-18.445534,12.101357,20.478449,-3.750414,-5.022457,-20.46818
378,-10.407207489013672,-218.24392700195312,77.74999237060547,2.4908113552688596,8.59062289509511,16.08211535120368,-14.647041,21.89841,-7.3094325,16.048191,15.723968,-15.000033,-20.685633,-26.003658,-2.9300525,25.148983,5.488,14.93359,-6.646096,-5.8473783,2.739108,14.806029,42.135643,-24.870985,44.10051,11.773581,10.846576,8.800228,4.295523,-18.815786,12.244487,21.721834,-3.7147408,-4.769058,-20.595398
379,-10.309823989868164,-219.56503295898438,77.66312408447266,1.9998309913655932,8.588155725616103,16.38463950434377,-15.835637,23.511993,-6.9160914,17.629078,14.61037,-15.000033,-18.774704,-24.881018,-5.528722,23.240715,4.321273,15.000033,-6.6255164,-5.40147,2.9783862,13.775756,42.66883,-25.23912,44.21141,11.679069,10.809146,8.775322,4.311387,-19.24572,12.451611,23.077007,-3.5975356,-4.468398,-20.671041
380,-10.238107681274414,-220.84750366210938,77.5346908569336,1.5984986052107564,8.494274347055178,16.639857040283815,-16.674744,25.0538,-6.109039,19.144985,12.930864,-15.000033,-17.333628,-23.720676,-7.5004086,21.979008,2.8800073,15.000033,-6.62105,-5.0313187,3.3058305,12.684066,43.146744,-25.62374,44.27994,11.604501,10.787359,8.749848,4.2870455,-19.724117,12.717105,24.485012,-3.4385233,-4.1871953,-20.723276
381,-10.187488555908203,-222.05841064453125,77.37755584716797,1.6265521014944153,8.33102194165458,16.95162237974933,-17.035381,26.234324,-4.066297,20.467405,10.373588,-13.4251175,-16.69838,-23.041676,-8.589313,21.877037,0.7946197,15.000033,-6.735584,-5.036476,3.658425,11.512078,43.554737,-26.00958,44.32379,11.586074,10.765639,8.686877,4.176706,-20.256609,13.061929,26.001318,-3.2509608,-3.9134142,-20.683287
382,-10.142534255981445,-223.2429962158203,77.1988296508789,1.7534817971530676,8.086287643846395,17.236488781243235,-17.03896,27.395847,-1.3979027,21.855686,6.82618,-11.367611,-16.469238,-22.504774,-9.371708,22.441586,-1.8444505,15.000033,-6.8908243,-5.1140714,4.088905,10.228146,43.892834,-26.430233,44.36692,11.564994,10.736222,8.608712,3.9717565,-20.849728,13.495752,27.640997,-3.014313,-3.6178968,-20.565386
383,-10.104448318481445,-224.41627502441406,77.00265502929688,1.9427046342101641,7.782358840839499,17.486120160138437,-16.782019,28.438728,1.3294195,23.344322,3.0023208,-9.472182,-16.497782,-22.076014,-10.0110445,23.464691,-4.705639,15.000033,-7.0731926,-5.2419105,4.5799975,8.926232,44.15181,-26.835093,44.367268,11.555333,10.737614,8.59373,3.7619548,-21.47171,13.972932,29.29528,-2.720172,-3.3523333,-20.523315
384,-10.070169448852539,-225.60279846191406,76.77919006347656,2.1488866143793146,7.442599239407136,17.686883143880817,-16.420242,29.30742,3.715554,25.003485,-0.33748084,-7.9299507,-16.61627,-21.689291,-10.63528,24.692833,-7.4355526,15.000033,-7.2866135,-5.390509,5.115151,7.599959,44.336803,-27.266914,44.36831,11.48391,10.8079,8.723264,3.6037672,-22.076012,14.471665,30.88494,-2.3690186,-3.1705942,-20.712755
385,-10.032610893249512,-226.80897521972656,76.52976989746094,2.258771187272042,7.0710977958974155,17.803914164746715,-16.025087,30.21862,5.8456845,26.93485,-3.0555956,-6.6992826,-16.717682,-21.157295,-11.38487,25.964716,-10.025942,14.425478,-7.507496,-5.4738245,5.7057176,6.166305,44.467102,-27.82192,44.442226,11.262288,10.973001,9.065277,3.4737859,-22.633772,15.0266695,32.461884,-1.9736687,-3.1004403,-21.235682
386,-10.00837230682373,-228.03501892089844,76.26154327392578,2.2783012400988842,6.670467396389381,17.833533196570485,-15.551894,31.224785,7.891506,29.126762,-5.532291,-5.646108,-16.90104,-20.466976,-12.137913,27.38366,-12.609533,13.285289,-7.713397,-5.4997096,6.343748,4.64929,44.546047,-28.459332,44.55105,10.947826,11.206834,9.562294,3.3459535,-23.142324,15.626511,34.066574,-1.5465338,-3.1138859,-21.989882
387,-10.018953323364258,-229.25198364257812,76.00725555419922,2.2989600996713895,6.267132014055545,17.789606161406414,-15.04357,32.084663,9.611807,31.511639,-7.7554736,-4.7627244,-17.284634,-19.751722,-12.691326,29.050053,-15.031246,12.115273,-7.892324,-5.5405807,6.9814186,3.2392938,44.548447,-28.980331,44.550137,10.71988,11.470681,10.106104,3.2800653,-23.596228,16.179659,35.60267,-1.086865,-3.1822417,-22.822275
388,-10.042716026306152,-230.4503631591797,75.7471694946289,2.3057102281238406,5.912462102799717,17.64005223054471,-14.610865,32.675587,10.723953,34.051273,-9.705631,-4.088556,-17.9646,-18.970589,-12.928419,30.959866,-17.078917,10.967626,-8.031626,-5.5612063,7.568051,1.9586539,44.456642,-29.334862,44.43769,10.616559,11.726577,10.592801,3.2894,-23.998905,16.639349,36.998993,-0.5906556,-3.2750947,-23.584393
389,-10.08420467376709,-231.627197265625,75.47663116455078,2.2981706685407017,5.630393742294589,17.349014404872463,-14.386389,32.911034,11.002091,36.883663,-11.2900915,-3.6511624,-19.11869,-18.124668,-12.729256,33.33778,-18.66979,9.824315,-8.165502,-5.5430894,8.118402,0.46468806,44.295666,-29.806412,44.470634,10.354348,11.985004,11.04614,3.2994409,-24.358675,17.04483,38.292248,-0.023220034,-3.4098694,-24.313467
390,-10.145967483520508,-232.77890014648438,75.19881439208984,2.2847399961134243,5.389746636556389,16.943166431897204,-14.321653,32.82975,10.671535,40.015404,-12.533956,-3.4283457,-20.620974,-17.242952,-12.223036,36.11016,-19.9364,8.644175,-8.238763,-5.510128,8.639078,-0.96860516,44.04088,-30.164818,44.436165,10.180622,12.260277,11.500629,3.3899126,-24.665903,17.352587,39.48223,0.5968424,-3.5971062,-25.056374
391,-10.206847190856934,-233.89727783203125,74.93034362792969,2.261215040080908,5.160552010054628,16.483330678210276,-14.245436,32.49437,10.127167,43.183403,-13.587054,-3.3966963,-22.11934,-16.329187,-11.666253,38.82979,-20.986443,7.454081,-8.318138,-5.4569163,9.110724,-2.3411918,43.693115,-30.461002,44.369316,10.074543,12.518367,11.889958,3.5683331,-24.93677,17.61037,40.536777,1.2090207,-3.7902968,-25.703701
392,-10.24301528930664,-234.99148559570312,74.68409729003906,2.2196195925019304,4.911723660380407,16.0296318937164,-13.977894,32.00217,9.748141,46.11317,-14.599418,-3.5101793,-23.276098,-15.38178,-11.298752,41.049408,-21.917866,6.3040447,-8.441401,-5.3736897,9.516368,-3.6308072,43.250988,-30.732859,44.27368,10.046376,12.726072,12.146031,3.8775418,-25.19443,17.832787,41.395386,1.7570573,-3.9389422,-26.142035
393,-10.261866569519043,-236.0379638671875,74.46121978759766,2.1282896568631333,4.636426471175952,15.528210564607408,-13.462736,31.373287,9.55113,48.79803,-15.580849,-3.8179824,-24.030546,-14.332506,-11.151252,42.644753,-22.69984,5.213237,-8.566998,-5.2263117,9.862264,-4.75826,42.69366,-30.884317,44.095837,10.158461,12.877521,12.2472105,4.353498,-25.454689,17.979286,41.99362,2.2780488,-4.0100894,-26.304176
394,-10.24372386932373,-237.04931640625,74.26814270019531,2.0002314172383935,4.349247535740566,14.970733415203414,-12.795848,30.543224,9.378128,51.351513,-16.460743,-4.332384,-24.55839,-13.203068,-11.109107,43.857445,-23.294813,4.1602826,-8.696346,-5.016845,10.157462,-5.78208,42.017067,-30.93946,43.87288,10.374825,12.988545,12.231055,4.968941,-25.722326,18.05885,42.36883,2.7943418,-4.0312614,-26.261883
395,-10.20387077331543,-238.02423095703125,74.11519622802734,1.890675974555781,4.051216475344305,14.483179230097216,-12.024362,29.522446,9.318674,53.663494,-17.258566,-4.9212675,-24.879498,-12.119134,-11.180043,44.771503,-23.771944,3.1527145,-8.904142,-4.799077,10.387883,-6.802276,41.241676,-31.044628,43.672825,10.635028,13.058825,12.115884,5.695361,-26.00058,18.13187,42.60514,3.222387,-4.042201,-26.108315
396,-10.13486099243164,-238.9696807861328,74.00684356689453,1.8527665713196906,3.7446150705158745,14.190163415803159,-11.197662,28.337473,9.448187,55.61887,-17.984974,-5.4418254,-25.020145,-11.203168,-11.369113,45.473244,-24.19968,2.1978707,-9.259452,-4.6308756,10.54224,-7.904148,40.39813,-31.343142,43.54439,10.875906,13.089317,11.91867,6.511825,-26.284977,18.253613,42.780293,3.4790509,-4.0851216,-25.934067
397,-10.05289077758789,-239.90841674804688,73.94329071044922,1.9204567030724027,3.4060299961226046,14.136953691675702,-10.284203,26.978455,9.828088,57.176243,-18.611265,-5.8372836,-24.94591,-10.513115,-11.683551,45.96962,-24.605373,1.3165749,-9.791365,-4.561631,10.624752,-9.072414,39.49325,-31.820618,43.46944,11.106095,13.062214,11.570379,7.4317994,-26.56859,18.44351,42.89278,3.4920418,-4.162863,-25.723051
398,-9.97751235961914,-240.8358154296875,73.91488647460938,2.0541780108352956,3.0415522699936037,14.250887359908736,-9.284323,25.451214,10.3759,58.38777,-19.12773,-6.1774626,-24.66683,-9.9654875,-12.116525,46.22002,-24.940916,0.502341,-10.456863,-4.5526333,10.64015,-10.26195,38.52465,-32.415012,43.416855,11.33658,12.982554,11.085435,8.454211,-26.84557,18.673552,42.913483,3.3220143,-4.2569995,-25.440075
399,-9.906387329101562,-241.75025939941406,73.91989135742188,2.195881987635302,2.6983935466295206,14.479927598351974,-8.286662,23.811754,10.95546,59.265102,-19.567024,-6.5080295,-24.273178,-9.470993,-12.6549835,46.236584,-25.16208,-0.28116006,-11.209377,-4.537219,10.578468,-11.480704,37.509228,-33.174656,43.38997,11.53385,12.887448,10.603322,9.547638,-27.110506,18.915075,42.872417,3.0802107,-4.3784547,-25.145868
400,-9.818275451660156,-242.65695190429688,73.96484375,2.290257301094167,2.4241302590731597,14.774137897811276,-7.376872,22.114084,11.443754,59.822838,-19.960388,-6.877158,-23.851015,-8.943861,-13.286511,46.02434,-25.223806,-1.0700148,-11.997563,-4.4514174,10.434097,-12.74238,36.47236,-34.164127,43.387383,11.653397,12.816856,10.262003,10.6932335,-27.353918,19.129648,42.789207,2.8781335,-4.5374613,-24.899633
401,-9.731715202331543,-243.5640106201172,74.04334259033203,2.315417509454043,2.2387572854237754,15.17446678719857,-6.600551,20.394365,11.838011,60.081276,-20.350012,-7.248265,-23.40361,-8.384449,-14.074465,45.56647,-25.126715,-1.881638,-12.850324,-4.2752852,10.191605,-14.045925,35.428387,-35.46965,43.409077,11.594192,12.788931,10.120766,11.901782,-27.56791,19.346537,42.687965,2.7043564,-4.7632146,-24.741394
402,-9.654990196228027,-244.46446228027344,74.15763092041016,2.3025824101468326,2.1146450233819536,15.689877279760392,-5.9017444,18.623247,12.195282,60.019695,-20.702225,-7.60871,-22.892403,-7.826204,-15.005773,44.863674,-24.890364,-2.6932344,-13.775278,-4.0484295,9.864155,-15.351409,34.371372,-37.02737,43.423565,11.407144,12.782214,10.094321,13.181163,-27.743639,19.569767,42.5498,2.5097284,-5.0420012,-24.63114
403,-9.56674861907959,-245.3693389892578,74.30307006835938,2.2765330143506,2.0285003318221033,16.222053928843106,-5.2106285,16.756226,12.490146,59.596363,-20.943977,-8.042557,-22.342514,-7.2366405,-15.953907,43.950413,-24.50004,-3.4811957,-14.690594,-3.7964387,9.48869,-16.637724,33.302414,-38.702324,43.39954,11.25173,12.778005,10.104402,14.507753,-27.87331,19.724524,42.331604,2.3493874,-5.3193583,-24.507835
404,-9.50047492980957,-246.25421142578125,74.48213958740234,2.2619404411465127,1.9568635706169728,16.672645150563433,-4.458148,14.748283,12.6923275,58.765945,-21.004614,-8.63254,-21.779003,-6.5869036,-16.79218,42.86061,-23.939108,-4.22341,-15.515786,-3.5487828,9.103749,-17.879827,32.228157,-40.34624,43.295074,11.301656,12.758135,10.071635,15.861884,-27.949884,19.733246,41.98162,2.280124,-5.5406923,-24.308477
405,-9.442093849182129,-247.12936401367188,74.69095611572266,2.2704962140198606,1.9025356036619325,17.030838919695007,-3.6160126,12.548933,12.777041,57.463634,-20.867998,-9.405935,-21.188791,-5.877907,-17.490797,41.54516,-23.218092,-4.921996,-16.24839,-3.312039,8.703762,-19.081827,31.161373,-42.007095,43.08944,11.584076,12.720157,10.012121,17.262632,-27.973055,19.56829,41.46528,2.329824,-5.6879845,-24.035044
406,-9.374749183654785,-248.011962890625,74.9244613647461,2.2847284175689544,1.8750775661616812,17.34403753641071,-2.718454,10.210458,12.747088,55.71596,-20.576939,-10.304184,-20.564535,-5.122404,-18.117338,40.002098,-22.33822,-5.5882177,-16.925917,-3.07139,8.277692,-20.239689,30.10602,-43.73377,42.788395,12.010918,12.673455,9.953946,18.716244,-27.9407,19.273344,40.80797,2.4639173,-5.7909026,-23.71292
407,-9.320897102355957,-248.8914794921875,75.1773452758789,2.2852113404381575,1.86138139617404,17.601469909115064,-1.7838798,7.838913,12.612441,53.609993,-20.146856,-11.283576,-19.943233,-4.3140655,-18.690546,38.34168,-21.269533,-6.215242,-17.533937,-2.8276286,7.853361,-21.330534,29.058731,-45.378338,42.40188,12.587114,12.616246,9.836673,20.168182,-27.845375,18.891645,40.061703,2.6504164,-5.866195,-23.316467
408,-9.276482582092285,-249.75924682617188,75.44363403320312,2.2532748382327377,1.8484618789447296,17.7924930591193,-0.8247057,5.534646,12.389649,51.232418,-19.590229,-12.306277,-19.361046,-3.4479465,-19.22987,36.670246,-19.980042,-6.794335,-18.063005,-2.5823722,7.455582,-22.346376,28.021946,-46.799213,41.951767,13.307788,12.544392,9.600954,21.5561,-27.682703,18.473812,39.286972,2.8571494,-5.9306116,-22.821852
409,-9.246103286743164,-250.63636779785156,75.72083282470703,2.200025026454927,1.8232379433471135,17.89986187948177,0.23761627,3.2819567,12.109343,48.480087,-18.881464,-13.404457,-18.788385,-2.5227773,-19.720993,34.952137,-18.463125,-7.3531814,-18.501268,-2.3502636,7.0842237,-23.30703,27.0093,-47.988453,41.417847,14.335996,12.444105,9.144102,22.902485,-27.4492,17.985643,38.446484,3.1396492,-5.980291,-22.177814
410,-9.232516288757324,-251.53219604492188,76.00239562988281,2.1254027749914615,1.7967288789085174,17.935347302565273,1.4110639,1.0554086,11.731125,45.318653,-18.016493,-14.576458,-18.216162,-1.5409255,-20.162302,33.141693,-16.729742,-7.886297,-18.872272,-2.1296408,6.737207,-24.172077,26.01553,-48.949337,40.773167,15.689586,12.315535,8.525479,24.209347,-27.143824,17.431713,37.52805,3.49164,-6.006524,-21.413046
411,-9.242683410644531,-252.431396484375,76.28860473632812,2.108434693600664,1.8172446098771304,17.976224284969227,2.5673437,-1.2616751,11.232598,41.8518,-16.960955,-15.000033,-17.825037,-0.6862485,-20.56225,31.517262,-14.856726,-8.298493,-19.223366,-1.9709765,6.3471713,-25.039137,25.070795,-49.82064,40.122425,16.866518,12.169951,7.941018,25.416256,-26.779366,16.89834,36.64386,3.8008742,-6.0214653,-20.62522
412,-9.274197578430176,-253.3409423828125,76.57147216796875,2.0477686154349506,1.8910488110589556,18.027418602241628,3.6017058,-3.4791903,10.500261,38.346226,-15.787995,-15.000033,-17.628008,0.14840329,-20.979122,30.08091,-12.795782,-8.548078,-19.578817,-1.7976148,5.9756894,-25.795807,24.159647,-50.45646,39.462242,17.66302,12.047061,7.5693717,26.415062,-26.370155,16.50313,35.902065,3.9472122,-6.042426,-19.91118
413,-9.33198356628418,-254.2650909423828,76.84359741210938,1.8551345984426757,2.014638133261878,18.07078064010036,4.5077577,-5.4711924,9.451983,34.850094,-14.538423,-15.000033,-17.579554,1.0814538,-21.513777,28.731544,-10.462869,-8.755421,-19.921036,-1.5255181,5.649857,-26.47566,23.282719,-50.85199,38.798832,17.92594,11.984772,7.440904,27.212662,-25.933855,16.26135,35.29995,3.8785322,-6.0729213,-19.264753
414,-9.408111572265625,-255.2011260986328,77.10604095458984,1.5509803512744185,2.1740892360487742,18.092399022312033,5.3752785,-7.2585254,8.1381445,31.253437,-13.185131,-15.000033,-17.637852,2.1099815,-22.123474,27.398958,-7.859418,-8.905898,-20.256006,-1.1740495,5.377856,-27.04755,22.425068,-50.960403,38.099632,17.921288,11.966788,7.4591465,27.836462,-25.478104,16.130669,34.78219,3.6665072,-6.107892,-18.644348
415,-9.506805419921875,-256.1501159667969,77.34947967529297,1.1589366693934677,2.3523605188642533,18.087610759746326,6.210044,-8.7921295,6.6769595,27.683853,-11.753168,-15.000033,-17.763447,3.238901,-22.638027,26.01554,-5.007529,-8.760613,-20.536615,-0.75834197,5.1423664,-27.662556,21.64254,-51.062523,37.473606,17.536745,11.92664,7.6351395,28.310308,-25.006565,16.081324,34.379673,3.3997428,-6.149696,-18.093529
416,-9.625727653503418,-257.119384765625,77.56718444824219,0.7161001254775544,2.5305008994598466,18.05419400964693,7.0044165,-10.050975,5.199052,24.270893,-10.264028,-15.000033,-17.913641,4.4656897,-22.858177,24.516727,-1.9404242,-8.070522,-20.807661,-0.336201,4.984708,-28.158812,20.919512,-51.034748,36.8822,17.108583,11.823177,7.9585137,28.551598,-24.515575,16.146915,34.14044,3.1436899,-6.202206,-17.659172
417,-9.75914192199707,-258.10137939453125,77.76263427734375,0.20503653262319227,2.726641734113593,17.99999234888952,7.729452,-11.04967,3.664022,20.98217,-8.722801,-15.000033,-18.170074,5.8083215,-22.82727,23.023188,1.362601,-7.0413094,-21.07619,0.112489365,4.89265,-28.569283,20.262964,-50.91701,36.35345,16.416002,11.6002445,8.536187,28.53139,-24.007814,16.360163,34.11788,2.880131,-6.268924,-17.380646
418,-9.908437728881836,-259.08941650390625,77.92976379394531,-0.3757218881617367,2.940646715064344,17.93013455850806,8.385809,-11.801138,2.0501487,17.78647,-7.122035,-15.000033,-18.510096,7.2647824,-22.572052,21.482908,4.897406,-5.666941,-21.33806,0.5935559,4.8570065,-28.926474,19.687054,-50.71328,35.86767,15.427215,11.287737,9.328994,28.287205,-23.482615,16.69681,34.2742,2.5833786,-6.346216,-17.224773
419,-10.079191207885742,-260.0932312011719,78.06648254394531,-0.9367059754007443,3.126378941165442,17.84368526644869,8.998638,-12.343115,0.5362822,14.800135,-5.4430213,-15.000033,-18.722435,8.793101,-21.790243,19.593748,8.566843,-3.367933,-21.570387,1.0180824,4.8680043,-29.263927,19.21256,-50.499638,35.427933,14.482167,10.965219,10.12411,27.897184,-22.935698,17.070795,34.518196,2.3245678,-6.424353,-17.128986
420,-10.26116943359375,-261.1124267578125,78.16706848144531,-1.3571721106215562,3.237377199514502,17.745647713849003,9.611646,-12.770982,-0.6950764,12.086495,-3.6275027,-15.000033,-18.583218,10.316784,-20.114855,17.107676,12.213983,0.4431137,-21.789242,1.2597119,4.9261136,-29.495932,18.817648,-50.216774,34.99286,14.085705,10.73656,10.712358,27.402746,-22.360725,17.422106,34.765095,2.1654813,-6.494405,-17.032644
421,-10.45601749420166,-262.1387023925781,78.18616485595703,-1.4958663477684402,3.256211438740362,17.68385988495629,10.488594,-13.314498,-1.7345139,9.097714,-1.1400584,-15.000033,-17.827114,11.765397,-17.02982,13.609129,15.965664,6.886795,-22.016216,1.1871697,4.980366,-29.708036,18.51814,-49.961815,34.595417,14.337177,10.630456,11.041744,26.841629,-21.749092,17.718224,35.00127,2.1421285,-6.5624576,-16.935251
422,-10.652694702148438,-263.1705627441406,78.12986755371094,-1.4179670654055192,3.2068783072634135,17.637133487328185,11.178213,-13.937997,-2.5341938,6.6790032,1.4516956,-15.000033,-16.488419,13.072232,-12.824633,9.335508,19.546183,15.000033,-22.23431,0.902834,5.0369205,-29.927343,18.383308,-49.763687,34.18212,14.888671,10.596292,11.228702,26.276913,-21.205359,17.96827,35.14739,2.2466567,-6.6207247,-16.845837
423,-10.802178382873535,-264.3432312011719,77.99290466308594,-1.4970825351296246,3.060330079532653,17.083023173752487,10.835237,-14.102518,-2.3486109,6.6512475,2.6210566,-15.000033,-14.892358,14.479005,-10.881195,5.2053156,22.54858,15.000033,-21.919064,0.5395236,5.172409,-30.054583,18.339727,-49.583366,33.867588,15.660137,10.6183605,11.300031,25.554441,-20.439217,18.268358,35.45089,2.35219,-6.6716013,-16.803297
424,-10.936982154846191,-265.4801330566406,77.85346984863281,-1.6376934172044144,2.8458831685764148,16.480125234261234,10.545097,-13.866415,-1.7567629,6.782278,3.2225595,-15.000033,-14.735912,15.449598,-9.182939,4.567966,23.314169,15.000033,-21.529554,0.2970486,5.4336395,-30.091805,18.385527,-49.37317,33.534016,16.253872,10.669012,11.346733,24.865416,-19.863485,18.499811,35.553856,2.529546,-6.674448,-16.705708
425,-11.052018165588379,-266.5520324707031,77.74301147460938,-1.9868521083203179,2.5413543564897796,15.744511349816634,8.999703,-12.926997,-0.25121203,9.889903,1.5439411,-14.916782,-14.51067,16.571693,-6.9519234,4.217433,23.415598,15.000033,-20.983772,0.2742669,5.867047,-30.076569,18.473043,-49.15642,33.294514,16.654974,10.757403,11.348368,24.140331,-19.379858,18.673275,35.552513,2.7569437,-6.62556,-16.551601
426,-11.222865104675293,-267.60052490234375,77.60718536376953,-2.058664318998129,2.3024175956701827,15.066572942405342,6.8501806,-12.3834505,2.4104528,14.296484,-1.3916317,-7.340606,-14.496139,17.187582,-4.254927,4.3879213,22.821522,15.000033,-20.445305,0.03145785,6.181239,-30.059992,18.64967,-48.9595,33.159786,17.016958,10.895335,11.247452,23.124277,-18.68811,18.803825,35.79135,2.9404578,-6.559387,-16.398605
427,-11.43377685546875,-268.75115966796875,77.52305603027344,-2.3848940585094365,2.110437640762402,14.482483145501387,4.5479884,-11.298298,5.0168734,19.193666,-5.2486515,0.22952415,-14.511534,17.831583,-2.012183,4.6486053,21.944721,15.000033,-19.878035,-0.09643152,6.565882,-30.016214,19.013792,-48.893536,33.038544,17.282877,11.065325,11.109096,21.70082,-17.554903,18.909374,36.49162,2.9904199,-6.515473,-16.316977
428,-11.657719612121582,-269.876953125,77.3697509765625,-2.938023675092314,1.9946920317049843,13.985173562109491,2.7400906,-9.892428,6.9787397,23.07217,-8.92715,5.580191,-15.822836,18.324352,-1.3191464,7.4405637,19.763828,15.000033,-19.321623,0.07428396,7.015891,-29.961723,19.3938,-48.839245,32.938423,17.374464,11.2176895,11.0234785,20.277975,-16.579664,18.996313,37.080555,3.0940003,-6.463629,-16.27103
429,-11.896081924438477,-270.9324951171875,77.1578140258789,-3.681024778822794,1.9280911972352954,13.473339628754557,1.5791925,-8.192093,8.464215,25.606995,-12.128762,7.927492,-17.617092,18.552813,-2.3007023,11.202864,17.246328,15.000033,-18.68803,0.49405813,7.5235605,-29.938463,19.79418,-48.81029,32.908333,17.186647,11.317463,10.994377,18.79593,-15.744323,19.107573,37.610313,3.254644,-6.398852,-16.253242
430,-12.160014152526855,-271.9689025878906,76.9124755859375,-4.47257375348358,1.8870964859090789,12.931827128992282,0.79805046,-6.2926164,9.807507,27.387056,-15.157866,8.509307,-19.643366,18.36768,-4.3195734,15.5206,14.499606,15.000033,-17.99611,1.0123768,8.064194,-29.832878,20.192356,-48.70575,32.91477,16.901676,11.395178,10.989655,17.24385,-15.024585,19.243849,38.078064,3.466139,-6.317083,-16.25349
431,-12.441558837890625,-272.986572265625,76.6426010131836,-5.151228895068824,1.8628587761420463,12.419312089814595,0.1819052,-4.467344,10.957659,28.756287,-17.93003,8.22817,-21.788225,17.67858,-6.651827,20.190414,11.50474,15.000033,-17.279825,1.4642988,8.57436,-29.703867,20.593,-48.603683,32.99843,16.542175,11.489224,11.018995,15.658886,-14.402982,19.411587,38.5235,3.7285628,-6.243306,-16.332426
432,-12.728850364685059,-273.9788818359375,76.33544921875,-5.627315643401703,1.8613777041763189,11.992680223524406,-0.51029223,-2.9367037,11.762027,30.102938,-20.468014,8.010303,-23.883005,16.574774,-8.59792,24.802088,8.359621,15.000033,-16.597733,1.75269,9.021831,-29.508638,20.990513,-48.487747,33.140175,16.244133,11.644506,11.092371,14.043376,-13.865153,19.636303,39.001675,4.0382466,-6.2036524,-16.549725
433,-13.015230178833008,-274.96319580078125,76.00919342041016,-5.912585584647,1.88339897283388,11.695711570076456,-1.3945534,-1.7412695,12.060352,31.62067,-22.868004,7.9882693,-25.958529,15.113214,-10.001798,29.400415,4.9099126,15.000033,-15.969538,1.883428,9.431231,-29.288704,21.383251,-48.387436,33.35192,15.998437,11.887789,11.233203,12.355928,-13.401262,19.950947,39.558823,4.469061,-6.2082405,-16.963463
434,-13.324898719787598,-275.9218444824219,75.6552963256836,-6.025116852450414,1.9175130862965737,11.501847926416293,-2.356665,-0.7967212,12.006941,33.14317,-25.109163,7.750732,-28.00064,13.243659,-11.151824,34.087097,1.1974413,15.000033,-15.369059,1.8697175,9.819346,-29.052341,21.771988,-48.30692,33.64626,15.747792,12.189604,11.430397,10.59743,-13.003007,20.336193,40.17262,4.993953,-6.247112,-17.529095
435,-13.632737159729004,-276.8734130859375,75.2965316772461,-5.973792702591956,1.969686754513468,11.339418548168842,-3.3437417,-0.049487937,11.841808,34.608463,-27.142986,7.403486,-29.844685,11.066448,-12.101515,38.504612,-2.3650513,15.000033,-14.7647085,1.7209091,10.149149,-28.725552,22.154518,-48.204136,34.01467,15.532054,12.509592,11.643376,8.830196,-12.663961,20.741327,40.801083,5.4608684,-6.3134394,-18.151373
436,-13.938786506652832,-277.7940673828125,74.9416732788086,-5.788551743881882,2.0520502647007235,11.128961983909793,-4.2815332,0.5757,11.794532,35.90548,-28.891518,7.0441976,-31.383677,8.686745,-12.949531,42.362354,-5.4129305,15.000033,-14.1147785,1.4695163,10.379711,-28.248323,22.530598,-48.050884,34.45562,15.372504,12.807088,11.830917,7.1183987,-12.383314,21.115185,41.405163,5.718321,-6.39599,-18.735153
437,-14.21821117401123,-278.71728515625,74.61241149902344,-5.478457486420176,2.2174789479148247,10.850295728344452,-5.231559,1.095463,11.903531,37.050835,-30.345703,6.6921425,-32.68109,6.0920825,-13.764928,45.658157,-7.9252415,15.000033,-13.395445,1.135946,10.463138,-27.607162,22.897701,-47.847824,34.977673,15.309614,13.088122,11.9889145,5.4446564,-12.162914,21.4738,42.05734,5.672459,-6.510763,-19.29998
438,-14.445967674255371,-279.622802734375,74.31085968017578,-5.053615672508071,2.445059857846237,10.543012415750542,-6.2102256,1.4977832,12.060472,38.11448,-31.559713,6.297306,-33.815525,3.263724,-14.513186,48.5882,-10.127753,15.000033,-12.631666,0.7190156,10.443333,-26.829103,23.253347,-47.607006,35.577717,15.318481,13.369379,12.137216,3.782364,-12.001876,21.846285,42.757942,5.421571,-6.6523557,-19.881718
439,-14.631006240844727,-280.522216796875,74.03778076171875,-4.556687057297006,2.641839373226701,10.20900341134315,-7.0878024,1.8341279,12.26848,39.07705,-32.55511,5.846633,-34.723213,0.3175979,-15.157628,51.152122,-12.040813,15.000033,-11.84719,0.23490366,10.412522,-25.91414,23.599394,-47.31658,36.231712,15.319482,13.625502,12.271308,2.185865,-11.8944645,22.199656,43.352528,5.1015086,-6.7754583,-20.409563
440,-14.784198760986328,-281.41693115234375,73.79214477539062,-4.030400303239462,2.716745226749797,9.847051752473226,-7.7396045,2.1594737,12.532084,39.921467,-33.351974,5.325842,-35.343353,-2.6256561,-15.673981,53.34236,-13.671837,15.000033,-11.058942,-0.2923128,10.45878,-24.876572,23.94453,-46.980343,36.91923,15.2137575,13.830115,12.387524,0.71054524,-11.833662,22.493101,43.68685,4.8476496,-6.838586,-20.811752
441,-14.917074203491211,-282.3124084472656,73.58069610595703,-3.4831877419278263,2.641768227843889,9.398221904111455,-8.133653,2.510151,12.906392,40.6742,-33.936268,4.710409,-35.662178,-5.5593624,-16.185312,55.15441,-14.996477,14.635341,-10.216871,-0.86122125,10.609756,-23.686928,24.292414,-46.580635,37.627605,14.98294,13.985598,12.48698,-0.6468072,-11.815091,22.700796,43.730488,4.658774,-6.813192,-21.056892
442,-15.03168773651123,-283.227294921875,73.39928436279297,-3.0779946966287466,2.523236582638769,8.746296720322858,-8.473552,3.146774,13.413492,41.53928,-34.409393,3.945104,-35.745327,-8.284535,-17.009274,56.448055,-15.939192,12.938118,-9.202901,-1.3019475,10.787034,-22.34857,24.645506,-46.13202,38.36285,14.662286,14.10208,12.570681,-1.9117037,-11.837476,22.851248,43.566807,4.4744487,-6.7287526,-21.187443
443,-15.124040603637695,-284.1407775878906,73.25531768798828,-2.680737921937354,2.3665240452089145,8.093434190678998,-8.686531,3.8003538,13.914727,42.27832,-34.706932,3.1282485,-35.681576,-10.933122,-17.744785,57.413795,-16.650768,11.371052,-8.209056,-1.7250535,10.971718,-20.874039,25.000954,-45.631836,39.10117,14.2942505,14.168594,12.634095,-3.0759804,-11.903779,22.98749,43.21688,4.3393526,-6.6332045,-21.240616
444,-15.206487655639648,-285.0435791015625,73.14603424072266,-2.353214276672156,2.213327391966727,7.510806174236724,-8.838694,4.5172834,14.309261,42.88997,-34.891945,2.280163,-35.522705,-13.3834505,-18.367859,58.03843,-17.147785,9.950367,-7.303055,-2.0595603,11.128383,-19.29428,25.35768,-45.09256,39.831604,13.905303,14.173117,12.671537,-4.1241107,-12.017246,23.15191,42.69578,4.30059,-6.5735507,-21.254791
445,-15.262794494628906,-285.9405517578125,73.0797348022461,-2.1233596296432315,2.0469694332987824,6.994784607622574,-8.922212,5.3366346,14.588199,43.403522,-34.979115,1.3973651,-35.258263,-15.611444,-18.911722,58.308796,-17.347992,8.625007,-6.485645,-2.2751424,11.266505,-17.594658,25.71075,-44.525337,40.582302,13.441264,14.083727,12.696404,-5.0484233,-12.186995,23.357775,41.970036,4.4548817,-6.582831,-21.230433
446,-15.30899429321289,-286.8522033691406,73.05136108398438,-1.9572973548762196,1.8523008005303312,6.514467021511276,-8.909752,6.2236876,14.797867,43.80553,-34.936916,0.47063783,-34.87915,-17.675789,-19.406126,58.25483,-17.260813,7.400846,-5.724487,-2.4074094,11.393219,-15.76669,26.054514,-43.919548,41.346844,12.909197,13.916765,12.703691,-5.852919,-12.4168825,23.581364,41.034393,4.7518635,-6.6277385,-21.149172
447,-15.333093643188477,-287.77099609375,73.06175231933594,-1.8260993287378784,1.6735058065440527,6.099936136500904,-8.841908,7.1173964,14.918806,44.033955,-34.75578,-0.48804766,-34.433323,-19.57031,-19.807365,57.91658,-17.02323,6.3835044,-5.0380974,-2.4892793,11.468862,-13.849053,26.388926,-43.25351,42.062706,12.428797,13.733629,12.660343,-6.5433087,-12.69888,23.807848,39.95327,5.014182,-6.657148,-21.022781
448,-15.330921173095703,-288.6970520019531,73.1087875366211,-1.7010234627306924,1.555222939801269,5.781023917685008,-8.762249,7.958759,14.92997,44.030586,-34.429466,-1.4672542,-33.970936,-21.28707,-20.058084,57.32968,-16.765944,5.684052,-4.448812,-2.5577404,11.45539,-11.873323,26.71898,-42.501183,42.663616,12.120064,13.5960655,12.53599,-7.1322775,-13.017426,24.02521,38.800457,5.0612473,-6.6214795,-20.865082
449,-15.32016658782959,-289.6318664550781,73.18890380859375,-1.5824991348137203,1.5089889004083779,5.563967907960658,-8.676198,8.741069,14.81712,43.77327,-33.964176,-2.4714496,-33.496048,-22.774988,-20.07965,56.41917,-16.533876,5.4539275,-3.9717267,-2.6192038,11.333891,-9.815349,27.04857,-41.65163,43.1313,12.023322,13.514238,12.293385,-7.6465673,-13.369127,24.271164,37.60513,4.828094,-6.511909,-20.691093
450,-15.287220001220703,-290.576171875,73.29850769042969,-1.485374658681233,1.5107730159371853,5.433052769544791,-8.563875,9.494977,14.587989,43.296253,-33.366543,-3.50326,-32.985355,-24.05388,-19.916222,55.193897,-16.236197,5.593233,-3.597404,-2.659428,11.126858,-7.655413,27.377068,-40.71085,43.48911,12.072288,13.457848,11.957982,-8.079324,-13.754943,24.542137,36.333954,4.4127855,-6.355438,-20.490564
451,-15.239373207092285,-291.53961181640625,73.43314361572266,-1.4004084334441085,1.552239209542694,5.384421859495939,-8.432629,10.216651,14.25388,42.62544,-32.633484,-4.5491757,-32.446873,-25.220615,-19.688309,53.81225,-15.8059845,5.837689,-3.3089712,-2.689053,10.859515,-5.4388714,27.704792,-39.684566,43.742584,12.221825,13.426966,11.594564,-8.399169,-14.162379,24.763056,34.977806,3.8784804,-6.159224,-20.240572
452,-15.17788028717041,-292.5107116699219,73.59866333007812,-1.3207011160289304,1.6250682231052267,5.416406715319761,-8.290664,10.901178,13.824769,41.77973,-31.75308,-5.595291,-31.888536,-26.368399,-19.524763,52.430336,-15.173558,5.925083,-3.089186,-2.7182624,10.555899,-3.2141666,28.032902,-38.582016,43.902893,12.426997,13.422508,11.268845,-8.578668,-14.570639,24.854923,33.536224,3.2859626,-5.931377,-19.919111
453,-15.101760864257812,-293.50286865234375,73.7867660522461,-1.244951937564753,1.7333041847707162,5.538388424543493,-8.133371,11.531848,13.274115,40.728195,-30.72876,-6.641059,-31.309067,-27.514925,-19.442146,51.053436,-14.331446,5.8360677,-2.9482136,-2.7509954,10.208118,-0.94962615,28.360704,-37.35254,43.94017,12.758144,13.468644,10.9766655,-8.61041,-14.965582,24.777842,31.996292,2.5419562,-5.6551037,-19.480427
454,-15.005599021911621,-294.5081787109375,74.0009536743164,-1.1767805100124251,1.878886840054751,5.748501828460377,-7.9596143,12.116376,12.598536,39.46979,-29.563095,-7.6909375,-30.706614,-28.613678,-19.376831,49.619797,-13.319684,5.6911426,-2.8927174,-2.7849064,9.806809,1.3737006,28.686752,-36.003464,43.856613,13.2119,13.556208,10.689637,-8.520269,-15.345196,24.578627,30.382145,1.6438726,-5.339161,-18.948357
455,-14.907116889953613,-295.5320739746094,74.22925567626953,-1.1151849207548439,2.051378715179249,6.0270781426118685,-7.785322,12.682336,11.842259,38.069855,-28.240728,-8.739064,-30.095028,-29.659142,-19.335873,48.18966,-12.143414,5.440515,-2.8967738,-2.8202217,9.37341,3.6743896,29.012804,-34.638172,43.726402,13.628395,13.637276,10.438964,-8.329919,-15.705869,24.304516,28.748035,0.7878198,-5.025442,-18.4086
456,-14.802077293395996,-296.576416015625,74.47306060791016,-1.0589992617441963,2.2399666841771007,6.354282917456873,-7.6281366,13.254988,11.049307,36.595737,-26.74702,-9.779837,-29.492872,-30.648378,-19.325588,46.82764,-10.809665,5.0343046,-2.929483,-2.8571503,8.927992,5.8582287,29.344028,-33.369804,43.636127,13.845823,13.665919,10.258609,-8.058687,-16.043232,23.996058,27.147356,0.16994126,-4.7496543,-17.948835
457,-14.68941879272461,-297.6423034667969,74.72905731201172,-1.0087518989659872,2.450196093436439,6.7408137619089645,-7.485173,13.828709,10.20418,35.02727,-25.081413,-10.810973,-28.93188,-31.647179,-19.426939,45.61702,-9.203711,4.2782855,-3.0014615,-2.8919072,8.461832,7.9211483,29.687075,-32.208057,43.603912,13.796754,13.622392,10.19629,-7.7044024,-16.353893,23.64375,25.57392,-0.1473244,-4.5089297,-17.58094
458,-14.574355125427246,-298.72955322265625,74.99617004394531,-0.9631127521450784,2.6849868050991947,7.19208600897748,-7.350994,14.387721,9.285329,33.338474,-23.247711,-11.835244,-28.405584,-32.648205,-19.62007,44.528347,-7.3794804,3.248852,-3.121397,-2.9250112,7.969519,9.902037,30.046345,-31.09796,43.59017,13.575203,13.535085,10.223042,-7.261337,-16.635918,23.227856,24.009083,-0.2732877,-4.283682,-17.264242
459,-14.449688911437988,-299.8363342285156,75.27357482910156,-0.9187592898826283,2.9298836804779733,7.680348405215053,-7.2370973,14.946258,8.323527,31.585634,-21.235697,-12.859871,-27.869852,-33.522484,-19.748648,43.439816,-5.584678,2.3079317,-3.2558053,-2.96332,7.474694,11.76547,30.426634,-30.056099,43.60227,13.262219,13.43002,10.258883,-6.7512608,-16.888554,22.777514,22.493048,-0.26593634,-4.0806575,-17.010143
460,-14.324342727661133,-300.9803161621094,75.55213165283203,-0.8744603684897648,3.171742553452148,8.177267406890977,-7.156203,15.523561,7.346229,29.831646,-19.04132,-13.894715,-27.269348,-34.12551,-19.634113,42.201313,-4.0438075,1.8342305,-3.3687692,-3.0130737,6.999734,13.469405,30.831347,-29.104612,43.653442,12.937939,13.334027,10.224741,-6.1925063,-17.111927,22.319162,21.065304,-0.18535733,-3.9077337,-16.828722
461,-14.190427780151367,-302.15185546875,75.82803344726562,-0.8292256745997931,3.400375911671941,8.677952691284602,-7.0801835,16.138952,6.348085,28.069647,-16.658413,-14.983976,-26.505123,-34.41114,-19.259525,40.65551,-2.8080943,2.0663443,-3.4514265,-3.0801642,6.551947,15.015991,31.267365,-28.232353,43.75229,12.581035,13.253148,10.113334,-5.575646,-17.30315,21.848845,19.699875,0.012860065,-3.7560604,-16.731068
462,-14.066180229187012,-303.3304443359375,76.09868621826172,-0.561832920068139,3.6540596282472015,9.266648624487706,-6.971414,16.369202,5.3432636,26.080484,-13.98654,-15.000033,-25.752182,-34.736282,-18.525673,38.956318,-1.7381082,2.830845,-3.592575,-3.366147,6.0808544,16.424658,31.743633,-27.425653,43.89014,12.164584,13.173692,9.962602,-4.898682,-17.458488,21.358812,18.388268,0.340656,-3.6247206,-16.711063
463,-13.946850776672363,-304.5275573730469,76.36384582519531,-0.28774873593333655,3.9163148639921483,9.872042325658462,-6.915738,16.628948,4.344046,24.108364,-11.160821,-15.000033,-25.010742,-34.860928,-17.54476,37.255253,-0.78447145,3.7280917,-3.7308874,-3.665298,5.620787,17.677507,32.26154,-26.71116,44.052593,11.757996,13.09396,9.762992,-4.195788,-17.58186,20.867304,17.2005,0.6908631,-3.5348642,-16.748861
464,-13.834436416625977,-305.7550964355469,76.62117767333984,-0.03607105000723552,4.200717414625254,10.486341323041875,-6.984255,16.944454,3.3466797,22.230047,-8.218036,-15.000033,-24.412668,-34.788612,-16.284765,35.776825,0.09762253,4.4103403,-3.8632307,-3.9412162,5.167968,18.747751,32.816998,-26.120975,44.236645,11.434352,13.011612,9.506104,-3.4990363,-17.682878,20.390932,16.206596,0.95768434,-3.5072684,-16.824736
465,-13.72938346862793,-306.9892272949219,76.86019897460938,0.19467772573435108,4.525008789185453,11.111772791728011,-7.193301,17.321312,2.3599827,20.426819,-5.085453,-15.000033,-24.030947,-34.472122,-14.563515,34.56099,0.8809337,4.745746,-3.9908438,-4.1850634,4.7062235,19.610397,33.4117,-25.693718,44.464077,11.186722,12.916311,9.184328,-2.800749,-17.76372,19.920149,15.401905,1.136917,-3.5751698,-16.939325
466,-13.636429786682129,-308.2301330566406,77.08556365966797,0.4154871772148218,4.877939886689431,11.753164622478156,-7.521949,17.758009,1.3752472,18.702816,-1.7863243,-15.000033,-23.748209,-33.934387,-12.484112,33.494267,1.5429075,4.919958,-4.113671,-4.411195,4.2426357,20.271202,34.049564,-25.415525,44.74156,10.982396,12.812165,8.805762,-2.0874155,-17.824509,19.446394,14.753673,1.2777144,-3.7183795,-17.099985
467,-13.552295684814453,-309.4898376464844,77.29203033447266,0.6274513108951031,5.232616139288353,12.410107818882944,-7.981283,18.237608,0.36226556,17.14434,1.5311964,-15.000033,-23.459623,-33.292374,-10.396966,32.594,2.1512713,5.080643,-4.2310286,-4.63159,3.8044693,20.754427,34.72445,-25.235262,45.03794,10.863592,12.7170925,8.384852,-1.3746835,-17.873884,18.988123,14.280715,1.3547688,-3.87695,-17.297125
468,-13.473990440368652,-310.7577209472656,77.47467041015625,0.8316949566257523,5.5631538797724005,13.083080109098326,-8.587554,18.733913,-0.71594626,15.8360195,4.7271385,-15.000033,-23.073658,-32.659657,-8.646848,31.852524,2.7779152,5.3815536,-4.3476796,-4.8561845,3.4174333,21.075855,35.42378,-25.10641,45.33254,10.866786,12.647265,7.936564,-0.67992115,-17.92582,18.570059,14.0018835,1.3459865,-3.9903526,-17.52215
469,-13.396350860595703,-312.0400085449219,77.6390151977539,1.0282562051544273,5.882640992161778,13.788863105812293,-9.450506,19.20249,-1.9823244,14.823866,8.037009,-15.000033,-22.686079,-32.00912,-7.163402,31.386066,3.512936,5.649898,-4.4679203,-5.0794263,3.0709085,21.204388,36.13987,-25.039053,45.644703,11.079752,12.603614,7.424714,0.0032916006,-17.987875,18.197351,13.941138,1.2152494,-4.058147,-17.81981
470,-13.321431159973145,-313.3321533203125,77.78070831298828,1.2266674158115312,6.204659995238798,14.529239000608545,-10.5455065,19.647484,-3.3999972,14.061291,11.470359,-15.000033,-22.317818,-31.296751,-5.811665,31.133131,4.3144193,5.8951187,-4.599981,-5.3027945,2.7488506,21.132805,36.871426,-25.058825,45.987507,11.458893,12.574188,6.855768,0.6830859,-18.060625,17.862455,14.076635,0.9887789,-4.1057634,-18.180103
471,-13.251616477966309,-314.62982177734375,77.89375305175781,1.4287361186507368,6.503163452788996,15.279689704655365,-11.769806,20.099094,-4.809737,13.648391,14.451859,-15.000033,-21.782171,-30.59714,-4.8334765,30.820011,5.030227,6.528474,-4.7491426,-5.53509,2.470416,20.918663,37.61248,-25.135414,46.32498,11.850759,12.557833,6.3082905,1.349581,-18.149656,17.569227,14.355551,0.73552305,-4.111942,-18.512154
472,-13.197331428527832,-315.9400634765625,77.9693832397461,1.6206658762858366,6.746190641998663,16.00902361422785,-12.988853,20.593391,-6.0351977,13.6277895,16.42504,-15.000033,-20.89668,-29.97805,-4.464406,30.182413,5.488109,7.9402347,-4.9172263,-5.7708855,2.2621045,20.62893,38.35393,-25.228298,46.61517,12.105809,12.557237,5.860317,1.9891175,-18.264572,17.326591,14.725547,0.5268449,-4.0568395,-18.725386
473,-13.142791748046875,-317.2664489746094,77.99463653564453,1.8188416842572446,6.923441182179458,16.739980360510778,-14.19905,21.093037,-7.1172194,13.938886,17.327444,-15.000033,-19.435486,-29.496412,-4.9458055,28.958109,5.8435135,10.757983,-5.1172776,-6.0291123,2.1322381,20.260942,39.096638,-25.317108,46.849194,12.16191,12.574409,5.517625,2.6059067,-18.41271,17.134043,15.1985855,0.36488274,-3.9060483,-18.774235
474,-13.083669662475586,-318.6070861816406,77.96527862548828,2.008156979588676,7.048254518434063,17.471889567429354,-15.450295,21.584976,-8.116747,14.548323,17.447077,-15.000033,-17.576921,-29.05522,-6.1075406,27.345713,6.1345363,14.573218,-5.340989,-6.289645,2.0708952,19.783766,39.84163,-25.431242,47.04671,12.102677,12.609725,5.242694,3.2059467,-18.597353,16.991148,15.78762,0.22012514,-3.680152,-18.714083
475,-13.022990226745605,-320.0160827636719,77.84281158447266,1.435717310920413,7.296472185405382,17.83865281823586,-17.004177,23.03411,-9.031646,15.764414,16.61859,-15.000033,-15.711971,-27.68644,-8.672034,25.340048,6.274766,15.000033,-5.284759,-5.8429813,1.9794554,19.220423,40.541553,-25.595613,47.225674,12.018214,12.6664715,5.0554476,3.762587,-18.823114,16.908493,16.46843,0.110754535,-3.445402,-18.60469
476,-12.98557186126709,-321.3654479980469,77.6756820678711,0.9555958961528422,7.4186785539246,18.144308162855538,-18.170134,24.407549,-9.438203,16.986032,15.15086,-15.000033,-14.222584,-26.315983,-10.691671,23.789906,5.626439,15.000033,-5.2425027,-5.4807544,2.0226424,18.611597,41.222595,-25.834162,47.354095,11.97371,12.7447605,4.9608665,4.2998304,-19.107336,16.883299,17.143124,0.07347903,-3.2593493,-18.506702
477,-12.961923599243164,-322.652587890625,77.472412109375,0.6339736294804906,7.367820986064727,18.418044800651625,-18.814562,25.71704,-9.104363,18.193861,12.620598,-15.000033,-13.189867,-25.083889,-11.891839,22.921486,3.731097,15.000033,-5.263983,-5.247364,2.2266898,17.953985,41.837994,-26.144905,47.472313,12.006721,12.831439,4.977854,4.7640142,-19.45776,16.966824,17.860405,0.11376975,-3.1383033,-18.376274
478,-12.951937675476074,-323.8947448730469,77.25611114501953,0.7132364697259401,7.213785597591291,18.729156579562588,-18.983366,26.71774,-7.612778,19.302628,9.176318,-13.709359,-12.592611,-24.373001,-12.600831,22.70491,0.8148741,15.000033,-5.400884,-5.369594,2.505143,17.228237,42.381123,-26.509897,47.58887,12.08872,12.928782,5.0992446,5.173349,-19.876575,17.14735,18.633902,0.22162731,-3.0494688,-18.205563
479,-12.955562591552734,-325.1314697265625,77.02910614013672,0.8778645709035441,6.981165263252869,18.98231792708003,-18.904068,27.613827,-5.8012285,20.580164,5.447563,-12.033411,-12.2489395,-23.799343,-13.127524,22.908092,-2.4929314,15.000033,-5.564426,-5.558471,2.87683,16.426416,42.846565,-26.921192,47.70709,12.183917,13.0625305,5.3103046,5.555026,-20.339151,17.384506,19.425423,0.3837152,-2.9803956,-18.110752
480,-12.97187328338623,-326.3749694824219,76.7873764038086,1.0547463144160583,6.712124054577292,19.14101002219805,-18.716263,28.394077,-4.1484323,22.074596,2.2590036,-10.684028,-12.081008,-23.255018,-13.625657,23.398798,-5.6145687,15.000033,-5.7220073,-5.7669725,3.3159819,15.566381,43.229614,-27.343245,47.815125,12.28554,13.258034,5.5961766,5.937972,-20.80228,17.632982,20.205997,0.58125466,-2.9204192,-18.208368
481,-13.005172729492188,-327.63250732421875,76.5215072631836,1.230781574667524,6.385625169218944,19.20709307862559,-18.416779,29.134153,-2.5296912,23.832745,-0.20410843,-9.621018,-11.947838,-22.708832,-14.197421,24.03317,-8.584034,15.000033,-5.879368,-5.999064,3.8366766,14.655034,43.537876,-27.781141,47.924957,12.428305,13.53969,5.976712,6.305541,-21.236801,17.909378,20.996687,0.777136,-2.8592443,-18.556778
482,-13.050423622131348,-328.8837585449219,76.21753692626953,1.4267559760389037,5.990118002598569,19.196449740445097,-17.949682,29.867134,-0.80482,25.835443,-2.3632133,-8.706269,-11.920478,-22.211123,-14.765873,24.91984,-11.654684,15.000033,-6.093855,-6.269598,4.4495625,13.474205,43.801285,-28.462206,48.20667,12.392774,13.887787,6.4599304,6.5823836,-21.643955,18.27449,21.85171,0.9799231,-2.8070629,-19.089571
483,-13.117526054382324,-330.129150390625,75.93582153320312,1.6230178294221285,5.5826035911593515,19.090607339781364,-17.422983,30.513063,0.75521976,28.078709,-4.2951183,-7.900839,-12.204691,-21.743668,-15.170463,26.240036,-14.56453,15.000033,-6.2616215,-6.5521927,5.099117,12.337238,43.979755,-29.034979,48.38719,12.423244,14.2660675,6.993135,6.861589,-22.014343,18.604427,22.735363,1.2336279,-2.7876787,-19.720669
484,-13.197011947631836,-331.37567138671875,75.64692687988281,1.6875241106134033,5.254398760045234,18.81675614684914,-17.020018,31.119799,1.833805,30.599434,-6.0747223,-7.2161818,-13.0008745,-21.061445,-15.238047,28.049356,-16.98184,14.505369,-6.36594,-6.702147,5.7256274,11.158154,44.0616,-29.54672,48.53757,12.341214,14.633005,7.5417023,7.094571,-22.353407,18.914562,23.67815,1.5864497,-2.822493,-20.377329
485,-13.298942565917969,-332.6260681152344,75.35670471191406,1.645642520371844,5.0336363263098916,18.346048541839043,-16.859034,31.5957,2.2690904,33.554474,-7.658076,-6.6050267,-14.581869,-20.192093,-14.768157,30.736328,-18.819761,13.405302,-6.3494306,-6.737326,6.3198595,10.10608,44.017,-29.792156,48.528393,12.314105,14.99772,8.133554,7.296701,-22.652882,19.157747,24.69143,2.0799644,-2.9334388,-21.095957
486,-13.45661449432373,-333.853515625,75.06139373779297,1.603828544820926,4.857171426979695,17.745194434298966,-16.823282,31.835688,2.287347,36.89749,-9.0222845,-6.0572414,-16.721151,-19.341154,-13.918878,34.186485,-20.294016,12.245252,-6.372174,-6.7574263,6.9325485,8.778666,43.88824,-30.204325,48.69255,11.968774,15.3696375,8.792789,7.3722267,-22.925528,19.453665,25.808657,2.6788867,-3.1083667,-21.906837
487,-13.651683807373047,-335.0418701171875,74.77751159667969,1.540453070246437,4.683899640366021,17.075995641712936,-16.740229,31.880411,2.1548536,40.33812,-10.244049,-5.6636834,-18.894293,-18.438763,-13.0056925,37.67715,-21.5145,11.038623,-6.3896704,-6.7455688,7.5388365,7.4239774,43.651936,-30.562551,48.83707,11.585319,15.717529,9.434496,7.481462,-23.179436,19.716198,26.928606,3.3062186,-3.3143601,-22.693226
488,-13.82783317565918,-336.2033386230469,74.51410675048828,1.4298804651693513,4.471926482868666,16.399741640006663,-16.431725,31.801403,2.1305332,43.58156,-11.410554,-5.5026193,-20.5994,-17.41399,-12.326913,40.489456,-22.578506,9.836556,-6.421192,-6.6760507,8.115993,6.2652593,43.273575,-30.658484,48.815662,11.387111,16.011637,9.975469,7.7137933,-23.433224,19.928522,27.990526,3.8930194,-3.5164917,-23.346563
489,-13.96841812133789,-337.3056335449219,74.27549743652344,1.2210394244927378,4.2059052009381155,15.639689237005639,-15.822486,31.642612,2.21732,46.64225,-12.525302,-5.6785116,-21.744116,-16.154161,-11.909163,42.423473,-23.430847,8.645272,-6.44445,-6.4950094,8.691729,5.3356934,42.71853,-30.412767,48.637547,11.324729,16.253864,10.451982,8.052962,-23.707457,20.110958,28.999079,4.489308,-3.7029629,-23.86162
490,-14.067290306091309,-338.36151123046875,74.0715560913086,0.9431218939921461,3.906599480394425,14.795504775977292,-15.0145035,31.340124,2.3201153,49.65029,-13.5536995,-6.1320796,-22.585913,-14.733296,-11.615272,43.862972,-24.04007,7.4505067,-6.488761,-6.215728,9.266321,4.475037,41.987854,-29.976759,48.421047,11.282338,16.456402,10.891953,8.443041,-24.014452,20.293196,29.985239,5.1196404,-3.890739,-24.292156
491,-14.124922752380371,-339.3812561035156,73.89559173583984,0.6853559119146675,3.587367056246928,14.041312137634511,-14.101089,30.842974,2.5238197,52.483067,-14.523153,-6.672594,-23.170586,-13.355451,-11.474696,44.96484,-24.524847,6.299354,-6.6397934,-5.916671,9.781647,3.594739,41.108448,-29.516735,48.193962,11.368336,16.607082,11.1965885,8.926362,-24.355665,20.45824,30.915087,5.6754174,-4.0829883,-24.617153
492,-14.145477294921875,-340.36773681640625,73.75102996826172,0.5331177755059281,3.2646712987884285,13.549291904553433,-13.179852,30.119972,2.8946736,55.007004,-15.449579,-7.0977345,-23.550283,-12.221811,-11.511935,45.883904,-25.001335,5.2387214,-6.9932156,-5.6802588,10.186556,2.54675,40.138885,-29.280643,48.02319,11.593626,16.693794,11.268897,9.52908,-24.729053,20.600586,31.76144,6.0488257,-4.2816343,-24.816053
493,-14.144164085388184,-341.34326171875,73.6439208984375,0.5243523427219487,2.9168071380107476,13.378340710107178,-12.241238,29.136404,3.4583452,57.20136,-16.293362,-7.3569646,-23.682434,-11.408536,-11.746692,46.627033,-25.50308,4.3061485,-7.5684876,-5.563793,10.482478,1.3520279,39.102375,-29.224869,47.844448,12.0817375,16.70813,10.957594,10.311186,-25.127687,20.675404,32.44962,6.1676364,-4.4640617,-24.80512
494,-14.146942138671875,-342.2933349609375,73.57279968261719,0.6036589098701843,2.544482752093725,13.429817747819497,-11.254031,27.934267,4.149198,59.120365,-17.046085,-7.544806,-23.572203,-10.792762,-12.151874,47.118965,-25.956772,3.4722383,-8.303184,-5.5205173,10.696613,0.08103576,38.001083,-29.25788,47.62276,12.759754,16.65358,10.352563,11.251947,-25.545076,20.686934,33.007347,6.10438,-4.6341214,-24.619448
495,-14.152338027954102,-343.23065185546875,73.5310287475586,0.715481148809345,2.1998091476941948,13.638283372062206,-10.281671,26.601591,4.895168,60.73542,-17.767134,-7.6763067,-23.342888,-10.278791,-12.683942,47.39357,-26.322258,2.6816936,-9.1487875,-5.4828343,10.816429,-1.2967762,36.86567,-29.523176,47.429123,13.376181,16.540909,9.714395,12.282181,-25.974537,20.679468,33.546364,5.9654036,-4.833713,-24.413403
496,-14.15424919128418,-344.1418762207031,73.5254135131836,0.8062668758396353,1.9351403495329478,13.939257136363715,-9.388984,25.218327,5.6351547,62.021694,-18.514627,-7.772533,-23.116064,-9.776179,-13.300703,47.488247,-26.565277,1.8791625,-10.04274,-5.3853436,10.833614,-2.8204086,35.734386,-30.188639,47.327988,13.67035,16.39264,9.299161,13.355189,-26.403126,20.675426,34.162025,5.8529515,-5.1046734,-24.3381
497,-14.155708312988281,-345.0436096191406,73.54573822021484,0.8729579239536613,1.7675841060388975,14.374192398853651,-8.632447,23.784931,6.3692665,62.991817,-19.353392,-7.7809005,-22.90544,-9.305671,-14.042471,47.41587,-26.697397,1.0582103,-11.002995,-5.228537,10.736287,-4.5031304,34.620846,-31.356922,47.339523,13.452987,16.193182,9.163447,14.471338,-26.817,20.701591,34.913998,5.740128,-5.504045,-24.464098
498,-14.149658203125,-345.9560546875,73.60018157958984,0.9401004261966632,1.6674503144445374,14.957605598067742,-7.9678526,22.2618,7.1243773,63.64516,-20.227972,-7.7123237,-22.65149,-8.8991165,-14.918377,47.157875,-26.734035,0.24762361,-12.03782,-5.0476804,10.533898,-6.2862983,33.51178,-32.91889,47.391388,12.892879,15.942675,9.165031,15.661548,-27.20261,20.72635,35.737526,5.582662,-5.994696,-24.69929
499,-14.148333549499512,-346.8697509765625,73.68556213378906,0.9961442748103304,1.6181963136482804,15.586166335691523,-7.312013,20.661219,7.887959,63.938225,-21.017492,-7.6854463,-22.366007,-8.481805,-15.837379,46.704918,-26.649256,-0.5579359,-13.071774,-4.8313746,10.253343,-8.110447,32.40522,-34.736973,47.41564,12.260665,15.691428,9.260419,16.919935,-27.550436,20.687263,36.545044,5.4595313,-6.477427,-24.951164
500,-14.13937759399414,-347.77996826171875,73.80071258544922,1.0292365663386918,1.6041299599990768,16.15596702009144,-6.5850544,18.997244,8.647272,63.827854,-21.604063,-7.8166475,-22.062395,-7.981168,-16.70945,46.049156,-26.416822,-1.3631992,-14.029468,-4.571042,9.925304,-9.925796,31.310131,-36.67897,47.341667,11.822802,15.489912,9.408665,18.241808,-27.853138,20.522333,37.244293,5.4556074,-6.854563,-25.124165
501,-14.128165245056152,-348.67645263671875,73.94327545166016,1.022496728344888,1.6420739303853369,16.667301483562174,-5.796444,17.298157,9.423549,63.29848,-21.972794,-8.094494,-21.749275,-7.377029,-17.553143,45.16592,-26.026236,-2.175979,-14.919392,-4.2409883,9.538785,-11.748393,30.242313,-38.867115,47.148796,11.55353,15.37968,9.667431,19.637857,-28.107248,20.22598,37.84396,5.5731807,-7.0976415,-25.222788
502,-14.107793807983398,-349.5606689453125,74.11328125,0.9870836574131204,1.734071160446106,17.166194007085853,-4.9860826,15.5487795,10.209623,62.363094,-22.178654,-8.466172,-21.416069,-6.703797,-18.406052,44.062263,-25.491518,-2.9904013,-15.769439,-3.8577726,9.090121,-13.560746,29.195078,-41.31711,46.838577,11.342114,15.324507,10.03251,21.10688,-28.305658,19.829601,38.379356,5.7759075,-7.2609305,-25.28506
503,-14.078768730163574,-350.44061279296875,74.30775451660156,0.949642487558268,1.8417032218513005,17.618785424136096,-4.1235538,13.702637,10.944376,61.027287,-22.216105,-8.982545,-21.051718,-5.9731936,-19.209917,42.78398,-24.823618,-3.7917356,-16.547003,-3.47449,8.617435,-15.290187,28.151213,-43.7377,46.39779,11.322797,15.261487,10.372768,22.61893,-28.437078,19.338966,38.80162,6.0900517,-7.3710423,-25.267128
504,-14.052096366882324,-351.3145751953125,74.52671813964844,0.9341084035091,1.9261696980221623,17.991550943156163,-3.1759706,11.715624,11.561238,59.291542,-22.078089,-9.694328,-20.646387,-5.1955547,-19.903212,41.376343,-24.031618,-4.570506,-17.230337,-3.1430752,8.156162,-16.880053,27.101574,-45.826435,45.828682,11.637503,15.12812,10.55883,24.127327,-28.496655,18.775528,39.07363,6.546822,-7.453705,-25.127714
505,-14.03610897064209,-352.19659423828125,74.75692749023438,0.9552795468606858,1.9773895211059063,18.253483515097066,-2.07952,9.547113,12.070209,57.05377,-21.752836,-10.649175,-20.177326,-4.368118,-20.448446,39.798523,-23.118822,-5.3384323,-17.803442,-2.879084,7.6992917,-18.3527,26.055857,-47.539574,45.117767,12.512874,14.892827,10.480976,25.65163,-28.483294,18.10154,39.142796,7.2953877,-7.499929,-24.840147
506,-14.021757125854492,-353.0777587890625,75.00071716308594,0.992607842695517,2.01635431928091,18.430599723471595,-0.8635838,7.245254,12.467828,54.319546,-21.252047,-11.790768,-19.65213,-3.4828537,-20.88707,38.036602,-22.075209,-6.0984516,-18.290659,-2.653771,7.2338605,-19.740911,25.025227,-49.019184,44.274723,13.820496,14.590358,10.239283,27.19074,-28.400642,17.338234,39.050697,8.2768955,-7.4962354,-24.433563
507,-14.003666877746582,-353.966552734375,75.25408172607422,1.0167266821258096,2.051018411355594,18.574291453853828,0.37574098,4.901879,12.675396,51.259853,-20.609835,-13.016162,-19.111698,-2.5514174,-21.279604,36.18479,-20.892092,-6.825197,-18.730608,-2.450305,6.7830496,-21.03581,24.01428,-50.266468,43.35876,15.1466675,14.259811,10.018977,28.67372,-28.25827,16.589592,38.89791,9.204256,-7.4632883,-23.950281
508,-13.994634628295898,-354.8468933105469,75.50308227539062,1.0003868881030213,2.0891599127950267,18.735873252036185,1.5512764,2.608448,12.629131,48.057217,-19.853308,-14.231875,-18.598007,-1.5852404,-21.681585,34.33092,-19.556307,-7.4972363,-19.173082,-2.25392,6.373527,-22.190893,23.016878,-51.231144,42.418064,16.133198,13.951764,9.997256,30.018751,-28.074732,15.968332,38.787254,9.792134,-7.4277315,-23.433485
509,-14.001067161560059,-355.7265930175781,75.74654388427734,1.0250062449457606,2.1354666981794788,18.950627688086072,2.7171638,0.2114267,12.33494,44.563652,-18.940447,-15.000033,-18.13725,-0.7075751,-22.07736,32.53562,-18.121687,-8.135684,-19.652811,-2.1301486,5.9643035,-23.237507,22.040842,-51.91398,41.44459,16.699757,13.697379,10.220015,31.25119,-27.873209,15.491985,38.6932,9.9360485,-7.398177,-22.869308
510,-14.020851135253906,-356.6094055175781,75.97886657714844,1.135295405766008,2.2038357379171982,19.214233989981658,3.9405575,-2.3871562,11.797072,40.630493,-17.805325,-15.000033,-17.782423,0.011655099,-22.43913,30.872105,-16.635185,-8.726007,-20.17361,-2.1013713,5.522352,-24.19499,21.097282,-52.329807,40.418854,17.04483,13.467795,10.590837,32.402393,-27.662046,15.106487,38.565758,9.804723,-7.363837,-22.241539
511,-14.071756362915039,-357.5079040527344,76.18804168701172,1.1502046219261701,2.289618775843175,19.477403221463444,5.157308,-4.820168,10.968085,36.575214,-16.52476,-15.000033,-17.500614,0.81231487,-22.822739,29.239428,-14.976063,-9.218862,-20.689117,-2.0082622,5.1359043,-25.055202,20.192225,-52.533405,39.408485,17.143017,13.22315,11.072856,33.40888,-27.438253,14.807937,38.47618,9.521366,-7.325824,-21.590492
512,-14.138330459594727,-358.42938232421875,76.37952423095703,1.0317677294914875,2.419596631920118,19.742267232385224,6.2629395,-6.957762,9.894635,32.64096,-15.116405,-15.000033,-17.380365,1.7128063,-23.240301,27.732616,-13.109858,-9.522659,-21.202168,-1.8097072,4.819649,-25.81137,19.327682,-52.59015,38.48831,16.961866,12.920185,11.628811,34.19569,-27.190163,14.600582,38.509396,9.209899,-7.283846,-20.958614
513,-14.231199264526367,-359.3579406738281,76.54951477050781,0.7539613481305724,2.612189955308829,20.03397149930398,7.2387295,-8.80638,8.50402,28.808176,-13.573552,-15.000033,-17.463078,2.702121,-23.854185,26.410652,-11.026739,-9.817392,-21.70559,-1.4771175,4.5553536,-26.551575,18.541222,-52.619064,37.68895,16.087954,12.46525,12.37868,34.78978,-26.907745,14.479319,38.680256,8.824126,-7.2554526,-20.345358
514,-14.33885383605957,-360.3152160644531,76.6960678100586,0.33535231102164775,2.8480489813672256,20.344408613319853,8.1637125,-10.384219,6.8128395,24.985619,-11.907562,-15.000033,-17.684383,3.78627,-24.610853,25.16572,-8.720588,-10.078716,-22.22679,-1.0446372,4.373993,-27.16014,17.810661,-52.4408,36.911846,14.822517,11.902725,13.280313,35.17766,-26.591368,14.458274,38.957687,8.310981,-7.240563,-19.73536
515,-14.474124908447266,-361.28326416015625,76.81649017333984,-0.1721793370218093,3.101069642678541,20.63143730031503,9.0254965,-11.62983,5.0505543,21.357166,-10.168323,-15.000033,-17.98828,4.9848256,-25.164343,23.866014,-6.1804733,-9.894688,-22.70648,-0.5555826,4.2656207,-27.73224,17.15857,-52.20022,36.223812,13.578275,11.371807,14.087871,35.367886,-26.242744,14.492553,39.33937,7.817868,-7.2025905,-19.14117
516,-14.631207466125488,-362.2684020996094,76.91170501708984,-0.6891371912787227,3.3448204307906195,20.858485946808386,9.787951,-12.544423,3.476304,18.100056,-8.374483,-15.000033,-18.32333,6.2894435,-25.123095,22.407717,-3.415186,-8.833326,-23.124474,-0.089815594,4.2339716,-28.232939,16.585907,-51.888924,35.621647,12.940893,11.047342,14.56659,35.32793,-25.857943,14.554985,39.82759,7.47594,-7.103455,-18.577778
517,-14.818380355834961,-363.27166748046875,76.97504425048828,-1.1699874874997158,3.613294061962168,21.046438383111663,10.48659,-13.26196,2.0732641,14.980475,-6.1932416,-15.000033,-18.829855,7.66249,-24.292625,20.968388,-0.52007914,-6.8222046,-23.50364,0.32554588,4.2405853,-28.674492,16.096983,-51.486053,35.104782,13.178491,11.019575,14.608956,35.014244,-25.429926,14.655676,40.465694,7.320529,-6.926309,-18.046854
518,-15.024320602416992,-364.2688903808594,77.00752258300781,-1.6377183513297473,3.9005002797123973,21.20831148377364,11.124992,-13.797094,0.78480077,11.968041,-3.6927233,-15.000033,-19.466665,9.102306,-22.834862,19.56086,2.432789,-4.00981,-23.875889,0.70020765,4.30844,-28.978811,15.663884,-50.901817,34.63516,14.0741,11.195315,14.35796,34.424286,-24.961437,14.813867,41.246883,7.2716513,-6.6918435,-17.544806
519,-15.239611625671387,-365.2779235839844,77.01565551757812,-2.0515345649794225,4.122535947973352,21.2952167697342,11.5792465,-14.096436,-0.16196153,9.553155,-1.4611841,-15.000033,-19.93108,10.579608,-20.814445,17.928246,5.4037027,-0.27665907,-24.136988,0.9708793,4.433751,-29.29388,15.326926,-50.383118,34.2984,15.0209465,11.453884,13.973254,33.695488,-24.453934,14.961944,42.078545,7.3149033,-6.4130735,-17.071766
520,-15.457849502563477,-366.31201171875,76.98991394042969,-2.3297574025869427,4.1969239066233985,21.257513831564083,11.632358,-14.177699,-0.5267411,8.395661,-0.17274348,-15.000033,-19.938183,12.007412,-18.25316,15.87419,8.337914,4.49324,-24.253382,1.0216464,4.6418905,-29.506266,15.081272,-49.912983,34.043427,15.751818,11.703423,13.612823,32.876816,-23.908663,15.083517,42.889545,7.4130926,-6.107231,-16.634598
521,-15.652200698852539,-367.3801574707031,76.9367446899414,-2.318296845854376,4.057483519143873,21.03154575602306,10.939596,-14.147371,-0.076229125,9.361124,-0.32941908,-15.000033,-19.135199,13.37689,-14.622459,12.892519,11.487025,11.329517,-24.164268,0.67193323,4.904367,-29.643114,14.953544,-49.540447,33.910496,16.118248,11.956417,13.285648,31.984213,-23.313168,15.141978,43.673714,7.596724,-5.7274246,-16.195057
522,-15.804725646972656,-368.5292663574219,76.85179901123047,-2.1941943966217274,3.731453696858848,20.37890476726674,9.392236,-13.870638,1.401133,12.599103,-2.0031452,-14.2779045,-17.242039,14.98877,-11.062234,8.448176,14.977473,15.000033,-23.669218,0.06994403,5.2579994,-29.633696,14.947279,-49.17168,33.841934,16.393034,12.254891,12.913407,31.034933,-22.713915,15.180542,44.396797,7.8820243,-5.273467,-15.7596855
523,-15.980219841003418,-369.6611633300781,76.6473388671875,-2.0085951361445225,3.427249228221455,19.669809973327943,7.7481184,-13.861226,3.5886657,16.096205,-4.20113,-7.389847,-15.86469,16.128872,-8.703424,5.4694133,17.345602,15.000033,-23.04058,-0.58437735,5.6165085,-29.600214,15.057235,-48.907307,33.824593,16.549997,12.543717,12.536929,29.909513,-21.994324,15.221607,45.21069,8.159317,-4.860922,-15.430654
524,-16.161794662475586,-370.8039855957031,76.38953399658203,-2.1961474118049558,3.162459292254908,19.089299460811223,6.2397857,-13.216309,5.5881357,19.398314,-6.83481,-1.8748484,-15.640036,17.038973,-7.2050467,5.043628,18.000954,15.000033,-22.443325,-0.8235643,6.1406913,-29.551071,15.245179,-48.754955,33.81562,16.598677,12.758971,12.219424,28.69072,-21.291288,15.299302,46.016373,8.40447,-4.577178,-15.25969
525,-16.371408462524414,-371.86572265625,76.12805938720703,-2.7775884624284677,2.95820670942954,18.60078549801279,5.098812,-11.893492,7.4124026,21.995008,-9.744767,1.9296107,-16.817184,17.815586,-6.443746,7.4650908,16.877003,15.000033,-21.851292,-0.6027807,6.805452,-29.513853,15.493532,-48.738407,33.852047,16.494347,12.851329,11.960518,27.395512,-20.620964,15.42353,46.793068,8.63651,-4.482299,-15.2988615
526,-16.614620208740234,-372.930419921875,75.947021484375,-3.5574910720955484,2.7727865619679872,18.1388494635713,4.21098,-10.131441,9.19713,24.203806,-13.044516,4.871496,-18.611736,18.509752,-6.0539665,11.158884,14.899582,15.000033,-21.239738,-0.13738418,7.56384,-29.404785,15.774132,-48.76322,33.934685,16.334919,12.868702,11.736542,26.0233,-19.982635,15.585101,47.526592,8.880668,-4.5121903,-15.494487
527,-16.87888526916504,-373.9508972167969,75.75098419189453,-4.356586705952163,2.6209021703097664,17.718937172867,3.482894,-8.290738,10.705197,26.053131,-16.428331,7.034315,-20.717241,18.930906,-6.1466646,15.450671,12.494563,15.000033,-20.57811,0.40236264,8.298768,-29.33421,16.106373,-48.920273,34.1134,16.025108,12.875952,11.5641,24.637634,-19.37453,15.773667,48.203136,9.109416,-4.576891,-15.760082
528,-17.13512420654297,-374.9306335449219,75.48870086669922,-5.0299424489747775,2.5187944437076557,17.36067134955172,2.766449,-6.6807837,11.717593,27.673744,-19.601566,8.54817,-22.891054,18.85401,-6.8496747,19.869473,9.928454,15.000033,-19.9045,0.85786676,8.948777,-29.165968,16.46795,-49.07011,34.302773,15.77616,12.953769,11.45761,23.218225,-18.799204,16.027685,48.838726,9.283692,-4.588371,-16.015257
529,-17.40216827392578,-375.9170227050781,75.20320892333984,-5.548609683003935,2.4431464691193967,17.088456581192332,2.0408165,-5.35878,12.149739,29.106543,-22.516075,9.28537,-25.189016,18.044691,-8.3146105,24.720203,6.9932504,15.000033,-19.224379,1.190706,9.53495,-28.916718,16.844183,-49.23614,34.511192,15.620051,13.130056,11.442628,21.766777,-18.258938,16.351845,49.39293,9.37528,-4.500604,-16.256212
530,-17.694995880126953,-376.8978271484375,74.89453125,-5.880524668177972,2.3694027469390506,16.910338484263196,1.3921489,-4.2762575,12.210979,30.251486,-25.20832,9.277585,-27.567009,16.457285,-10.211231,30.100822,3.606884,15.000033,-18.554646,1.3630008,10.077628,-28.5755,17.21725,-49.404137,34.758224,15.55039,13.363247,11.502881,20.284933,-17.751469,16.740183,49.86815,9.409653,-4.3677287,-16.52136
531,-17.986902236938477,-377.8613586425781,74.55838775634766,-5.996000111126726,2.331843729929137,16.800526874147,0.75372684,-3.443162,12.097521,31.18694,-27.613722,8.921441,-29.7507,14.28477,-12.076138,35.35882,0.18057239,15.000033,-17.889032,1.3540529,10.516568,-28.150364,17.583374,-49.543095,35.081154,15.492273,13.615957,11.596308,18.7832,-17.277952,17.188314,50.34556,9.44185,-4.249797,-16.789482
532,-18.26871109008789,-378.818359375,74.21356201171875,-5.9257697835950545,2.3854970648455533,16.702439506855463,0.028845621,-2.8184211,11.984281,32.026875,-29.710253,8.61074,-31.616566,11.846384,-13.6005535,39.943222,-2.8678,15.000033,-17.209192,1.2066859,10.795415,-27.60651,17.93928,-49.58356,35.48822,15.411818,13.853037,11.680976,17.254656,-16.843513,17.70386,50.91429,9.525483,-4.20734,-17.039873
533,-18.533552169799805,-379.7654724121094,73.88225555419922,-5.684332324352841,2.6120318565187124,16.60145725709291,-0.8795396,-2.415026,11.839694,32.788044,-31.548904,8.4208145,-33.298702,9.166514,-14.856758,43.885227,-5.564578,15.000033,-16.503157,0.958643,10.8432,-26.921701,18.277554,-49.501995,35.98553,15.298965,14.090901,11.733765,15.654763,-16.456476,18.358204,51.675484,9.713663,-4.284091,-17.242517
534,-18.776445388793945,-380.69268798828125,73.58419036865234,-5.2895553713666015,2.957338480861678,16.526801452020695,-1.9173074,-2.2107525,11.606255,33.491013,-33.166706,8.1705,-34.84929,6.1428638,-15.994376,47.489468,-8.148324,15.000033,-15.789216,0.6076984,10.729107,-26.104803,18.593327,-49.322308,36.565083,15.182244,14.3393135,11.782348,13.996126,-16.116295,19.136593,52.55739,9.969453,-4.4379334,-17.41472
535,-18.988197326660156,-381.5879211425781,73.31413269042969,-4.799320930503558,3.292248074548545,16.460596062785875,-2.9616232,-2.0941765,11.408109,34.231846,-34.520187,7.865276,-36.142567,2.9743857,-16.939402,50.679367,-10.4980755,15.000033,-15.063227,0.16599898,10.589796,-25.184942,18.894175,-49.068474,37.216667,15.061212,14.5525675,11.860638,12.358582,-15.815297,19.90923,53.393982,10.20584,-4.601683,-17.606972
536,-19.177133560180664,-382.4534912109375,73.07744598388672,-4.274943872584358,3.4959789361887372,16.374614181140675,-3.905993,-1.9432404,11.37223,35.11662,-35.568054,7.505194,-37.07825,-0.124284945,-17.639797,53.37067,-12.465783,15.000033,-14.313192,-0.3459409,10.556522,-24.177822,19.192364,-48.755596,37.916992,14.949076,14.6864,12.002617,10.817037,-15.544494,20.543945,54.021297,10.332338,-4.708278,-17.871813
537,-19.352527618408203,-383.3131408691406,72.8741226196289,-3.694509253305939,3.5548723463673135,16.225729449479356,-4.789276,-1.7458535,11.606797,36.274567,-36.233757,7.0989547,-37.686584,-3.1392946,-18.108843,55.56376,-13.964742,15.000033,-13.491569,-0.95938283,10.647782,-23.065622,19.494139,-48.37306,38.657032,14.883997,14.720544,12.231308,9.351987,-15.299394,21.032032,54.45329,10.291279,-4.7345505,-18.251497
538,-19.481639862060547,-384.2087097167969,72.70958709716797,-3.1879233833700207,3.5754158297222345,15.918752963554061,-5.7801476,-1.3091996,12.08123,37.826218,-36.678215,6.5852575,-38.05522,-5.9715643,-18.785034,57.187263,-15.004574,13.593518,-12.507498,-1.5340861,10.784401,-21.835285,19.801003,-47.921383,39.434593,14.846114,14.682297,12.522758,7.935058,-15.07927,21.435331,54.761826,10.138824,-4.7170753,-18.71035
539,-19.57971954345703,-385.10595703125,72.58710479736328,-2.7498431042315676,3.5514096044442085,15.570512102874691,-6.70682,-0.73550844,12.590312,39.407696,-36.95744,5.987271,-38.23183,-8.627015,-19.41536,58.379654,-15.752507,12.118839,-11.485815,-2.047016,10.959312,-20.509178,20.116343,-47.423393,40.230312,14.765156,14.598502,12.841441,6.6131577,-14.886735,21.728004,54.880768,9.952998,-4.6801677,-19.183613
540,-19.649887084960938,-385.9992980957031,72.5019302368164,-2.4110178369251365,3.47102838141963,15.276049967019928,-7.429825,-0.06869957,12.947525,40.72873,-37.17298,5.301701,-38.222954,-11.080787,-19.975597,59.219444,-16.338045,10.8199415,-10.53019,-2.4463003,11.170536,-19.115711,20.444498,-46.905323,41.02785,14.567437,14.494929,13.151452,5.4400997,-14.725019,21.881489,54.737034,9.810012,-4.6487136,-19.605997
541,-19.691627502441406,-386.8841247558594,72.45097351074219,-2.210487570364912,3.2955866010700277,15.031061806825027,-7.8872056,0.7360515,13.121611,41.763306,-37.34916,4.48476,-37.977505,-13.28258,-20.511398,59.673077,-16.747698,9.698143,-9.63422,-2.6913326,11.456523,-17.64202,20.786236,-46.361935,41.84195,14.179306,14.353518,13.480685,4.442464,-14.594336,21.835915,54.287174,9.735132,-4.625597,-19.982224
542,-19.723045349121094,-387.7628479003906,72.4237289428711,-2.100518947150984,3.0360306853445014,14.812781573136688,-8.13469,1.6373124,13.199145,42.605972,-37.418064,3.5550349,-37.520863,-15.285335,-21.014591,59.760326,-16.92851,8.770269,-8.767783,-2.8313923,11.798982,-16.076693,21.139229,-45.779716,42.66756,13.658044,14.166876,13.834025,3.5844896,-14.496975,21.624882,53.579533,9.685296,-4.5986576,-20.33936
543,-19.726335525512695,-388.62945556640625,72.43754577636719,-2.0380194488615686,2.768106653940716,14.645207983482727,-8.266215,2.5564625,13.195464,43.23863,-37.385643,2.5816317,-36.96109,-17.145279,-21.45378,59.57772,-16.916636,8.028265,-7.9639525,-2.9031982,12.103096,-14.448776,21.50519,-45.16733,43.461403,13.1282835,13.978659,14.141606,2.8228762,-14.444873,21.366173,52.6851,9.635358,-4.571334,-20.64585
544,-19.689577102661133,-389.4951477050781,72.4844970703125,-1.9795284327946772,2.5675833862330655,14.55217914596853,-8.380637,3.4188452,13.121728,43.643745,-37.252926,1.6374909,-36.406796,-18.919035,-21.786846,59.21726,-16.747074,7.462961,-7.261323,-2.9471345,12.278465,-12.779412,21.888943,-44.5253,44.17268,12.71833,13.835381,14.335313,2.1182988,-14.455877,21.182343,51.66737,9.56283,-4.5470934,-20.869047
545,-19.64048194885254,-390.3384094238281,72.5605697631836,-1.9305934199471064,2.440294474397713,14.539766119450828,-8.480478,4.2254925,12.962648,43.802628,-37.024734,0.73728895,-35.86437,-20.582432,-21.967052,58.639214,-16.39715,7.139988,-6.678897,-2.9547336,12.311449,-11.057292,22.293312,-43.863266,44.7924,12.444278,13.746201,14.377593,1.4591296,-14.5551405,21.122713,50.513542,9.496496,-4.5282006,-20.969538
546,-19.586376190185547,-391.178955078125,72.65693664550781,-1.910350832135676,2.3507436553186167,14.59526329899721,-8.523961,5.0137353,12.714061,43.731785,-36.70171,-0.15205897,-35.28582,-22.118383,-22.025227,57.820347,-15.847833,7.039539,-6.2025995,-2.9068296,12.24944,-9.264233,22.718718,-43.16315,45.327663,12.244021,13.689577,14.310542,0.87970585,-14.748131,21.125116,49.173557,9.443829,-4.509589,-20.971264
547,-19.508651733398438,-392.0192565917969,72.77976989746094,-1.893333882745824,2.313277174030591,14.714641831211036,-8.553855,5.766781,12.399752,43.47831,-36.276108,-1.0279567,-34.70146,-23.59578,-22.029154,56.873623,-15.14447,7.0226316,-5.819862,-2.8365402,12.095267,-7.41114,23.168612,-42.387756,45.756355,12.127333,13.666707,14.187227,0.40502983,-15.015994,21.142063,47.667366,9.342551,-4.4851446,-20.93895
548,-19.414390563964844,-392.85577392578125,72.9211654663086,-1.8533728989386775,2.3418778097027473,14.894275211352705,-8.613297,6.465585,12.043278,43.08737,-35.735672,-1.8902191,-34.143192,-25.084778,-22.048376,55.913826,-14.335676,6.9513526,-5.5193124,-2.7825587,11.851111,-5.5074935,23.650112,-41.49937,46.057705,12.102178,13.678173,14.060467,0.04648867,-15.325092,21.12897,46.032764,9.129072,-4.450848,-20.941105
549,-19.302352905273438,-393.70782470703125,73.08321380615234,-1.7715051612583854,2.460724101627971,15.150867567656078,-8.738737,7.082057,11.63202,42.559986,-35.07217,-2.7302291,-33.63481,-26.631182,-22.098757,54.94161,-13.429358,6.841532,-5.319715,-2.7721615,11.489543,-3.5229964,24.16994,-40.447613,46.201756,12.223613,13.744017,13.919781,-0.21540539,-15.658234,21.10539,44.29191,8.764334,-4.432134,-21.034798
550,-19.172147750854492,-394.5716247558594,73.26481628417969,-1.663177845607031,2.6549072656001713,15.480272672347315,-8.901539,7.6340594,11.155339,41.877247,-34.292778,-3.5499542,-33.158905,-28.18973,-22.137003,53.91119,-12.405407,6.748271,-5.225695,-2.789879,11.0197,-1.4440566,24.730904,-39.25092,46.19178,12.470339,13.857922,13.743955,-0.39748663,-16.01418,21.091833,42.443577,8.284747,-4.423881,-21.175152
551,-19.011032104492188,-395.43701171875,73.46798706054688,-1.554794920913349,2.879804810531245,15.848858877904306,-9.0473385,8.167822,10.638182,41.0495,-33.4035,-4.3611197,-32.683556,-29.692822,-22.152014,52.864098,-11.266203,6.590967,-5.199611,-2.8107276,10.498406,0.6869325,25.333094,-37.982338,46.066963,12.733699,13.98176,13.570565,-0.48534825,-16.378618,21.03827,40.49252,7.737431,-4.377613,-21.278074
552,-18.833391189575195,-396.32208251953125,73.68994140625,-1.4737650177843922,3.0913170130576426,16.222545663182164,-9.121196,8.729615,10.106642,40.086536,-32.410835,-5.1751385,-32.174107,-31.073166,-22.137882,51.83899,-10.018149,6.287374,-5.1961136,-2.8124864,9.978824,2.8156438,25.974285,-36.72629,45.88381,12.9047985,14.078011,13.439289,-0.46550485,-16.730957,20.885864,38.451912,7.1670027,-4.2477055,-21.25941
553,-18.63326644897461,-397.2201232910156,73.92845153808594,-1.425803877988966,3.292529008150107,16.61147809911329,-9.1119175,9.318481,9.553333,38.94873,-31.314096,-5.9897475,-31.63975,-32.350163,-22.105635,50.87224,-8.60451,5.747296,-5.2196646,-2.7912948,9.450928,4.939607,26.65435,-35.497288,45.654835,12.963378,14.14497,13.385107,-0.3104848,-17.052435,20.576996,36.294086,6.503261,-4.003373,-21.085012
554,-18.418291091918945,-398.1270751953125,74.1818618774414,-1.3961201326706287,3.5022808447738663,17.02778176427938,-9.049126,9.912146,8.967369,37.644367,-30.108917,-6.798467,-31.09691,-33.55455,-22.059366,49.94522,-7.0514216,5.030745,-5.2812333,-2.7634835,8.89175,7.0774446,27.373072,-34.258774,45.365887,12.961393,14.20061,13.380713,-0.039920446,-17.339912,20.147182,34.037643,5.741676,-3.680545,-20.802742
555,-18.17670249938965,-399.0569152832031,74.4491958618164,-1.3827229442341904,3.700240017218079,17.43899566949872,-8.939327,10.526895,8.369348,36.253437,-28.792381,-7.610168,-30.522253,-34.63861,-21.98135,49.01766,-5.490115,4.281933,-5.3473563,-2.7353978,8.333879,9.203775,28.126732,-33.018475,45.04056,12.898777,14.236695,13.3728485,0.2912262,-17.598457,19.677893,31.758827,5.025647,-3.3329115,-20.453001
556,-17.93401336669922,-399.9857177734375,74.7187271118164,-1.384829440397461,3.866542893290427,17.812284119811242,-8.791778,11.1790495,7.7792053,34.862247,-27.365387,-8.433761,-29.889303,-35.54504,-21.847803,48.041557,-4.0456147,3.6513736,-5.382119,-2.7115946,7.809499,11.283961,28.908316,-31.79056,44.70931,12.774239,14.244883,13.308902,0.6306658,-17.838024,19.248318,29.529642,4.5007777,-3.0108845,-20.078478
557,-17.680898666381836,-400.9384765625,74.99214172363281,-1.4167806395409648,3.9885921337446004,18.145211950486523,-8.580763,11.884247,7.1985273,33.452396,-25.823053,-9.276269,-29.148312,-36.281876,-21.719753,47.007797,-2.7028947,3.1088574,-5.3866687,-2.6757388,7.327278,13.32492,29.714449,-30.57245,44.379433,12.577261,14.207478,13.172651,0.9844067,-18.062876,18.857666,27.340256,4.229689,-2.707549,-19.661718
558,-17.42340087890625,-401.9002990722656,75.264404296875,-1.4758639940200395,4.080348922264973,18.45243011904531,-8.31477,12.629269,6.6148753,31.9948,-24.167017,-10.132046,-28.328499,-36.87003,-21.584103,45.94609,-1.4144136,2.5999563,-5.3770742,-2.6273212,6.8703275,15.339037,30.544455,-29.353746,44.041706,12.313617,14.133907,12.993645,1.3753694,-18.272194,18.471573,25.15457,4.128521,-2.3998792,-19.192099
559,-17.1533203125,-402.87646484375,75.53555297851562,-1.5361929350269676,4.161496736566041,18.726664471603964,-8.055779,13.387858,6.024779,30.56448,-22.410875,-10.993316,-27.51181,-37.26308,-21.297085,44.84797,-0.24089937,2.2468183,-5.3375907,-2.5957663,6.4310203,17.292593,31.394697,-28.14308,43.71155,12.005548,14.056533,12.787761,1.7755698,-18.471754,18.117855,23.008385,4.1235547,-2.1121004,-18.722658
560,-16.87432098388672,-403.86724853515625,75.79705810546875,-1.571894226803708,4.251905414224911,18.96058559050387,-7.8635674,14.133524,5.424046,29.234049,-20.56672,-11.853243,-26.772512,-37.418446,-20.711113,43.697468,0.76123977,2.1727772,-5.253329,-2.6087148,6.001348,19.153553,32.25748,-26.945538,43.403225,11.681618,14.0067215,12.571181,2.1569483,-18.670095,17.825602,20.937927,4.144034,-1.8701661,-18.30583
561,-16.602081298828125,-404.8733825683594,76.04850769042969,-1.5757053128869178,4.346336807264777,19.149386104002797,-7.739732,14.859847,4.812757,28.023232,-18.622232,-12.725623,-26.058037,-37.321358,-19.807411,42.427933,1.5279793,2.4796557,-5.1171746,-2.671934,5.5779924,20.907524,33.1321,-25.784412,43.14056,11.337256,13.9952345,12.343378,2.5245132,-18.875196,17.615889,18.93406,4.257635,-1.6818231,-17.96569
562,-16.336143493652344,-405.9010925292969,76.28447723388672,-1.5622623074567692,4.437176482646598,19.29869809146154,-7.659716,15.579038,4.18445,26.899109,-16.578901,-13.612577,-25.32491,-37.005005,-18.661406,41.05458,2.106081,3.074258,-4.9397063,-2.7677848,5.166285,22.56757,34.019676,-24.650627,42.91838,10.963601,14.004236,12.099109,2.8900661,-19.089632,17.468613,16.979576,4.476531,-1.531543,-17.671165
563,-16.071063995361328,-406.9454650878906,76.50341033935547,-1.5393887716026327,4.540351486523049,19.415982332325594,-7.6438165,16.293533,3.5253012,25.853231,-14.467392,-14.491121,-24.654854,-36.493553,-17.270746,39.682636,2.6025877,3.7842004,-4.732629,-2.8866541,4.7699647,24.127209,34.91292,-23.51463,42.7216,10.573502,14.022372,11.846706,3.2370236,-19.310698,17.353792,15.096575,4.647652,-1.4101774,-17.391611
564,-15.819846153259277,-407.999755859375,76.71370697021484,-1.439586915299079,4.681223349828029,19.530978024243804,-7.6919937,16.875488,2.8452425,24.803219,-12.277669,-15.000033,-24.175554,-35.89739,-15.574888,38.437656,3.1281476,4.4643,-4.5287056,-3.0884683,4.37626,25.589865,35.79723,-22.337511,42.53134,10.192273,14.037791,11.594963,3.5465186,-19.531977,17.241537,13.315028,4.6166453,-1.3104337,-17.096052
565,-15.577549934387207,-409.0572509765625,76.90726470947266,-1.241078663446835,4.870848204136584,19.648885424694402,-7.8184156,17.29093,2.1625946,23.74369,-9.987594,-15.000033,-23.938095,-35.180218,-13.403925,37.333088,3.7353497,5.0925083,-4.335627,-3.389614,3.9703312,26.928335,36.67053,-21.1314,42.377663,9.788828,14.0336075,11.324193,3.8076694,-19.750725,17.13605,11.642483,4.2923503,-1.2411944,-16.761108
566,-15.343944549560547,-410.1264343261719,77.08512878417969,-1.0382739075686724,5.085661291224138,19.73828820974108,-8.030823,17.72012,1.4703828,22.766472,-7.639085,-15.000033,-23.794662,-34.238083,-10.904721,36.300003,4.336381,5.7197948,-4.117205,-3.705669,3.5720298,28.180336,37.530544,-19.886522,42.239048,9.392867,14.021572,11.037397,4.02983,-19.96744,17.046244,10.071303,3.7714818,-1.2065588,-16.407007
567,-15.122239112854004,-411.2122497558594,77.2442855834961,-0.8446907922074953,5.309649198806867,19.79975327076067,-8.306802,18.187363,0.7926113,21.874685,-5.2711806,-15.000033,-23.644226,-33.189396,-8.413348,35.347103,4.8543644,6.3490944,-3.8903718,-4.026439,3.2057793,29.307497,38.36962,-18.635172,42.147114,9.0173435,14.028674,10.781909,4.197185,-20.179947,16.977285,8.626731,3.1824245,-1.1921574,-16.072035
568,-14.91507625579834,-412.3284912109375,77.38544464111328,-0.6731210761467613,5.528092557863311,19.83384815015957,-8.627813,18.714636,0.14961953,21.073948,-2.9220645,-15.000033,-23.422104,-32.155144,-6.2477274,34.48043,5.2243333,6.982149,-3.6557758,-4.3421364,2.8910418,30.3348,39.166958,-17.359653,42.077393,8.734498,14.082647,10.603942,4.3091245,-20.384068,16.918245,7.3301315,2.651288,-1.1812874,-15.79315
569,-14.707550048828125,-413.45538330078125,77.50585174560547,-0.5228038312105002,5.742074329873894,19.832956109444222,-8.998036,19.30006,-0.44964847,20.365696,-0.56734174,-15.000033,-23.161654,-31.143011,-4.4298944,33.704494,5.3863044,7.564101,-3.4151053,-4.6524754,2.6294274,31.216572,39.910763,-16.054245,42.08429,8.561739,14.195025,10.527519,4.3461795,-20.57573,16.876474,6.1922126,2.1216085,-1.1568254,-15.570296
570,-14.510318756103516,-414.5879821777344,77.6044921875,-0.38685638010808143,5.959334536748257,19.8010266738236,-9.430138,19.92879,-1.0225598,19.744911,1.8107172,-15.000033,-22.905691,-30.093283,-2.8023756,33.008995,5.402341,8.11062,-3.1708672,-4.9597864,2.4059536,31.964258,40.599026,-14.719258,42.15953,8.48501,14.348478,10.526506,4.3063903,-20.755232,16.859018,5.213451,1.5530493,-1.1315887,-15.387249
571,-14.307599067687988,-415.7353820800781,77.68164825439453,-0.27068332269667766,6.176582009631463,19.754518423221235,-9.951915,20.595533,-1.6106538,19.27403,4.1191154,-15.000033,-22.618351,-29.023901,-1.4043955,32.360172,5.394113,8.735403,-2.9528873,-5.25483,2.2178648,32.567303,41.238697,-13.435199,42.293423,8.438912,14.523831,10.57666,4.187039,-20.927042,16.883347,4.4091086,1.0982224,-1.1286085,-15.259293
572,-14.10957145690918,-416.90386962890625,77.7407455444336,-0.18017691558099255,6.39053137857034,19.709012763314746,-10.548768,21.299397,-2.2349358,18.928493,6.323499,-15.000033,-22.257177,-27.949251,-0.27330682,31.70914,5.488602,9.559591,-2.7824032,-5.5258417,2.0627573,33.019226,41.841293,-12.283973,42.467484,8.36135,14.7028265,10.654155,3.9927652,-21.098427,16.95777,3.7915611,0.91170526,-1.1723608,-15.201655
573,-13.91193675994873,-418.0839538574219,77.77367401123047,-0.12886500114605864,6.609529743620419,19.653349868182268,-11.261092,22.037586,-2.981016,18.739986,8.482201,-15.000033,-21.845093,-26.804653,0.6578225,31.056063,5.9369507,10.702739,-2.6493227,-5.758124,1.9391943,33.29463,42.414173,-11.291554,42.70412,8.199898,14.892937,10.800472,3.7151594,-21.273298,17.092482,3.367826,1.1304857,-1.2920265,-15.245673
574,-13.727171897888184,-419.27886962890625,77.7800521850586,-0.11286222129820905,6.835041285911794,19.584826001854672,-12.089502,22.803478,-3.828915,18.703001,10.59875,-15.000033,-21.405396,-25.590897,1.4000388,30.407837,6.600821,12.087714,-2.5429206,-5.9556746,1.8468213,33.394558,42.96164,-10.427212,43.00255,7.9980984,15.099613,11.013652,3.3619547,-21.452763,17.275799,3.1226616,1.6419754,-1.4669145,-15.372832
575,-13.544662475585938,-420.48516845703125,77.76050567626953,-0.11330688139329782,7.0529704841294105,19.53129908479615,-12.991908,23.589622,-4.6584725,18.803791,12.514817,-15.000033,-20.902761,-24.420473,1.8171369,29.735159,7.025974,13.520576,-2.4871562,-6.1338434,1.7885476,33.344,43.496754,-9.695014,43.316246,7.825069,15.301674,11.204885,2.9620156,-21.63915,17.486053,3.027886,2.22782,-1.6447353,-15.523597
576,-13.363160133361816,-421.7197265625,77.70057678222656,-0.10911776862201901,7.247872617470305,19.519130453878706,-13.917085,24.390219,-5.3385053,19.02128,14.066892,-15.000033,-20.30419,-23.419336,1.7570748,29.009619,6.7745,14.791008,-2.4982078,-6.3105845,1.7690206,33.166187,44.037464,-9.1029005,43.59763,7.748762,15.478386,11.283369,2.5504868,-21.835714,17.694645,3.0502784,2.6705425,-1.7714522,-15.6399145
577,-13.170188903808594,-422.988525390625,77.59053802490234,-0.24907659182118888,7.446808133335945,19.50316209603879,-14.917191,25.439898,-5.82925,19.31281,15.407724,-15.000033,-19.482927,-22.483381,0.6976667,27.995117,5.7789216,15.000033,-2.5266068,-6.3585196,1.7700766,32.85096,44.60224,-8.649261,43.835567,7.8197656,15.62845,11.182119,2.1388853,-22.041769,17.885567,3.1823895,2.92217,-1.8178645,-15.688175
578,-12.976195335388184,-424.27105712890625,77.44290924072266,-0.43089008788815625,7.638951949450464,19.504482197048187,-15.965403,26.583317,-6.1860943,19.65217,16.579338,-15.000033,-18.492266,-21.598217,-0.91881365,26.767143,4.2966437,15.000033,-2.586907,-6.372176,1.8043666,32.396935,45.19772,-8.332934,44.037045,7.9887495,15.761832,10.958315,1.7211661,-22.254591,18.065426,3.4272838,3.09713,-1.8169043,-15.705443
579,-12.797602653503418,-425.54473876953125,77.28607177734375,-0.6110982196046997,7.796809104523817,19.523002767719948,-16.977743,27.692274,-6.48581,20.100224,17.213524,-15.000033,-17.526033,-20.71531,-2.6526039,25.60934,2.464883,15.000033,-2.6804874,-6.3816385,1.8918802,31.819828,45.816807,-8.1793375,44.202568,8.16703,15.875136,10.711493,1.2971337,-22.481468,18.240788,3.780875,3.2202644,-1.8081986,-15.738996
580,-12.630173683166504,-426.8056335449219,77.10035705566406,-0.8021670295976417,7.893139659140849,19.541245869011338,-17.876282,28.71432,-6.8073015,20.734173,16.931221,-15.000033,-16.778934,-19.785145,-4.1880937,24.819464,0.382972,15.000033,-2.7935665,-6.359496,2.0553734,31.120085,46.44201,-8.224226,44.344414,8.2642,15.966174,10.544535,0.8682665,-22.736624,18.420107,4.235529,3.3173475,-1.8316485,-15.836532
581,-12.50316047668457,-428.01141357421875,76.86908721923828,-0.6653321315098158,7.9604459120233475,19.68057657459372,-18.665596,29.348795,-6.4586267,21.536467,15.468631,-13.339027,-16.447836,-19.300552,-5.458657,24.69203,-2.292668,15.000033,-3.050098,-6.6011124,2.2467492,30.286222,47.0645,-8.499035,44.470478,8.244093,16.007511,10.483871,0.4139677,-23.041193,18.614151,4.8165874,3.3443475,-1.8956336,-15.973481
582,-12.393865585327148,-429.16363525390625,76.58811950683594,-0.3901960216625895,7.983402720140496,19.888112575917695,-19.369648,29.791412,-5.76852,22.532341,12.982303,-10.660586,-16.35276,-19.068787,-6.728736,25.017204,-5.525064,15.000033,-3.3906753,-6.9315033,2.4922261,29.297575,47.67872,-8.996662,44.58142,8.157242,16.009491,10.477775,-0.05025882,-23.401358,18.813337,5.5029354,3.3108144,-1.9789807,-16.138344
583,-12.287662506103516,-430.3056335449219,76.28302764892578,-0.10219128018352329,7.951805559301395,20.08900910206219,-19.861248,30.126842,-5.0188212,23.575188,9.966762,-8.019625,-16.47694,-18.889112,-7.900236,25.760208,-8.856335,15.000033,-3.7377098,-7.2551026,2.8096135,28.142656,48.270267,-9.681838,44.68922,8.052894,16.025208,10.514681,-0.47410458,-23.7991,19.006142,6.230341,3.319127,-2.079608,-16.402744
584,-12.178996086120605,-431.4702453613281,75.96322631835938,-0.05830390128447677,7.8981306517820276,20.14252200672324,-20.115862,30.674091,-4.289992,24.567383,6.940858,-5.935911,-16.782515,-18.277016,-8.885877,26.700298,-11.724208,14.15304,-3.961605,-7.3560476,3.1862078,26.820503,48.820377,-10.5106535,44.803635,7.9815187,16.108902,10.585187,-0.8214614,-24.201675,19.186031,6.9520483,3.4648395,-2.197538,-16.836199
585,-12.083065032958984,-432.6424560546875,75.62687683105469,-0.13866793034181268,7.78376506974814,20.13852006483942,-20.075888,31.328447,-3.444105,25.480549,3.8221383,-4.3685822,-17.293953,-17.442612,-9.499372,28.04334,-14.175152,13.250032,-4.153413,-7.3468113,3.6583161,25.334799,49.336964,-11.486145,44.91332,7.966697,16.291893,10.689486,-1.1432778,-24.592731,19.394747,7.710694,3.8092766,-2.3328962,-17.515652
586,-12.012310028076172,-433.8147277832031,75.31884002685547,-0.2549407461883019,7.611138430710059,20.115204016896474,-19.784332,31.980436,-2.4853847,26.389462,0.41452938,-3.0960088,-18.011658,-16.561062,-9.824218,29.82625,-16.455578,12.429248,-4.3530955,-7.307993,4.213091,23.70161,49.820404,-12.609953,45.006508,7.9788747,16.54042,10.831882,-1.4609277,-24.970121,19.628845,8.538882,4.2787933,-2.491889,-18.38284
587,-11.973306655883789,-434.9906921386719,75.00946807861328,-0.37387145103550773,7.420379327906912,19.9856862596321,-19.292654,32.55064,-1.4855394,27.384766,-2.9212594,-2.1728866,-18.93071,-15.635382,-9.910468,31.87907,-18.47735,11.582924,-4.4841185,-7.276137,4.7959566,21.962059,50.232037,-13.8145075,45.088078,7.994245,16.810638,11.011547,-1.7048649,-25.316074,19.82664,9.379718,4.766417,-2.6796818,-19.305374
588,-11.958976745605469,-436.1739501953125,74.70137786865234,-0.4647783079106021,7.251125967931733,19.66220137791779,-18.664581,32.970715,-0.50456387,28.576479,-5.826464,-1.6252503,-20.042322,-14.655565,-9.807962,34.02108,-20.14819,10.601612,-4.4879684,-7.2784677,5.3489575,20.181461,50.5163,-15.006276,45.16383,7.9972854,17.058937,11.233767,-1.8322167,-25.608725,19.948637,10.200951,5.1596994,-2.8956397,-20.151405
589,-11.977789878845215,-437.3404846191406,74.4162826538086,-0.5314599138499507,7.143399159091593,19.05686370345134,-17.908178,33.281322,0.5030768,30.034058,-8.201332,-1.5937799,-21.524372,-13.570692,-9.457389,36.402214,-21.374681,9.369886,-4.3337426,-7.305536,5.837675,18.389692,50.636806,-16.149212,45.262993,7.9558225,17.29814,11.57496,-1.9060028,-25.829453,20.034525,11.089669,5.3916264,-3.1553023,-20.952766
590,-11.989029884338379,-438.45343017578125,74.16458129882812,-0.5863191575270332,7.070316257009627,18.241372566132878,-17.055582,33.52116,1.5649064,31.788866,-10.273408,-1.9736831,-23.2972,-12.402575,-8.896942,39.04522,-22.253782,7.9289265,-4.095249,-7.3365808,6.286501,16.580896,50.591663,-17.251749,45.387405,7.9000745,17.543217,12.01812,-1.9769604,-25.977999,20.130653,12.081497,5.521908,-3.4496832,-21.760088
591,-11.972917556762695,-439.5151062011719,73.94843292236328,-0.614550806205172,6.967547015307661,17.363660961323475,-16.178293,33.609962,2.5926044,33.854282,-12.164294,-2.4158854,-24.976173,-11.237119,-8.306284,41.56376,-22.950502,6.4414716,-3.8647313,-7.3763027,6.7320976,14.781335,50.380856,-18.277351,45.490173,7.913439,17.755453,12.42674,-1.9720546,-26.063744,20.201397,13.053083,5.638122,-3.7400253,-22.470144
592,-11.958353996276855,-440.5411682128906,73.76879119873047,-0.6034957988437006,6.767556153876372,16.568869488755585,-15.306713,33.458904,3.4931722,36.169674,-13.964164,-2.5834765,-26.196651,-10.14929,-7.8373156,43.567738,-23.588812,5.1193395,-3.7298145,-7.4274683,7.2166905,13.016419,50.008858,-19.194178,45.52079,8.078355,17.896038,12.661581,-1.8099415,-26.10437,20.20634,13.870392,5.832015,-3.9895086,-22.97861
593,-11.944665908813477,-441.540283203125,73.61549377441406,-0.5429239768330099,6.413053000161553,15.804710529205657,-14.378565,32.995316,4.2028975,38.826786,-15.643567,-2.331371,-26.863516,-9.1033325,-7.4447966,44.941727,-24.127764,4.063336,-3.6336153,-7.5048885,7.8030553,11.332277,49.456226,-19.900839,45.42907,8.468428,17.948809,12.66611,-1.4275806,-26.10112,20.078747,14.469533,6.138065,-4.175068,-23.2261
594,-11.911330223083496,-442.4930419921875,73.49908447265625,-0.4413505574846227,5.951019366956517,15.021361058713136,-13.375403,32.25874,4.783629,41.760784,-17.144955,-1.8591992,-27.188337,-8.062815,-7.069883,45.89336,-24.48705,3.1719413,-3.5609617,-7.5946755,8.454441,9.71661,48.722916,-20.423824,45.257908,9.029078,17.933624,12.521306,-0.88652474,-26.057444,19.86603,14.931443,6.5091653,-4.3196483,-23.279348
595,-11.878914833068848,-443.3939514160156,73.428955078125,-0.31984081393964736,5.4670237774058315,14.366569330361862,-12.380304,31.333471,5.332639,44.65213,-18.494825,-1.355515,-27.274216,-7.100377,-6.826537,46.513523,-24.714407,2.3763049,-3.6371305,-7.660214,9.067273,8.083501,47.85259,-20.955431,45.095863,9.643087,17.866306,12.290633,-0.26159373,-25.999456,19.673174,15.315206,6.924347,-4.45661,-23.221874
596,-11.840592384338379,-444.2643127441406,73.40391540527344,-0.2037432326316759,5.046340615096067,13.988415207746536,-11.4822855,30.321333,5.9480605,47.200947,-19.730453,-1.0057975,-27.220972,-6.2930117,-6.827859,46.89199,-24.868565,1.6014161,-3.9721906,-7.6714616,9.544421,6.3013363,46.909626,-21.740559,45.046764,10.153641,17.766356,12.032161,0.40330467,-25.966396,19.583965,15.648678,7.3655176,-4.620116,-23.134787
597,-11.787383079528809,-445.1014099121094,73.42575073242188,-0.09409216724522136,4.685053632141522,13.980016441917188,-10.713433,29.22035,6.6613994,49.379246,-20.86853,-0.8443434,-26.983044,-5.7072678,-7.1492534,47.01549,-24.986805,0.8500197,-4.593803,-7.6346245,9.87757,4.373007,45.904705,-22.791664,45.08326,10.572205,17.611511,11.671287,1.1923165,-25.984732,19.557703,15.835546,7.941692,-4.8196445,-22.975248
598,-11.730461120605469,-445.9320068359375,73.48497772216797,0.014193757363025092,4.344194600597464,14.243369069685619,-10.023478,27.992168,7.4253244,51.323227,-21.880163,-0.77605104,-26.536188,-5.28179,-7.711611,46.847294,-25.030205,0.1523248,-5.42001,-7.5627694,10.126024,2.3362432,44.82284,-24.021378,45.16251,10.928641,17.400068,11.200418,2.1450257,-26.054163,19.543352,15.84218,8.638405,-5.032803,-22.715805
599,-11.68344783782959,-446.7477722167969,73.580810546875,0.1059527209003447,4.056665609057503,14.639484725124689,-9.3818865,26.687672,8.225538,52.99442,-22.743929,-0.79014647,-26.01316,-4.910702,-8.39432,46.453365,-24.955757,-0.5222243,-6.3532925,-7.4428225,10.284507,0.21955799,43.680676,-25.441124,45.272453,11.184907,17.185501,10.770241,3.1901963,-26.163588,19.567572,15.784479,9.253884,-5.250045,-22.458506
600,-11.64870834350586,-447.5573425292969,73.70355987548828,0.16905127498136208,3.8563544804041587,15.030813754579517,-8.758245,25.348349,9.052667,54.34381,-23.433163,-0.87821907,-25.544188,-4.49304,-9.077946,45.895596,-24.719185,-1.2037133,-7.2832837,-7.269797,10.34513,-1.9244294,42.50606,-27.053228,45.372948,11.325345,17.023762,10.525996,4.273281,-26.290962,19.636967,15.772674,9.580594,-5.467019,-22.306631
601,-11.619985580444336,-448.36083984375,73.85536193847656,0.1863151367822402,3.778354461505341,15.441457837016841,-8.200717,24.032108,9.983899,55.38662,-23.93813,-0.996424,-25.165422,-4.025374,-9.800436,45.16693,-24.309189,-1.9028609,-8.228472,-7.0311003,10.279508,-4.072666,41.313496,-28.9236,45.441563,11.250587,16.940636,10.542252,5.385362,-26.420982,19.772562,15.875109,9.438157,-5.699607,-22.319782
602,-11.588099479675293,-449.15069580078125,74.03823852539062,0.17022659251527247,3.795901779337846,15.924803006678127,-7.7116203,22.694454,11.007391,56.12488,-24.264917,-1.1665025,-24.805939,-3.5544858,-10.605296,44.241695,-23.751768,-2.6015255,-9.223251,-6.7398076,10.102132,-6.2184124,40.09427,-31.02764,45.474445,10.993311,16.904928,10.72258,6.5545363,-26.544909,19.955872,16.027378,8.9718275,-5.9466486,-22.434174
603,-11.56190299987793,-449.9360046386719,74.2408447265625,0.15374458477888459,3.8509510689741924,16.387703094640973,-7.198238,21.214638,11.975314,56.481445,-24.40628,-1.4778827,-24.43446,-3.0599854,-11.379271,43.15174,-23.05492,-3.2860126,-10.183452,-6.435291,9.866557,-8.311325,38.84031,-33.199474,45.442806,10.771491,16.887423,10.954208,7.7807026,-26.6492,20.131865,16.142584,8.462923,-6.1815677,-22.56795
604,-11.536722183227539,-450.71893310546875,74.47176361083984,0.16791830275387007,3.885012527417512,16.73703943340897,-6.572145,19.4736,12.733504,56.37859,-24.358746,-2.0190048,-24.020128,-2.5220408,-12.010436,41.931293,-22.227324,-3.9435098,-11.035343,-6.161056,9.624353,-10.313229,37.55525,-35.26835,45.32151,10.799931,16.860516,11.12373,9.051036,-26.719639,20.258072,16.139288,8.194623,-6.3800616,-22.637745
605,-11.516432762145996,-451.49359130859375,74.7264175415039,0.23214885138155697,3.8918076407097204,16.94000178350583,-5.7765436,17.412146,13.285953,55.74834,-24.140158,-2.8059332,-23.542221,-1.9365728,-12.453186,40.54342,-21.292326,-4.5977573,-11.761126,-5.9454236,9.369407,-12.214791,36.251736,-37.228863,45.068676,11.213044,16.833214,11.179814,10.371898,-26.747152,20.337769,15.996765,8.27045,-6.532277,-22.649178
606,-11.493555068969727,-452.25762939453125,75.00685119628906,0.32352044627929233,3.8996750573628294,17.0490362689041,-4.882028,15.109904,13.678942,54.628155,-23.75547,-3.7840083,-23.017908,-1.3131351,-12.776151,38.985233,-20.23924,-5.246689,-12.406007,-5.7651334,9.078905,-14.026212,34.937214,-39.15259,44.69533,11.870888,16.815813,11.187413,11.734846,-26.729668,20.398329,15.766692,8.528937,-6.6537294,-22.636398
607,-11.468088150024414,-453.0254821777344,75.30192565917969,0.40978304393925385,3.901656858162565,17.09853487540771,-3.9701293,12.66011,13.821498,53.090454,-23.178217,-4.9358516,-22.473,-0.6528336,-13.033159,37.337055,-19.020134,-5.8426147,-12.992418,-5.591599,8.779687,-15.74985,33.612736,-40.973915,44.2581,12.59007,16.782995,11.207989,13.102757,-26.665268,20.436234,15.474508,8.856388,-6.7587676,-22.557886
608,-11.46147346496582,-453.7861328125,75.61515808105469,0.45984048757132806,3.8906834124199845,17.12314487896419,-3.1009922,10.158463,13.629707,51.21511,-22.38155,-6.2508063,-21.935104,0.041724004,-13.274797,35.675148,-17.583784,-6.3380446,-13.548675,-5.39513,8.499176,-17.393473,32.281918,-42.62347,43.819267,13.18568,16.710009,11.304283,14.4317465,-26.5555,20.455885,15.150683,9.140165,-6.861356,-22.373543
609,-11.466465950012207,-454.5455322265625,75.93756103515625,0.48249760323388075,3.8525311619657243,17.106462536289612,-2.207377,7.532199,12.992005,48.897636,-21.274342,-7.8507733,-21.375051,0.77237993,-13.455465,33.957733,-15.9022045,-6.710588,-14.072798,-5.1841903,8.247,-18.982708,30.95417,-44.109406,43.375797,13.665056,16.598,11.485126,15.739234,-26.402956,20.437384,14.746099,9.405337,-6.9604526,-22.029526
610,-11.473570823669434,-455.3088684082031,76.26631164550781,0.48399783052973316,3.7958522486738846,17.03979294253824,-1.2249871,4.7939997,11.949215,46.116493,-19.919199,-9.68807,-20.7866,1.542389,-13.564633,32.15417,-14.001423,-6.989367,-14.55649,-4.9668345,8.01243,-20.519728,29.636724,-45.46017,42.89731,14.113279,16.458637,11.720132,17.038115,-26.207954,20.389526,14.25813,9.695357,-7.0481453,-21.561457
611,-11.486350059509277,-456.083251953125,76.59782409667969,0.4314156768622072,3.7472453395682748,16.96926285753027,-0.21652101,2.1648436,10.668395,43.087753,-18.502323,-11.50795,-20.233114,2.3496718,-13.706552,30.350481,-11.906085,-7.2025485,-15.019267,-4.714604,7.7907624,-21.990139,28.335691,-46.6537,42.41688,14.447374,16.283445,12.014887,18.272692,-25.972305,20.361279,13.797086,9.924582,-7.1302204,-21.065248
612,-11.515270233154297,-456.8632507324219,76.93087768554688,0.2951523056964185,3.7320111617179332,16.94077244083801,0.7266562,-0.14831674,9.347481,40.04623,-17.19234,-13.06036,-19.783525,3.188318,-13.98574,28.637848,-9.64197,-7.376009,-15.485855,-4.4021564,7.5789847,-23.35633,27.053724,-47.641663,41.958717,14.611044,16.063326,12.373884,19.380243,-25.697676,20.407818,13.475705,10.008151,-7.214917,-20.63779
613,-11.558687210083008,-457.6423034667969,77.25448608398438,0.05702063761390947,3.7543945478568324,16.9853365355099,1.5840579,-2.1254911,7.9589696,36.988804,-16.031775,-14.270272,-19.463694,4.05738,-14.470148,27.040707,-7.185094,-7.6287994,-15.983835,-4.007965,7.3781424,-24.628622,25.79408,-48.415867,41.52747,14.572329,15.780767,12.833888,20.376274,-25.388308,20.539688,13.297356,9.905485,-7.298399,-20.30063
614,-11.621760368347168,-458.44793701171875,77.56558227539062,-0.22949826430411446,3.8086833674423333,17.08551350198288,2.4235308,-3.9158022,6.442843,33.772366,-14.88258,-15.000033,-19.279718,4.90293,-15.085586,25.572018,-4.5587378,-7.891904,-16.505213,-3.5754693,7.1751885,-25.852406,24.572365,-49.037933,41.12077,14.339041,15.441349,13.380395,21.28678,-25.047262,20.72821,13.209925,9.669684,-7.380485,-20.005539
615,-11.706536293029785,-459.245361328125,77.85310363769531,-0.49975160430473325,3.898849946942515,17.205477112420084,3.272376,-5.57213,4.9608994,30.416546,-13.623093,-15.000033,-19.250132,5.6657796,-15.710549,24.273323,-1.8482372,-7.907262,-17.028671,-3.1742015,6.963174,-26.972021,23.392162,-49.472603,40.720547,14.015122,15.076349,13.937449,22.04757,-24.673132,20.97969,13.246807,9.352026,-7.4758883,-19.74328
616,-11.788849830627441,-460.0736083984375,78.11717987060547,-0.8128212987250926,4.005387511151964,17.27304828227266,4.116901,-6.917106,3.6527824,27.102444,-12.239959,-15.000033,-19.242731,6.489362,-16.236504,22.902496,0.9994001,-7.4481697,-17.49007,-2.7720265,6.7787466,-27.968552,22.264233,-49.734562,40.332985,13.649866,14.715921,14.432061,22.599049,-24.264374,21.298983,13.447454,9.003066,-7.5988207,-19.50729
617,-11.891390800476074,-460.9123229980469,78.35533905029297,-1.186717527765595,4.147748332509611,17.308466321484463,4.948152,-7.9376235,2.6152854,23.757364,-10.6833935,-15.000033,-19.318127,7.392274,-16.750708,21.517466,4.018691,-6.6557517,-17.915165,-2.3548563,6.6125784,-28.813353,21.192774,-49.764565,39.9368,13.181487,14.343817,14.875855,22.915674,-23.815525,21.714828,13.8530655,8.631089,-7.775758,-19.310917
618,-12.014250755310059,-461.76800537109375,78.5635757446289,-1.6327534442166594,4.320627654384925,17.333531997305563,5.759733,-8.65731,1.7581393,20.356064,-8.988276,-15.000033,-19.458792,8.381496,-17.250639,20.060062,7.2237024,-5.5565257,-18.32147,-1.9064419,6.467781,-29.545084,20.186811,-49.596016,39.53911,12.595151,13.951488,15.295341,23.03212,-23.327248,22.215948,14.436928,8.210242,-7.9913173,-19.154465
619,-12.148290634155273,-462.6296081542969,78.73986053466797,-2.0808578795235624,4.4856884723485,17.31684786329646,6.5507064,-9.18108,0.9863656,17.031696,-7.1879807,-15.000033,-19.508696,9.430936,-17.40998,18.318853,10.514234,-3.7117858,-18.679443,-1.4924783,6.3577733,-30.202312,19.25652,-49.329407,39.1613,12.0636425,13.585884,15.641023,22.973307,-22.805399,22.7506,15.126542,7.7402935,-8.195856,-19.009642
620,-12.308684349060059,-463.4998779296875,78.87139892578125,-2.439570175977841,4.601295057873309,17.2271902943566,7.3341575,-9.638755,0.20793088,13.900691,-5.3030195,-15.000033,-19.302065,10.49708,-16.862059,16.129742,13.743121,-0.68516755,-18.95136,-1.199631,6.2876563,-30.836601,18.419252,-49.090973,38.82654,11.73037,13.29504,15.866956,22.775637,-22.256763,23.258862,15.8425665,7.222266,-8.339986,-18.846788
621,-12.475664138793945,-464.37445068359375,78.93892669677734,-2.620386952119877,4.670243345650593,17.075651286856406,8.336829,-10.192319,-0.70923877,10.435845,-2.9603271,-15.000033,-18.695856,11.52928,-15.338597,13.266055,17.02127,4.2692156,-19.16484,-1.1088034,6.234542,-31.445469,17.686806,-48.873096,38.526737,11.652188,13.08952,15.951809,22.419847,-21.683298,23.734879,16.574686,6.588387,-8.408244,-18.64816
622,-12.660382270812988,-465.24346923828125,78.92859649658203,-2.673213435346929,4.7040169871795845,16.88790813646097,9.436466,-10.769071,-1.670814,6.853394,-0.31074098,-15.000033,-17.743555,12.516299,-12.99796,9.883237,20.184866,10.746808,-19.34639,-1.175506,6.2038436,-31.99309,17.059673,-48.611767,38.231487,11.760054,12.949061,15.92352,21.89928,-21.084448,24.203075,17.352201,5.8613024,-8.42758,-18.430714
623,-12.832803726196289,-466.1640625,78.87016296386719,-2.7375611872952605,4.663112678740247,16.502887202692666,9.024323,-11.167686,-2.0644498,6.668844,0.5795088,-15.000033,-16.24807,13.5579815,-10.921611,5.7532787,23.133278,15.000033,-19.297514,-1.3078485,6.234766,-32.491558,16.555649,-48.393993,37.940563,11.965783,12.868856,15.812671,21.28965,-20.451328,24.653173,18.150314,5.179689,-8.412869,-18.220818
624,-12.983146667480469,-467.1463623046875,78.76611328125,-2.8534599407258634,4.505769240878011,15.820290716203719,8.698382,-11.195369,-1.9163768,6.6967077,1.1846915,-15.000033,-16.216814,14.311428,-10.183643,5.151194,23.695538,15.000033,-18.896034,-1.4968208,6.357108,-32.892742,16.181408,-48.24007,37.61686,12.258422,12.848277,15.651793,20.628153,-19.770014,25.085455,18.969463,4.6770787,-8.379717,-18.04295
625,-13.11299991607666,-468.08477783203125,78.64859771728516,-2.8684245363976077,4.222631910337242,14.986009083196207,8.468013,-10.990162,-1.3345817,6.9567413,1.6278946,-14.813443,-16.092611,15.013952,-8.60874,4.806412,23.48113,15.000033,-18.299276,-1.7253865,6.630467,-33.123917,16.056448,-48.121475,37.008266,12.649232,12.917212,15.443777,20.125443,-19.366978,25.426685,19.432388,4.492694,-8.316825,-17.892687
626,-13.262022018432617,-468.90252685546875,78.5273208618164,-2.6098465495371506,3.9264421799013833,14.131186361076582,6.795069,-11.351075,0.25451282,10.356665,0.39996237,-8.096631,-16.0014,15.348905,-6.373514,4.763061,22.56908,15.000033,-17.65774,-2.2836938,6.7879653,-33.386543,15.935667,-48.08219,36.663532,13.202526,13.053463,15.145149,19.088018,-18.49178,25.843525,20.573364,4.360618,-8.274826,-17.794107
627,-13.449668884277344,-469.88134765625,78.43973541259766,-2.5194661861392755,3.62660985142747,13.34437689438571,4.641902,-11.283045,2.155314,14.943168,-1.907971,-1.2285601,-15.877076,15.708383,-4.241479,4.792028,21.29806,15.000033,-16.982649,-2.6447482,7.056554,-33.593456,15.931786,-48.1203,36.230343,13.718517,13.222531,14.829527,18.032972,-17.628937,26.142773,21.657656,4.3057895,-8.190309,-17.676323
628,-13.65318775177002,-470.89300537109375,78.27628326416016,-2.6858230382293833,3.37286970466852,12.704352228225567,3.0562017,-10.712963,3.814637,18.466606,-4.3749385,3.7698843,-15.856348,16.027012,-2.87749,4.9659004,19.953926,15.000033,-16.393559,-2.7265146,7.390008,-33.706005,16.016375,-48.135147,35.73535,14.110852,13.372392,14.527991,16.911098,-16.79233,26.39453,22.74249,4.265906,-8.048265,-17.518965
629,-13.860219955444336,-471.8338623046875,78.05490112304688,-3.1573084033992167,3.1501500574599035,12.154168753009287,2.1853414,-9.553875,5.2687387,20.71201,-7.031734,6.176374,-16.593018,16.288864,-2.5968919,6.608524,17.937046,15.000033,-15.813876,-2.4878216,7.806782,-33.74564,16.177963,-48.153694,35.21465,14.306616,13.486472,14.253105,15.723577,-15.989863,26.579006,23.820215,4.2550516,-7.827499,-17.290518
630,-14.07131576538086,-472.7363586425781,77.80573272705078,-3.7929090590480934,2.9349664142862553,11.638016153809884,1.7242932,-7.985294,6.6963534,22.317362,-9.967136,7.085698,-18.133484,16.418842,-3.046055,9.885235,15.047857,15.000033,-15.200333,-2.0661438,8.281002,-33.71135,16.408947,-48.178333,34.676956,14.397068,13.591374,13.983424,14.475858,-15.221245,26.70075,24.880665,4.3026247,-7.541823,-17.0172
631,-14.297639846801758,-473.6335754394531,77.53233337402344,-4.453516800569499,2.73004485917408,11.147558143101056,1.4468558,-6.298106,7.989389,23.58269,-12.940555,7.214768,-19.752573,16.343061,-3.8460686,13.321544,12.085155,15.000033,-14.5677805,-1.5979381,8.757725,-33.610104,16.704617,-48.196102,34.1114,14.426479,13.697557,13.722122,13.188381,-14.488931,26.79168,25.928991,4.360611,-7.233287,-16.75936
632,-14.52500057220459,-474.5115661621094,77.23523712158203,-5.019327146177025,2.541498557194163,10.68359122579038,1.1247553,-4.777348,8.976099,24.813015,-15.756888,7.313486,-21.404505,15.993259,-4.805257,16.831656,9.110075,15.000033,-13.983976,-1.2064785,9.206685,-33.325207,17.022696,-48.060226,33.455578,14.602053,13.823193,13.471687,11.845033,-13.797713,26.920399,26.980238,4.3810873,-6.9436636,-16.57686
