Frame,root_translateX,root_translateY,root_translateZ,root_rotateX,root_rotateY,root_rotateZ,left_hip_pitch_joint_dof,left_hip_roll_joint_dof,left_hip_yaw_joint_dof,left_knee_joint_dof,left_ankle_pitch_joint_dof,left_ankle_roll_joint_dof,right_hip_pitch_joint_dof,right_hip_roll_joint_dof,right_hip_yaw_joint_dof,right_knee_joint_dof,right_ankle_pitch_joint_dof,right_ankle_roll_joint_dof,waist_yaw_joint_dof,waist_roll_joint_dof,waist_pitch_joint_dof,left_shoulder_pitch_joint_dof,left_shoulder_roll_joint_dof,left_shoulder_yaw_joint_dof,left_elbow_joint_dof,left_wrist_roll_joint_dof,left_wrist_pitch_joint_dof,left_wrist_yaw_joint_dof,right_shoulder_pitch_joint_dof,right_shoulder_roll_joint_dof,right_shoulder_yaw_joint_dof,right_elbow_joint_dof,right_wrist_roll_joint_dof,right_wrist_pitch_joint_dof,right_wrist_yaw_joint_dof
0,-0.9927208423614502,3.1934170722961426,76.4835433959961,3.371753391992835,-13.923131657292108,-79.18698358261888,10.77985,9.43716,18.774437,18.636665,-13.416737,-9.340753,16.324228,-34.751705,-47.89834,33.28091,-13.877541,11.725624,2.7161143,-6.7778506,7.414068,-18.782734,20.29962,-18.070461,61.124294,-23.595379,11.316369,9.083576,-22.117052,-20.120943,28.888216,62.533787,34.16994,11.610333,-1.8601742
1,-1.2474713325500488,3.0209357738494873,76.48199462890625,3.2734771725382807,-14.009627447243513,-78.71869973745237,10.832761,9.669594,18.312452,18.502983,-13.230458,-9.591842,17.034191,-34.359726,-48.60166,33.01352,-14.103521,11.973834,2.6098564,-6.614971,7.3671174,-18.960928,20.35453,-18.434938,61.559357,-23.888119,11.245223,9.135221,-21.93613,-20.131096,28.64739,62.20997,33.962322,11.748849,-1.9557229
2,-1.5198719501495361,2.860996961593628,76.47998809814453,3.175763246907969,-14.097196795383976,-78.24021725252122,10.888208,9.893537,17.83909,18.362265,-13.044911,-9.84384,17.756222,-33.96294,-49.31432,32.73068,-14.321029,12.241656,2.5185654,-6.460722,7.311485,-19.17488,20.399576,-18.831882,62.042534,-24.189426,11.16707,9.194241,-21.758385,-20.12214,28.379229,61.909424,33.743164,11.889287,-2.0540993
3,-1.7937064170837402,2.711014747619629,76.48033905029297,3.073574005969561,-14.17993828156254,-77.78093283045312,10.937712,10.131626,17.38477,18.228746,-12.858449,-10.094347,18.437477,-33.550873,-49.9896,32.459023,-14.542659,12.473815,2.4527967,-6.3118234,7.257779,-19.416002,20.445162,-19.260448,62.53966,-24.49965,11.091646,9.246044,-21.572174,-20.101448,28.094975,61.629566,33.516846,12.015784,-2.1399066
4,-2.0767478942871094,2.563187599182129,76.48480224609375,2.9587496007866236,-14.251851974275063,-77.37051520175156,10.976974,10.405361,16.980772,18.106575,-12.665335,-10.341259,19.024157,-33.115612,-50.579514,32.229725,-14.7839575,12.614684,2.4049067,-6.1557074,7.213114,-19.667501,20.493622,-19.69054,63.02166,-24.807623,11.025204,9.273034,-21.39391,-20.069193,27.835396,61.394375,33.29729,12.110332,-2.1978629
5,-2.3741233348846436,2.420102119445801,76.49365234375,2.831001301070317,-14.311612261947227,-77.025544627212,11.02017,10.721506,16.646301,17.97272,-12.457027,-10.585296,19.496353,-32.650986,-51.06012,32.0499,-15.052657,12.631633,2.3355033,-5.95948,7.1741595,-19.882801,20.530626,-20.045444,63.465805,-25.09405,10.964893,9.260795,-21.273489,-20.040222,27.701038,61.23959,33.113213,12.158427,-2.2104208
6,-2.6572465896606445,2.2769417762756348,76.50524139404297,2.6930750304255873,-14.362245235725112,-76.72729004586643,11.063293,11.0670185,16.36076,17.833569,-12.236496,-10.827085,19.886295,-32.169147,-51.460728,31.906271,-15.341651,12.560409,2.3169858,-5.772363,7.1424294,-20.138002,20.581078,-20.461649,63.922596,-25.40892,10.911264,9.225415,-21.137993,-19.993843,27.555933,61.119507,32.92339,12.170989,-2.186134
7,-2.9638068675994873,2.1573967933654785,76.51290893554688,2.547629138974275,-14.404818920215078,-76.45329496804807,11.079008,11.436792,16.096195,17.729761,-12.02132,-11.064488,20.218412,-31.677135,-51.81469,31.792547,-15.640325,12.44677,2.256994,-5.5634847,7.118806,-20.351877,20.623516,-20.794004,64.32352,-25.67818,10.86842,9.17794,-21.037514,-19.950798,27.466265,61.030045,32.754097,12.176296,-2.1683996
8,-3.27940034866333,2.049861192703247,76.5145034790039,2.4004623697185328,-14.440265947310843,-76.18080485347225,11.043833,11.82209,15.8251705,17.692675,-11.822881,-11.295203,20.517094,-31.189507,-52.155334,31.707495,-15.940481,12.3369665,2.1836123,-5.3747716,7.1055126,-20.565413,20.678196,-21.114883,64.67948,-25.913614,10.843306,9.138691,-20.927996,-19.885826,27.31743,60.941166,32.57305,12.196741,-2.1918244
9,-3.5899906158447266,1.9446145296096802,76.5166015625,2.2488117034851536,-14.468665397407081,-75.90617248882923,10.956118,12.221447,15.541627,17.723812,-11.642492,-11.521283,20.781265,-30.712408,-52.48603,31.663887,-16.241955,12.232889,2.0477645,-5.172675,7.109622,-20.730001,20.717592,-21.310026,64.94638,-26.043966,10.845559,9.116016,-20.834324,-19.831474,27.165644,60.847084,32.397465,12.24546,-2.2857864
10,-3.912689208984375,1.8476372957229614,76.51373291015625,2.0934129886605657,-14.489758839102663,-75.6408588668479,10.825991,12.638247,15.258757,17.808422,-11.474248,-11.743029,21.001078,-30.242424,-52.791573,31.663847,-16.551746,12.113447,1.9016609,-4.980658,7.1283507,-20.892317,20.759878,-21.473454,65.165146,-26.121923,10.870275,9.101704,-20.732632,-19.763868,26.96836,60.75602,32.211227,12.305435,-2.4212947
11,-4.250540733337402,1.7597440481185913,76.50743103027344,1.9336729315893808,-14.502335038846084,-75.38381319185791,10.650175,13.074299,14.978205,17.95038,-11.318219,-11.955297,21.188274,-29.762533,-53.077602,31.671257,-16.862062,11.989461,1.7407687,-4.8042192,7.147702,-21.054268,20.818075,-21.650024,65.361984,-26.208527,10.895832,9.078568,-20.64028,-19.668253,26.746244,60.68467,32.026558,12.3657,-2.5589526
12,-4.581009864807129,1.6792521476745605,76.49666595458984,1.7619060621145952,-14.504887977674622,-75.13322909481211,10.423151,13.534221,14.700967,18.159763,-11.178122,-12.153594,21.355255,-29.253954,-53.34979,31.647308,-17.1637,11.871916,1.5242758,-4.59658,7.1599226,-21.185377,20.860209,-21.804405,65.54521,-26.331041,10.894367,9.028172,-20.565119,-19.608614,26.59468,60.59334,31.898386,12.4260645,-2.6617699
13,-4.923007488250732,1.6048088073730469,76.48738098144531,1.5837931816216517,-14.490285498329076,-74.87820747509348,10.129847,14.012986,14.413196,18.436478,-11.053864,-12.346022,21.491749,-28.72565,-53.615566,31.607698,-17.465883,11.761469,1.329044,-4.4566197,7.1567135,-21.366241,20.975035,-22.137878,65.75599,-26.598513,10.860332,8.936406,-20.470488,-19.47309,26.34841,60.51211,31.76074,12.470788,-2.7059655
14,-5.26278829574585,1.542498230934143,76.47755432128906,1.3953972465032682,-14.460659322209146,-74.62250929258789,9.779362,14.512489,14.117955,18.774292,-10.943352,-12.532964,21.595242,-28.17782,-53.86987,31.561035,-17.76801,11.652372,1.0662217,-4.301181,7.1482086,-21.50061,21.10208,-22.44543,65.92119,-26.9043,10.8051605,8.812408,-20.398722,-19.352787,26.15951,60.417732,31.671743,12.51572,-2.722307
15,-5.611048698425293,1.4808704853057861,76.46804809570312,1.1999070489541528,-14.43134250995035,-74.38953292996234,9.404749,15.035404,13.842264,19.166435,-10.843208,-12.697161,21.687979,-27.598494,-54.101604,31.472094,-18.052101,11.5473385,0.795085,-4.1403522,7.1477003,-21.616592,21.239653,-22.754883,66.054855,-27.22009,10.753483,8.682053,-20.330423,-19.242851,25.982891,60.31358,31.60253,12.560834,-2.7257667
16,-5.966279983520508,1.4205965995788574,76.45948791503906,0.9947784910564748,-14.416479225926174,-74.20143932929707,9.040239,15.586303,13.6138735,19.603636,-10.748537,-12.820942,21.792522,-26.972162,-54.299053,31.303131,-18.299408,11.448651,0.53361946,-3.941722,7.1614647,-21.71852,21.335844,-23.01316,66.17887,-27.480116,10.722345,8.574068,-20.27441,-19.17411,25.849968,60.21267,31.554075,12.609354,-2.7367086
17,-6.323212623596191,1.3618000745773315,76.45558166503906,0.7723810295308998,-14.421175783991318,-74.05534416150023,8.689148,16.174252,13.424846,20.084076,-10.663094,-12.9057865,21.922047,-26.282274,-54.471424,31.036787,-18.504898,11.360231,0.31265664,-3.7519,7.2013974,-21.807327,21.47118,-23.299318,66.24674,-27.704872,10.753161,8.490099,-20.226347,-19.081419,25.694778,60.13996,31.506811,12.653822,-2.7504733
18,-6.675599575042725,1.3126611709594727,76.45489501953125,0.5351935195956712,-14.437741957989054,-73.94217446123935,8.335694,16.796518,13.264858,20.611841,-10.587242,-12.959547,22.062038,-25.536764,-54.620956,30.690279,-18.675903,11.278954,0.08203043,-3.5383642,7.254797,-21.866127,21.602528,-23.548666,66.27631,-27.887177,10.817442,8.419145,-20.209518,-18.995962,25.582764,60.095688,31.487843,12.697044,-2.7640998
19,-7.024431228637695,1.2578222751617432,76.45807647705078,0.3019731312538295,-14.460511999265464,-73.87459543352142,7.990351,17.432266,13.160504,21.17648,-10.503242,-12.972452,22.194693,-24.769081,-54.727646,30.285316,-18.81533,11.196726,-0.13792695,-3.328973,7.313429,-21.893162,21.743427,-23.770329,66.27645,-28.067722,10.869863,8.358632,-20.21221,-18.905132,25.482494,60.065685,31.453016,12.737896,-2.7820697
20,-7.378178119659424,1.204115629196167,76.47150421142578,0.0941606236583455,-14.485423540656456,-73.86627945441445,7.663266,18.062912,13.139091,21.767166,-10.39722,-12.934871,22.303009,-24.013514,-54.771862,29.847921,-18.928246,11.106145,-0.3368777,-3.117678,7.3639708,-21.906353,21.845575,-23.937696,66.30568,-28.259678,10.851328,8.307383,-20.21909,-18.835115,25.393408,60.024353,31.375063,12.779693,-2.8116555
21,-7.729167461395264,1.1539092063903809,76.48721313476562,-0.08611127052969748,-14.511180047135054,-73.92374187139211,7.357329,18.686335,13.199851,22.379007,-10.254582,-12.850224,22.387594,-23.267242,-54.750286,29.363955,-19.007269,11.011843,-0.50475246,-2.93655,7.4095116,-21.882923,21.961308,-24.068312,66.33444,-28.508356,10.736149,8.267123,-20.240738,-18.744246,25.283272,59.98448,31.20909,12.815843,-2.8532119
22,-8.075559616088867,1.0992437601089478,76.51344299316406,-0.24872404004653198,-14.541136749969374,-74.03931968754243,7.067433,19.315023,13.331799,23.019487,-10.08779,-12.720492,22.458937,-22.516514,-54.6741,28.827644,-19.052963,10.915442,-0.6557843,-2.7587469,7.450561,-21.830828,22.061907,-24.149532,66.369125,-28.77952,10.555055,8.240358,-20.28201,-18.65221,25.181952,59.953022,30.991316,12.848878,-2.9053082
23,-8.41564655303955,1.0441828966140747,76.5464096069336,-0.3917847834295989,-14.575840237318994,-74.20268286630365,6.791996,19.948524,13.547552,23.697784,-9.918699,-12.53077,22.517443,-21.77694,-54.549046,28.269379,-19.07929,10.804882,-0.7921994,-2.5917716,7.4821534,-21.763031,22.154331,-24.20038,66.40479,-29.036129,10.359332,8.214566,-20.339914,-18.555681,25.092754,59.940903,30.762642,12.881708,-2.965158
24,-8.756234169006348,0.9930951595306396,76.58145904541016,-0.5197114878738782,-14.615305708894702,-74.40313441624275,6.523273,20.58944,13.857425,24.436747,-9.770416,-12.266196,22.562532,-21.064625,-54.380184,27.722122,-19.101183,10.667754,-0.91546065,-2.427114,7.5001936,-21.699549,22.221718,-24.22971,66.44646,-29.231552,10.198217,8.179629,-20.398949,-18.477976,25.027088,59.938904,30.57308,12.921026,-3.0300624
25,-9.077625274658203,0.9395691752433777,76.61845397949219,-0.6281706555078056,-14.662043090358761,-74.64587520009547,6.2732196,21.239576,14.256431,25.224949,-9.629483,-11.9437065,22.59294,-20.378622,-54.158512,27.18829,-19.12161,10.485447,-1.0335242,-2.291751,7.5012145,-21.610498,22.310537,-24.230251,66.45996,-29.34533,10.100379,8.140424,-20.495325,-18.36555,24.989513,60.00088,30.418356,12.956854,-3.1089983
26,-9.406720161437988,0.8845344185829163,76.66039276123047,-0.721898172771857,-14.715086639418164,-74.933938382652,6.0407577,21.90311,14.742017,26.063198,-9.494629,-11.561586,22.610819,-19.708414,-53.88548,26.651459,-19.13246,10.269461,-1.1292273,-2.153522,7.492047,-21.525047,22.36682,-24.200375,66.484566,-29.393974,10.027832,8.102268,-20.582811,-18.285032,24.973036,60.05626,30.29307,12.998428,-3.1980646
27,-9.719969749450684,0.8340817093849182,76.69747161865234,-0.796449015994939,-14.7706514207252,-75.25367116982034,5.8155417,22.577932,15.334612,26.961254,-9.397101,-11.076713,22.621222,-19.069487,-53.58232,26.125835,-19.136782,10.052721,-1.2209213,-2.023818,7.4717193,-21.433197,22.417702,-24.159418,66.50161,-29.433523,9.958006,8.046571,-20.680582,-18.206873,24.968807,60.125435,30.1824,13.047091,-3.2826009
28,-10.038983345031738,0.7845939993858337,76.73294067382812,-0.8516332516893701,-14.824884000221806,-75.59167833766854,5.586883,23.262486,16.054361,27.932201,-9.370608,-10.446316,22.626858,-18.473347,-53.270058,25.623764,-19.136751,9.868378,-1.3293717,-1.9041547,7.4404244,-21.325367,22.477394,-24.115398,66.49548,-29.513014,9.867037,7.954713,-20.800116,-18.117775,24.976717,60.214027,30.078897,13.106985,-3.3484097
29,-10.337577819824219,0.734520673751831,76.76490020751953,-0.8820196698797911,-14.875346044086365,-75.94313606084033,5.3354173,23.97444,16.93717,29.040337,-9.404199,-9.588555,22.628895,-17.933754,-52.95906,25.151333,-19.131489,9.73025,-1.457345,-1.7989804,7.399193,-21.20759,22.54357,-24.083052,66.47229,-29.677153,9.739631,7.80329,-20.933323,-18.034012,24.988913,60.3019,29.982084,13.195025,-3.3764067
30,-10.622312545776367,0.6800593137741089,76.80223846435547,-0.889019307333968,-14.924949353425248,-76.31624633298583,5.0824046,24.715136,17.966059,30.256292,-9.493272,-8.545402,22.625032,-17.439743,-52.636818,24.702208,-19.121243,9.618672,-1.5894833,-1.7025144,7.35124,-21.084654,22.608967,-24.057234,66.433914,-29.89017,9.592537,7.6076565,-21.064116,-17.967915,25.002396,60.373787,29.896822,13.306107,-3.377828
31,-10.905344009399414,0.6351144313812256,76.83126068115234,-0.8882119319218293,-14.975088073011975,-76.71517723367477,4.875205,25.452314,19.079401,31.453856,-9.677599,-7.4649754,22.612875,-16.970043,-52.28822,24.270603,-19.11011,9.517015,-1.7019658,-1.5927556,7.298196,-20.977322,22.650173,-24.033634,66.39333,-30.07751,9.443769,7.4098916,-21.168,-17.93488,25.011803,60.419548,29.826174,13.415037,-3.382033
32,-11.157683372497559,0.5895946025848389,76.86141967773438,-0.892041655306086,-15.027612616090265,-77.14398502780367,4.754196,26.14473,20.212328,32.511425,-9.991398,-6.501196,22.58961,-16.50607,-51.89898,23.853909,-19.103752,9.40872,-1.7982942,-1.4659165,7.242842,-20.856222,22.69194,-23.981146,66.31038,-30.16702,9.318078,7.248298,-21.26161,-17.906487,25.034582,60.46991,29.771666,13.490832,-3.4212394
33,-11.412528991699219,0.5557082891464233,76.88493347167969,-0.9112927684266241,-15.08226108006283,-77.60233282620887,4.7109065,26.855848,21.440569,33.513233,-10.510246,-5.5617633,22.55216,-16.034477,-51.463238,23.452242,-19.101934,9.288179,-1.8593434,-1.3098611,7.183762,-20.753798,22.71189,-23.920362,66.20573,-30.118444,9.226722,7.1450257,-21.324389,-17.89526,25.068104,60.518642,29.742832,13.521293,-3.5070703
34,-11.653308868408203,0.5082098841667175,76.90531158447266,-0.9344992615290947,-15.138803728041344,-78.08856342880186,4.7322497,27.573433,22.764456,34.489532,-11.19409,-4.614568,22.502337,-15.571217,-50.99006,23.071365,-19.104334,9.164768,-1.9212531,-1.1293366,7.1212454,-20.623272,22.72683,-23.81521,66.047806,-29.968512,9.155759,7.073974,-21.396597,-17.891155,25.141554,60.588768,29.741688,13.521208,-3.6233084
35,-11.874808311462402,0.43860873579978943,76.92057800292969,-0.9423471810280295,-15.197396886077565,-78.60377565751527,4.828753,28.137674,24.002602,35.252132,-11.897131,-3.9081295,22.445461,-15.141211,-50.487255,22.714624,-19.114656,9.044089,-1.9416261,-0.95713973,7.048455,-20.527132,22.727016,-23.73838,65.91293,-29.800917,9.081865,7.012408,-21.428526,-17.893738,25.172277,60.63641,29.733885,13.508974,-3.7547476
36,-12.084122657775879,0.37403032183647156,76.93075561523438,-0.9173557547765593,-15.257728164664597,-79.14942239130411,4.996243,28.39254,24.974457,35.614456,-12.468099,-3.6896458,22.386831,-14.76569,-49.962666,22.382174,-19.134968,8.93126,-1.9853455,-0.7809716,6.971534,-20.377604,22.7171,-23.571367,65.75265,-29.633894,8.984272,6.9319835,-21.47672,-17.903757,25.211687,60.67457,29.712626,13.50489,-3.8902822
37,-12.28307819366455,0.31085318326950073,76.94329833984375,-0.856391275981903,-15.321187925057574,-79.7319004103577,5.2513742,28.286219,25.638142,35.487843,-12.933724,-4.090417,22.327587,-14.455687,-49.420506,22.084267,-19.16971,8.82644,-1.9984214,-0.62240666,6.880633,-20.232624,22.695072,-23.407915,65.607376,-29.522306,8.851088,6.8281646,-21.498222,-17.91719,25.199347,60.692818,29.6777,13.502516,-4.038475
38,-12.488189697265625,0.24169886112213135,76.96480560302734,-0.7661850172394086,-15.386514921644855,-80.34886418986163,5.5709863,27.909098,26.090181,34.982727,-13.358989,-4.948066,22.263813,-14.195644,-48.85565,21.817993,-19.217037,8.726805,-1.9696455,-0.48527125,6.773458,-20.102541,22.675352,-23.280697,65.472725,-29.450705,8.697767,6.715654,-21.485052,-17.924341,25.136543,60.69484,29.637661,13.492867,-4.202764
39,-12.658008575439453,0.16539689898490906,76.9931869506836,-0.6574491715968782,-15.45017157984113,-80.98742652727906,5.890554,27.324316,26.356321,34.21045,-13.651727,-6.070652,22.194864,-13.9653015,-48.26124,21.560274,-19.268812,8.632464,-1.9500797,-0.3390459,6.6688714,-19.966852,22.622484,-23.07409,65.36175,-29.335882,8.535092,6.5977974,-21.475992,-17.941412,25.040255,60.67189,29.543013,13.498165,-4.3534913
40,-12.820364952087402,0.08765062689781189,77.02471923828125,-0.5318301619574087,-15.509077428021332,-81.63545370072097,6.1511145,26.587383,26.455557,33.278378,-13.708486,-7.2759833,22.118353,-13.75084,-47.63154,21.295301,-19.320282,8.544428,-1.9272476,-0.20765866,6.5570817,-19.866562,22.555386,-22.866385,65.33101,-29.21062,8.377776,6.4847894,-21.443419,-17.955212,24.896954,60.597893,29.380478,13.528086,-4.4705286
41,-12.974624633789062,-0.0037187915295362473,77.0630111694336,-0.38054209215376783,-15.569968835828586,-82.2998816063511,6.39121,25.660948,26.390839,32.10896,-13.436093,-8.649585,22.044338,-13.556375,-46.956566,21.01194,-19.371225,8.470692,-1.9095614,-0.09855668,6.4483604,-19.789322,22.479439,-22.625582,65.3727,-29.049746,8.245315,6.393263,-21.390633,-17.960049,24.6827,60.459515,29.105015,13.591597,-4.537449
42,-13.131909370422363,-0.08517789840698242,77.09626770019531,-0.2078630384232354,-15.630910826721012,-82.98356897618405,6.6370907,24.538303,26.142868,30.654898,-12.917773,-10.243027,21.971354,-13.382033,-46.242584,20.717154,-19.422249,8.407746,-1.8874522,0.005464192,6.331785,-19.75541,22.358036,-22.35551,65.51184,-28.853611,8.118964,6.318296,-21.327564,-17.956842,24.408083,60.290028,28.741835,13.678127,-4.57129
43,-13.280916213989258,-0.16610810160636902,77.13001251220703,-0.03621966199082588,-15.675605779505029,-83.66713549234223,6.8150516,23.318295,25.697908,29.082747,-12.299067,-11.834386,21.879622,-13.210359,-45.506443,20.426443,-19.472282,8.338798,-1.872733,0.1117241,6.2030287,-19.73837,22.227592,-22.075766,65.7021,-28.658102,7.973734,6.222059,-21.268705,-17.944029,24.119493,60.109943,28.353016,13.77691,-4.5913606
44,-13.419646263122559,-0.23781627416610718,77.16212463378906,0.11563553010469364,-15.689221046009678,-84.33175207305358,6.8498993,22.09922,25.051329,27.575848,-11.715652,-13.205015,21.74789,-13.027193,-44.764603,20.159946,-19.521841,8.247985,-1.8780776,0.23697308,6.0568585,-19.72674,22.094599,-21.78821,65.925964,-28.480106,7.7782583,6.06758,-21.236992,-17.926214,23.867613,59.950085,27.999788,13.877957,-4.6167192
45,-13.552109718322754,-0.3139284551143646,77.19547271728516,0.24563428752808253,-15.664777064378335,-84.96836514809598,6.7181325,20.850069,24.121433,26.133457,-11.158531,-14.316552,21.565561,-12.829236,-44.00451,19.912663,-19.567635,8.128664,-1.9136956,0.38039365,5.890885,-19.708143,21.969313,-21.478739,66.16033,-28.32129,7.526226,5.833813,-21.234457,-17.904955,23.64662,59.80562,27.683666,13.992883,-4.632917
46,-13.669811248779297,-0.38880208134651184,77.2292709350586,0.40365531451447395,-15.597458107305766,-85.561146392356,6.4692316,19.440992,22.941124,24.61747,-10.525636,-15.000033,21.306862,-12.713767,-43.249184,19.776077,-19.652336,8.00476,-1.9991785,0.49045596,5.6967397,-19.68084,21.851889,-21.141758,66.40881,-28.171314,7.233421,5.5426607,-21.251358,-17.87893,23.439573,59.660816,27.377346,14.122514,-4.635891
47,-13.77751636505127,-0.4562614858150482,77.26248168945312,0.6222218528883611,-15.485725253438767,-86.09550218922956,6.146724,17.866959,21.685772,23.035944,-9.815382,-15.000033,20.956774,-12.762775,-42.55403,19.844069,-19.814499,7.8997726,-2.1431959,0.5290904,5.4724717,-19.640226,21.745968,-20.805422,66.66886,-28.04225,6.912294,5.2252746,-21.282104,-17.850899,23.27515,59.516994,27.10031,14.241943,-4.6610293
48,-13.881689071655273,-0.5207230448722839,77.28611755371094,0.7907298095464267,-15.375526496654063,-86.64903672591946,5.8136163,16.456911,20.542574,21.611574,-9.145368,-15.000033,20.622997,-12.752469,-41.88437,19.896307,-19.95991,7.786278,-2.273746,0.6175622,5.261507,-19.588022,21.642174,-20.49032,66.95244,-27.938549,6.574213,4.913913,-21.331652,-17.824375,23.190422,59.39175,26.874819,14.32629,-4.744057
49,-13.981321334838867,-0.590155303478241,77.30815124511719,0.9051796678100962,-15.264436092417862,-87.21744913040568,5.427661,15.219645,19.48816,20.395311,-8.508412,-15.000033,20.312899,-12.679868,-41.260616,19.922066,-20.080585,7.667285,-2.3880773,0.75827223,5.063016,-19.525692,21.544369,-20.20349,67.27724,-27.863886,6.212236,4.579417,-21.394606,-17.806484,23.218472,59.27907,26.730022,14.368362,-4.9177136
50,-14.088310241699219,-0.659176766872406,77.32176971435547,0.9749722595077798,-15.149007894895615,-87.79769534413099,4.9769015,14.102778,18.457481,19.352528,-7.890951,-15.000033,20.015608,-12.552228,-40.663418,19.923527,-20.178453,7.5387955,-2.4918244,0.9456697,4.8745446,-19.454319,21.451916,-19.933306,67.63529,-27.815994,5.823476,4.2170224,-21.468178,-17.797794,23.333517,59.17086,26.647997,14.382608,-5.1554184
51,-14.190300941467285,-0.7291761040687561,77.3249740600586,1.0144292952095002,-15.035173645507813,-88.39945962335838,4.503913,13.100032,17.555292,18.456942,-7.338904,-15.000033,19.715628,-12.393865,-40.06698,19.941473,-20.277094,7.399847,-2.5813317,1.1638577,4.703361,-19.370338,21.36374,-19.678146,67.982956,-27.790577,5.427847,3.892932,-21.542946,-17.794643,23.469275,59.057472,26.576038,14.3775,-5.4023695
52,-14.301989555358887,-0.8023632764816284,77.32005310058594,1.0353542265832176,-14.92862036420687,-89.03218682199385,4.0482545,12.209254,16.881655,17.678873,-6.8979363,-15.000033,19.399492,-12.224395,-39.446136,20.009773,-20.396513,7.249133,-2.6511815,1.3968923,4.5566306,-19.273487,21.281113,-19.443743,68.27687,-27.787592,5.0458193,3.6734526,-21.607277,-17.790558,23.554453,58.926933,26.459438,14.361815,-5.603711
53,-14.415531158447266,-0.8768579959869385,77.30744171142578,1.042792885453366,-14.827153311643771,-89.70135953466337,3.589034,11.435026,16.459892,17.040924,-6.6018405,-15.000033,19.04942,-12.055231,-38.794804,20.161642,-20.552778,7.081049,-2.6934102,1.6342235,4.4406137,-19.16016,21.2145,-19.229734,68.5023,-27.799128,4.6901317,3.6008222,-21.647228,-17.781813,23.552357,58.750183,26.272398,14.335287,-5.743738
54,-14.532883644104004,-0.9486137628555298,77.28527069091797,1.032666870031332,-14.728707083979875,-90.40021713704022,3.0982957,10.768725,16.236551,16.5616,-6.424851,-15.000033,18.675955,-11.8803425,-38.127693,20.37418,-20.73192,6.899431,-2.7241876,1.8955497,4.3394527,-19.043722,21.123503,-19.014063,68.71907,-27.810888,4.3394847,3.6372023,-21.700003,-17.76267,23.530163,58.5813,26.052011,14.290888,-5.8577127
55,-14.638821601867676,-1.019956350326538,77.25955963134766,1.0121144157897926,-14.639120350316635,-91.12097799766951,2.6083302,10.192672,16.193777,16.194317,-6.319088,-15.000033,18.304031,-11.693982,-37.449406,20.606525,-20.914667,6.717031,-2.7348444,2.1593874,4.2534776,-18.929169,21.04441,-18.84742,68.90264,-27.865387,3.9867756,3.7110658,-21.749823,-17.741564,23.48843,58.424057,25.818777,14.23495,-5.951237
56,-14.749351501464844,-1.0906014442443848,77.23135375976562,0.9843329468149412,-14.563917297687007,-91.85565335092056,2.1522267,9.690864,16.313492,15.892647,-6.237429,-15.000033,17.959728,-11.488952,-36.76501,20.813944,-21.079695,6.546203,-2.739816,2.425186,4.1785707,-18.812775,20.98524,-18.741646,69.04179,-27.988716,3.6188035,3.7539673,-21.810764,-17.723808,23.464943,58.313774,25.600471,14.172203,-6.034713
57,-14.869453430175781,-1.1636954545974731,77.2012710571289,0.9580028630917216,-14.502513787918469,-92.60574363708501,1.7301108,9.254702,16.611557,15.640982,-6.1585546,-15.000033,17.635698,-11.277893,-36.07183,21.011349,-21.229645,6.385236,-2.747895,2.6978357,4.1124187,-18.690697,20.94482,-18.732191,69.13694,-28.234838,3.205191,3.7680511,-21.900427,-17.709042,23.474829,58.279808,25.390282,14.1032095,-6.110659
58,-14.97657299041748,-1.243099570274353,77.17076873779297,0.9291544869282151,-14.452365305257825,-93.37396227090451,1.3233023,8.891432,17.09041,15.46597,-6.111458,-15.000033,17.319447,-11.065536,-35.368744,21.221529,-21.376745,6.230138,-2.756117,2.9748406,4.062836,-18.555063,20.926796,-18.78902,69.17639,-28.569914,2.763874,3.7789223,-22.005245,-17.700016,23.498737,58.285763,25.177078,14.027251,-6.172234
59,-15.086111068725586,-1.323812484741211,77.13714599609375,0.8917159865714942,-14.415835836146707,-94.15463126971656,0.9331258,8.613007,17.70946,15.394105,-6.1287436,-15.000033,17.035963,-10.828435,-34.66411,21.40006,-21.508354,6.0889373,-2.7491012,3.2465534,4.0218425,-18.431448,20.911478,-18.853767,69.19064,-28.893415,2.345679,3.7640889,-22.10285,-17.690378,23.526436,58.307102,24.989382,13.941925,-6.2230787
60,-15.20850944519043,-1.4103227853775024,77.10731506347656,0.8380830103413013,-14.395115322918617,-94.94266457556124,0.5643307,8.430814,18.429802,15.445461,-6.240418,-15.000033,16.806135,-10.546954,-33.96501,21.511192,-21.616417,5.969612,-2.7124958,3.5024524,3.9882138,-18.33371,20.900883,-18.865896,69.18679,-29.113947,2.0061798,3.696415,-22.173353,-17.68496,23.544369,58.31347,24.856503,13.84454,-6.258697
61,-15.331594467163086,-1.5013155937194824,77.07548522949219,0.7652579800276934,-14.39036369530324,-95.74520442941265,0.21203321,8.365547,19.279814,15.640528,-6.4761677,-15.000033,16.633165,-10.212584,-33.26748,21.543188,-21.697258,5.879672,-2.6424713,3.7503586,3.9659874,-18.246338,20.884558,-18.764746,69.13921,-29.161133,1.7712203,3.555942,-22.223522,-17.68355,23.564943,58.308426,24.791187,13.732228,-6.2800975
62,-15.4617919921875,-1.5998883247375488,77.03954315185547,0.6792726163257732,-14.401556660058073,-96.56350430622453,-0.11946255,8.406992,20.268744,15.963147,-6.814518,-15.000033,16.507706,-9.840983,-32.568398,21.517649,-21.756687,5.813387,-2.5715058,4.005456,3.9667985,-18.141933,20.861418,-18.540945,69.0269,-29.075853,1.6087818,3.3583734,-22.27827,-17.694351,23.617516,58.301147,24.779428,13.609322,-6.2863035
63,-15.601086616516113,-1.693483829498291,76.99053955078125,0.5873644095652725,-14.43189760000603,-97.38207647703665,-0.41522393,8.522074,21.32624,16.386904,-7.2119775,-15.000033,16.431967,-9.449662,-31.876656,21.453732,-21.803768,5.7580285,-2.4967196,4.2455487,3.9743652,-18.05027,20.8438,-18.308064,68.90655,-28.966331,1.481397,3.1485295,-22.305452,-17.714441,23.670998,58.269276,24.806189,13.483034,-6.284283
64,-15.745708465576172,-1.8148010969161987,76.95687103271484,0.4946443775097986,-14.48335699260065,-98.18541416145665,-0.65961456,8.676147,22.380955,16.881775,-7.6241155,-15.000033,16.408556,-9.053813,-31.201897,21.367388,-21.845814,5.7007318,-2.4537811,4.4686184,3.9813998,-17.96292,20.832499,-18.103014,68.80775,-28.906145,1.3518273,2.969262,-22.313593,-17.740696,23.738497,58.21337,24.861073,13.361524,-6.2823377
65,-15.898338317871094,-1.9397377967834473,76.92191314697266,0.4012856374733958,-14.565911754522057,-98.97036776564356,-0.8300718,8.871186,23.444782,17.430426,-8.033461,-15.000033,16.45756,-8.645788,-30.546486,21.240858,-21.87619,5.639242,-2.4488313,4.6773806,3.99312,-17.886177,20.83003,-17.948034,68.74023,-28.939186,1.2124683,2.8291678,-22.29833,-17.76982,23.822748,58.13083,24.948404,13.246763,-6.2847643
66,-16.050432205200195,-2.0683436393737793,76.8861083984375,0.3025850504941355,-14.676193610916465,-99.74590503788134,-0.9342153,9.123511,24.54579,18.04966,-8.467582,-15.000033,16.571499,-8.221982,-29.90328,21.07374,-21.894651,5.579464,-2.4661195,4.872917,4.012106,-17.816809,20.837015,-17.813852,68.68337,-29.015171,1.0831212,2.7058113,-22.26147,-17.80293,23.92029,58.025875,25.072449,13.134084,-6.2862954
67,-16.208980560302734,-2.204601526260376,76.85264587402344,0.20629314284845413,-14.795119834020909,-100.51383919653789,-1.0010197,9.417485,25.63551,18.75289,-8.945652,-15.000033,16.714788,-7.7988667,-29.269402,20.89738,-21.911945,5.5206842,-2.490491,5.0426993,4.022669,-17.758274,20.85182,-17.698849,68.64279,-29.084156,0.9674765,2.5966408,-22.200762,-17.834688,24.006775,57.90123,25.210552,13.021596,-6.280445
68,-16.371936798095703,-2.346942901611328,76.81446838378906,0.13276577026508793,-14.894429133387854,-101.25673642239154,-1.0637386,9.687805,26.657063,19.505863,-9.459369,-14.8674135,16.827534,-7.426881,-28.65952,20.787432,-21.960245,5.4697533,-2.528973,5.1593146,3.9997308,-17.705223,20.873043,-17.591528,68.61702,-29.093245,0.8691116,2.4994624,-22.12085,-17.863829,24.068296,57.76268,25.344711,12.907359,-6.261385
69,-16.539459228515625,-2.477952003479004,76.77466583251953,0.11840259397555553,-14.933278646990301,-101.92315511602244,-1.1505047,9.794436,27.586199,20.182745,-9.972439,-14.13861,16.834639,-7.1920495,-28.123634,20.848064,-22.085972,5.449065,-2.604139,5.1683836,3.8913817,-17.69619,20.888487,-17.514853,68.649635,-29.00163,0.79248106,2.427935,-22.015118,-17.878939,24.088596,57.630775,25.498838,12.766168,-6.2157216
70,-16.71038055419922,-2.633909225463867,76.73762512207031,0.10791176070098824,-14.955310881297864,-102.57083597049848,-1.2338665,9.922696,28.46404,20.935154,-10.555423,-13.370512,16.830805,-6.9682918,-27.609245,20.926952,-22.221067,5.432215,-2.6941228,5.145309,3.7528687,-17.691917,20.907333,-17.43425,68.69549,-28.83519,0.7366922,2.375542,-21.891747,-17.891247,24.100193,57.486694,25.680212,12.6102495,-6.1510143
71,-16.879060745239258,-2.8090617656707764,76.6982192993164,0.10308937952276687,-14.984236439650214,-103.21309337778156,-1.2952799,10.076297,29.281364,21.781202,-11.162642,-12.577221,16.836819,-6.7561517,-27.099857,21.025455,-22.368692,5.412615,-2.7979572,5.099523,3.612103,-17.664598,20.936438,-17.35417,68.727455,-28.672998,0.68785703,2.3242993,-21.758953,-17.898888,24.09236,57.322884,25.816113,12.483034,-6.0934644
72,-17.0461483001709,-2.9582197666168213,76.64300537109375,0.10793885043221406,-15.042671060137682,-103.86499727220291,-1.3154643,10.259469,30.030458,22.736576,-11.7452,-11.7711315,16.874165,-6.5551496,-26.57908,21.142437,-22.531069,5.3835797,-2.898427,5.045983,3.477415,-17.649809,20.94516,-17.318512,68.80815,-28.606432,0.620231,2.2555327,-21.636917,-17.89572,24.060425,57.171978,25.848797,12.422376,-6.0703015
73,-17.229459762573242,-3.140449047088623,76.60560607910156,0.12236197249490675,-15.141858371350452,-104.52758912239327,-1.290117,10.481173,30.702341,23.829632,-12.303361,-10.938526,16.95189,-6.368616,-26.04532,21.286278,-22.711758,5.3383837,-3.0230596,4.9839234,3.3822057,-17.598751,20.96384,-17.294695,68.86634,-28.650597,0.53694385,2.1737878,-21.50309,-17.88193,23.972124,56.976902,25.68845,12.464641,-6.09728
74,-17.412796020507812,-3.2792980670928955,76.54466247558594,0.14632266593031146,-15.268333573745911,-105.19489504102627,-1.2220362,10.737136,31.304392,25.028818,-12.852716,-10.075478,17.058422,-6.193639,-25.50593,21.453213,-22.907938,5.28166,-3.1353443,4.8606277,3.3051856,-17.541449,21.05114,-17.358477,68.90771,-28.803831,0.4564832,2.0805066,-21.366003,-17.799421,23.76854,56.78508,25.359112,12.574486,-6.1477733
75,-17.603775024414062,-3.451875686645508,76.49134063720703,0.17281954565336327,-15.407643740761849,-105.86953696942986,-1.1153227,11.020953,31.852472,26.284756,-13.371453,-9.209867,17.186913,-6.016831,-24.957533,21.618933,-23.10958,5.223822,-3.2697783,4.7326927,3.22573,-17.445578,21.131092,-17.366041,68.953064,-28.959682,0.37293488,1.9535068,-21.268946,-17.696087,23.606924,56.62434,25.026388,12.7052355,-6.20949
76,-17.791431427001953,-3.6439106464385986,76.43978881835938,0.19496276637589324,-15.54642095875133,-106.55357535322052,-0.9689103,11.318595,32.365078,27.535894,-13.83453,-8.370535,17.329597,-5.828795,-24.396963,21.763735,-23.308994,5.1755457,-3.3838575,4.6057634,3.1402814,-17.334946,21.175455,-17.265429,69.0172,-29.030798,0.2919038,1.7639172,-21.170238,-17.622019,23.485197,56.43978,24.79063,12.818613,-6.2461734
77,-17.984813690185547,-3.8492798805236816,76.38829803466797,0.21310275875642062,-15.689061316283752,-107.24993218752205,-0.7768784,11.633358,32.842968,28.79737,-14.233705,-7.5776486,17.49187,-5.628362,-23.821001,21.886522,-23.508432,5.14042,-3.4743223,4.450324,3.0516794,-17.195108,21.214527,-17.031534,69.08602,-28.992165,0.22207086,1.4675934,-21.082712,-17.542717,23.405254,56.25199,24.687775,12.894074,-6.2658806
78,-18.17721939086914,-4.069422721862793,76.33548736572266,0.23064326117326053,-15.840385183909751,-107.95683682383667,-0.5403632,11.967895,33.280468,30.086016,-14.577033,-6.811715,17.675209,-5.4210477,-23.231571,21.99879,-23.711824,5.112389,-3.5849552,4.2776456,2.9660869,-16.99047,21.259449,-16.659397,69.13213,-28.8816,0.15905581,1.0897816,-21.046495,-17.435894,23.391083,56.095978,24.662912,12.954376,-6.283921
79,-18.385406494140625,-4.268705368041992,76.28357696533203,0.24784097072653438,-15.987440068253713,-108.6702432567603,-0.271149,12.304228,33.688442,31.348856,-14.865064,-6.042508,17.8682,-5.2086024,-22.634222,22.09358,-23.91136,5.087557,-3.6649406,4.1079397,2.8739624,-16.791689,21.275652,-16.254948,69.19899,-28.744385,0.09346435,0.7066589,-20.983738,-17.365017,23.360676,55.893856,24.647507,13.026322,-6.2659044
80,-18.58224868774414,-4.428290367126465,76.21947479248047,0.260663831379059,-16.118132545198083,-109.38467825182703,0.018437812,12.62393,34.077995,32.534466,-15.099862,-5.239833,18.058142,-4.994345,-22.034807,22.167675,-24.101652,5.062232,-3.7778761,3.9599357,2.7703485,-16.536942,21.281267,-15.782766,69.23603,-28.59958,0.024229815,0.38635126,-20.97874,-17.283445,23.351433,55.727867,24.575521,13.1209755,-6.192371
81,-18.780847549438477,-4.635582447052002,76.16242980957031,0.2727953983837716,-16.230572965256126,-110.09543506831268,0.31938592,12.922205,34.429733,33.671795,-15.197433,-4.4189796,18.252335,-4.7786994,-21.4408,22.211319,-24.280325,5.034797,-3.933332,3.8269064,2.6442049,-16.215754,21.271261,-15.207753,69.24942,-28.434608,-0.04961675,0.13395226,-21.039183,-17.173996,23.356,55.611187,24.42637,13.24476,-6.027047
82,-18.978599548339844,-4.8514485359191895,76.10729217529297,0.2819132340405015,-16.33122882768971,-110.80633483487905,0.6382401,13.208675,34.749912,34.777187,-15.184132,-3.5873957,18.453714,-4.5614457,-20.846893,22.230398,-24.451252,5.007376,-4.09132,3.6973,2.500716,-15.86744,21.240587,-14.574892,69.26542,-28.252024,-0.12674928,-0.08257497,-21.117172,-17.063171,23.346243,55.49794,24.231316,13.390111,-5.7888255
83,-19.176483154296875,-5.092813491821289,76.06702423095703,0.2917667229679401,-16.41875465919373,-111.52553941263074,0.98534715,13.483068,35.08202,35.778214,-15.230315,-2.7076333,18.64371,-4.3463426,-20.239744,22.244963,-24.617773,4.982208,-4.2526965,3.5835707,2.3482754,-15.499805,21.193989,-13.949119,69.27763,-28.07993,-0.20774692,-0.24709971,-21.24247,-16.942411,23.348745,55.42643,24.005692,13.542046,-5.54804
84,-19.368925094604492,-5.3118696212768555,76.01911163330078,0.30263714830123833,-16.491451100911156,-112.26148998907456,1.3689411,13.744821,35.46515,36.607433,-15.51191,-1.7413063,18.804012,-4.137342,-19.606327,22.274601,-24.78285,4.9619956,-4.387524,3.489478,2.1966329,-15.152117,21.142021,-13.43824,69.29272,-27.960155,-0.29141718,-0.34392735,-21.400412,-16.818375,23.347149,55.391026,23.75705,13.689421,-5.3698797
85,-19.557466506958008,-5.534610748291016,75.97142791748047,0.30978240699033827,-16.537385181343364,-113.02222006275345,1.7602816,13.991802,35.85748,37.28321,-16.16358,-0.58392346,18.917429,-3.9220924,-18.934786,22.320051,-24.94408,4.948686,-4.494438,3.4285195,2.0407467,-14.826033,21.091087,-13.078971,69.30487,-27.902725,-0.38148683,-0.34078443,-21.593607,-16.689716,23.316471,55.386322,23.456379,13.836563,-5.2799535
86,-19.733312606811523,-5.760276794433594,75.9307632446289,0.31268904899836225,-16.562016601672113,-113.80036196923297,2.158374,14.217023,36.244354,37.835033,-17.069822,0.70825976,18.995821,-3.7054431,-18.235529,22.378187,-25.104189,4.941213,-4.5801463,3.3894842,1.8796532,-14.510241,21.04084,-12.8218565,69.31285,-27.890244,-0.47570372,-0.25657,-21.815372,-16.555305,23.259317,55.40299,23.107143,13.988115,-5.2389
87,-19.915578842163086,-5.977936267852783,75.88896942138672,0.3326524803186611,-16.58592019500417,-114.58280683106914,2.615218,14.415183,36.706917,38.214455,-18.035728,1.9300166,19.068506,-3.5153315,-17.529741,22.450882,-25.2672,4.937623,-4.6300063,3.339492,1.7340978,-14.214852,20.999012,-12.63689,69.31473,-27.921402,-0.5620723,-0.15539384,-22.030334,-16.451273,23.214642,55.41044,22.778008,14.137258,-5.21232
88,-20.097925186157227,-6.197403907775879,75.84226989746094,0.3877964412054526,-16.63089709388619,-115.35542156856062,3.1880848,14.585248,37.337696,38.37121,-18.866512,2.874502,19.161842,-3.3814852,-16.838612,22.546206,-25.440804,4.9359684,-4.6493683,3.248077,1.6125493,-13.944089,20.958893,-12.474102,69.326904,-27.985813,-0.633945,-0.09489735,-22.255241,-16.366156,23.241259,55.45314,22.529041,14.269407,-5.1745653
89,-20.27820587158203,-6.410993576049805,75.80744934082031,0.49774660287457273,-16.70708303921766,-116.11809062580465,3.9527676,14.711127,38.259525,38.18299,-19.51199,3.4472978,19.285707,-3.329822,-16.165207,22.676043,-25.631924,4.939411,-4.676139,3.1088634,1.5089673,-13.67207,20.900726,-12.302488,69.36325,-28.08935,-0.7062198,-0.06830283,-22.574505,-16.253595,23.425014,55.64314,22.389145,14.36896,-5.1431584
90,-20.449384689331055,-6.631927967071533,75.77671813964844,0.650645634613891,-16.799602650706046,-116.87713756628784,4.8612895,14.785673,39.399857,37.70534,-20.067932,3.7554836,19.422724,-3.3404565,-15.49992,22.835768,-25.836912,4.9481583,-4.650166,2.9215026,1.4372373,-13.435378,20.860617,-12.209725,69.399414,-28.255005,-0.768267,-0.06137805,-22.862505,-16.196213,23.651854,55.806763,22.32169,14.459227,-5.110085
91,-20.618106842041016,-6.858070373535156,75.75777435302734,0.8152344199460353,-16.892903110093012,-117.62817669959107,5.785493,14.834614,40.56004,37.162193,-20.558258,3.905146,19.560886,-3.3710828,-14.844231,23.00207,-26.043354,4.9553475,-4.6094093,2.7254648,1.3814801,-13.20885,20.817764,-12.101361,69.42692,-28.419302,-0.80658275,-0.08834745,-23.162268,-16.154348,23.91892,55.98996,22.298859,14.542324,-5.064535
92,-20.775146484375,-7.074573040008545,75.73017883300781,0.9620649374724081,-16.973184280455328,-118.36685309002594,6.597095,14.902107,41.537254,36.786175,-21.017485,4.0193114,19.68842,-3.3785865,-14.198917,23.152487,-26.239075,4.9536834,-4.540742,2.540312,1.3355446,-13.009025,20.776403,-11.953193,69.44264,-28.543205,-0.8009448,-0.1691753,-23.435772,-16.126293,24.148829,56.147785,22.278503,14.628608,-4.982669
93,-20.942129135131836,-7.277913570404053,75.7032241821289,1.082345662995256,-17.04343559119372,-119.10606938674783,7.2664475,15.020456,42.276756,36.6562,-21.462223,4.135734,19.801554,-3.3508117,-13.550117,23.291473,-26.425938,4.939916,-4.4662385,2.3882737,1.30634,-12.812157,20.72202,-11.702055,69.43411,-28.603374,-0.7404981,-0.32771346,-23.73058,-16.096186,24.388123,56.32102,22.281055,14.707777,-4.857564
94,-21.10898780822754,-7.483405113220215,75.67823028564453,1.1942454402480727,-17.109391368804005,-119.84356439689674,7.859571,15.170309,42.88738,36.64911,-21.871609,4.1991844,19.906982,-3.3104358,-12.901659,23.427273,-26.608541,4.9181433,-4.325731,2.2215083,1.2957542,-12.677317,20.685162,-11.469166,69.43614,-28.654274,-0.63300085,-0.54993093,-23.980291,-16.08446,24.567638,56.45718,22.294794,14.78274,-4.6909294
95,-21.26846694946289,-7.672692775726318,75.65006256103516,1.2971318160718215,-17.1593630414731,-120.55370248555641,8.389469,15.332875,43.408844,36.7062,-22.236166,4.2014155,20.007038,-3.2660992,-12.279835,23.54688,-26.780285,4.8921165,-4.2294335,2.083545,1.2849989,-12.495535,20.627283,-11.131522,69.390785,-28.650358,-0.5051963,-0.78714395,-24.269976,-16.067215,24.803976,56.633068,22.323362,14.864845,-4.51897
96,-21.450302124023438,-7.860276222229004,75.62715148925781,1.3953900039680396,-17.183001001597717,-121.20987260275538,8.869027,15.483771,43.88025,36.766953,-22.544773,4.1321883,20.10303,-3.2291555,-11.711483,23.638964,-26.935907,4.865781,-4.100545,1.9177196,1.243922,-12.362869,20.581726,-10.861957,69.36951,-28.641851,-0.37502405,-0.9928833,-24.48544,-16.055296,24.943485,56.775593,22.300123,14.973613,-4.3484516
97,-21.623807907104492,-8.063843727111816,75.60433959960938,1.4806208806683208,-17.172720835419817,-121.8020695101559,9.285625,15.637354,44.290543,36.846626,-22.784464,3.9660504,20.209936,-3.1887927,-11.208907,23.667784,-27.06256,4.834684,-3.9941313,1.7525668,1.1617782,-12.217686,20.528215,-10.574731,69.337776,-28.59939,-0.2418487,-1.1629499,-24.663221,-16.039053,25.02465,56.906742,22.201908,15.133631,-4.175127
98,-21.787322998046875,-8.292510032653809,75.59148406982422,1.5525285071932478,-17.13758457057939,-122.34414873956256,9.6365795,15.801287,44.6262,36.970028,-22.96507,3.7191365,20.321995,-3.144628,-10.755793,23.650545,-27.166998,4.7983866,-3.8795588,1.579273,1.0515307,-12.090433,20.475262,-10.297413,69.3106,-28.535463,-0.09644651,-1.319182,-24.792788,-16.020536,25.034145,57.01853,22.045666,15.329206,-3.9905708
99,-21.961652755737305,-8.50006103515625,75.58617401123047,1.6285146167511442,-17.085009908021522,-122.84904921509472,9.9514,15.942339,44.92277,37.084984,-23.10658,3.4414449,20.411633,-3.1178422,-10.336679,23.648523,-27.26973,4.7663255,-3.7512226,1.3887382,0.93207496,-11.995252,20.431131,-10.057213,69.29151,-28.461637,0.04815851,-1.4545021,-24.900127,-16.005348,25.036081,57.144833,21.911114,15.511505,-3.8247473
100,-22.12437629699707,-8.662300109863281,75.57623291015625,1.720872571496169,-17.023825952344527,-123.32874256403285,10.259523,16.026691,45.215645,37.13871,-23.229109,3.1821299,20.453627,-3.1281269,-9.935897,23.71868,-27.388855,4.74817,-3.6431782,1.1999543,0.8267123,-11.906082,20.372149,-9.804206,69.26028,-28.354532,0.17437403,-1.5579146,-25.061625,-15.984038,25.142395,57.35963,21.88137,15.631701,-3.7134848
101,-22.26698112487793,-8.84145736694336,75.5662612915039,1.8344350918616,-16.949319853948914,-123.79439572346992,10.55755,16.05652,45.51467,37.132298,-23.333437,2.9398818,20.434433,-3.1740303,-9.541602,23.868994,-27.52967,4.7442465,-3.5263216,1.0018834,0.72872406,-11.853032,20.315634,-9.601338,69.23756,-28.25414,0.27568692,-1.6238567,-25.269835,-15.960234,25.363504,57.67915,21.983807,15.672255,-3.6801624
102,-22.393756866455078,-9.021707534790039,75.55175018310547,1.9600816661986604,-16.85925375736857,-124.23655096398195,10.832978,16.04481,45.800686,37.087357,-23.410414,2.6937683,20.371826,-3.2458794,-9.164662,24.066986,-27.680052,4.750623,-3.4200435,0.80214554,0.6310662,-11.810923,20.256527,-9.409549,69.20894,-28.143574,0.36076912,-1.6582289,-25.523634,-15.924851,25.678982,58.091137,22.17885,15.659286,-3.7048285
103,-22.539918899536133,-9.194275856018066,75.55277252197266,2.0991088040889485,-16.76446266196106,-124.63748818163519,11.101063,15.971983,46.064537,36.98114,-23.466112,2.4622998,20.279694,-3.3541245,-8.824158,24.323044,-27.840118,4.7708454,-3.2849383,0.56247246,0.54727525,-11.820781,20.224009,-9.280407,69.18925,-28.017239,0.44808835,-1.676327,-25.727253,-15.906592,25.965883,58.472073,22.422174,15.616393,-3.7392192
104,-22.67061424255371,-9.369316101074219,75.54200744628906,2.2545455019302625,-16.675689930121763,-124.97929665649195,11.37778,15.819756,46.297512,36.78931,-23.505075,2.2640975,20.176638,-3.506661,-8.539134,24.637604,-28.004103,4.808433,-3.17088,0.29957315,0.48266026,-11.837906,20.191101,-9.132072,69.15721,-27.824955,0.5458976,-1.6858578,-25.896036,-15.897611,26.238007,58.806416,22.701176,15.559725,-3.7547038
105,-22.779619216918945,-9.542712211608887,75.53483581542969,2.420453054043361,-16.59204151334509,-125.2546194726753,11.659665,15.587527,46.496807,36.51142,-23.537497,2.106213,20.065536,-3.7010355,-8.312563,25.004322,-28.178286,4.8579082,-3.0921798,0.025127966,0.4355795,-11.85917,20.143063,-8.942171,69.1081,-27.52353,0.6580213,-1.6664186,-26.032846,-15.900879,26.513985,59.091434,23.025202,15.4830475,-3.7514222
106,-22.879955291748047,-9.729175567626953,75.53028106689453,2.5995408142186567,-16.508176748598192,-125.47449060204865,11.940771,15.283927,46.666622,36.15672,-23.557297,1.9782135,19.938377,-3.9336133,-8.134864,25.422615,-28.361967,4.9200807,-3.017719,-0.26692793,0.40199378,-11.914323,20.084675,-8.756259,69.06434,-27.14589,0.77697647,-1.6186738,-26.129303,-15.922998,26.779236,59.33861,23.394518,15.381328,-3.7419822
107,-22.971548080444336,-9.904075622558594,75.53292846679688,2.7987629158196214,-16.431696354274056,-125.64702834348202,12.231836,14.904886,46.806854,35.71674,-23.544144,1.8725497,19.798048,-4.211599,-8.006042,25.900642,-28.539038,5.008665,-2.9520674,-0.56327873,0.38536552,-11.977526,19.998484,-8.556238,69.02223,-26.745817,0.8914223,-1.5802529,-26.203354,-15.975242,27.048317,59.557827,23.80705,15.274146,-3.7205508
108,-23.07158851623535,-10.07604694366455,75.54090881347656,3.0269470431817465,-16.368563904358858,-125.78145493009923,12.544053,14.445214,46.917503,35.183506,-23.478302,1.7815094,19.64749,-4.5436597,-7.9263916,26.447657,-28.696144,5.137576,-2.8615804,-0.8954782,0.38734573,-12.063562,19.915665,-8.396758,69.00135,-26.406275,0.9960729,-1.5934024,-26.241404,-16.0461,27.259905,59.747486,24.233675,15.179299,-3.6743958
109,-23.17045783996582,-10.24299430847168,75.55358123779297,3.2947428319385748,-16.322153331860097,-125.87946434642767,12.884946,13.891758,47.0019,34.547398,-23.355068,1.7132691,19.499468,-4.938689,-7.9064183,27.04698,-28.837826,5.3211293,-2.7540493,-1.2857794,0.41240925,-12.159777,19.8626,-8.26963,68.99292,-26.145653,1.0917462,-1.6994746,-26.262001,-16.106897,27.410536,59.923096,24.70387,15.094721,-3.5912974
110,-23.258359909057617,-10.413248062133789,75.57640075683594,3.593628516314683,-16.28868467393024,-125.93675991181495,13.248701,13.250183,47.05777,33.810635,-23.182737,1.6686138,19.351427,-5.389363,-7.9421735,27.695683,-28.968006,5.5492425,-2.6514957,-1.7075267,0.45921242,-12.2518215,19.814133,-8.136851,68.98198,-25.915255,1.1798508,-1.8662306,-26.274261,-16.174702,27.546684,60.084152,25.228422,15.013793,-3.481973
111,-23.335098266601562,-10.581900596618652,75.60198211669922,3.9084513114578714,-16.26411738027652,-125.95304201628223,13.626883,12.543473,47.076397,32.983273,-22.95999,1.6284928,19.177046,-5.8802967,-8.011582,28.435932,-29.06997,5.7996173,-2.5556247,-2.1240668,0.5247536,-12.331764,19.741405,-7.9912844,68.95695,-25.69913,1.2615315,-2.0317848,-26.258018,-16.286833,27.68413,60.206024,25.744211,14.94646,-3.3696501
112,-23.41132926940918,-10.74514102935791,75.6293716430664,4.22498085399621,-16.24314858708588,-125.9281968658685,14.011201,11.793673,47.049515,32.076332,-22.685968,1.5736264,18.948027,-6.397448,-8.092203,29.314573,-29.129812,6.0507774,-2.4319372,-2.5416145,0.59343386,-12.439973,19.652416,-7.9056926,68.95186,-25.51295,1.3403045,-2.1323333,-26.188192,-16.42717,27.767265,60.302876,26.15714,14.89432,-3.275539
113,-23.48529624938965,-10.91489315032959,75.66863250732422,4.551056525348004,-16.221130306263827,-125.86281642563806,14.403596,10.984515,46.97523,31.065413,-22.346214,1.498353,18.658321,-6.9492984,-8.196542,30.341694,-29.15602,6.296302,-2.2961862,-2.9827652,0.65206903,-12.553799,19.574722,-7.878039,68.95695,-25.387789,1.408256,-2.1538455,-26.09617,-16.538292,27.795115,60.43216,26.42467,14.848031,-3.2205153
114,-23.54443359375,-11.0838041305542,75.70931243896484,4.887400724187798,-16.203258264229355,-125.75636678546009,14.811862,10.108735,46.856853,29.946447,-21.942049,1.4127599,18.324821,-7.538734,-8.329174,31.490486,-29.151167,6.5498314,-2.1826704,-3.4673796,0.704505,-12.636145,19.54556,-7.867976,68.94189,-25.318216,1.4749395,-2.1381538,-26.027529,-16.57073,27.794954,60.633354,26.589924,14.800072,-3.1909482
115,-23.608556747436523,-11.2461576461792,75.74832916259766,5.219608729248259,-16.19622471573231,-125.60874768432497,15.236627,9.204433,46.694923,28.759462,-21.495834,1.3221275,17.957329,-8.137485,-8.45554,32.740253,-29.085535,6.8216977,-2.0395138,-3.9158547,0.767261,-12.768472,19.44719,-7.897884,68.97305,-25.230047,1.5446525,-2.075802,-25.913176,-16.666304,27.767826,60.804893,26.717373,14.770799,-3.1569414
116,-23.68427276611328,-11.413436889648438,75.79547119140625,5.534268715266971,-16.20931025887881,-125.41847223484396,15.677837,8.30527,46.49009,27.545696,-21.031181,1.2325982,17.561659,-8.722757,-8.542761,34.082222,-28.936651,7.124898,-1.9200388,-4.3701754,0.84592,-12.897134,19.38462,-7.932574,68.99333,-25.095434,1.6628577,-2.0071838,-25.828993,-16.721912,27.741417,61.02172,26.8415,14.752679,-3.0921822
117,-23.749034881591797,-11.581578254699707,75.8433837890625,5.827345352024904,-16.249174162646273,-125.18138888126849,16.15445,7.4054513,46.24489,26.280956,-20.535778,1.1320949,17.141485,-9.286106,-8.59609,35.531044,-28.701853,7.439037,-1.8318577,-4.8207817,0.942929,-13.0162115,19.349468,-7.9549193,68.9899,-24.870304,1.8503093,-1.9290842,-25.772743,-16.746864,27.713497,61.27811,26.959213,14.751772,-2.9924128
118,-23.808181762695312,-11.74368953704834,75.88591766357422,6.10399559002373,-16.310432178793743,-124.89907892560234,16.664574,6.4924097,45.95714,24.947367,-20.002918,1.023217,16.694838,-9.832194,-8.630074,37.081078,-28.391565,7.773602,-1.7390932,-5.254935,1.0520377,-13.16389,19.296669,-8.003674,69.00531,-24.587416,2.0792446,-1.822344,-25.709124,-16.774857,27.653559,61.551674,27.044985,14.767956,-2.870431
119,-23.862306594848633,-11.90003776550293,75.9263687133789,6.362755984831991,-16.381359469374,-124.58039191460247,17.16884,5.599774,45.620876,23.619017,-19.4671,0.93366843,16.21973,-10.352271,-8.626424,38.689,-28.003149,8.186598,-1.6380894,-5.6749134,1.1725854,-13.344753,19.236477,-8.086835,69.056854,-24.307873,2.3165178,-1.7022445,-25.650038,-16.803457,27.600641,61.842865,27.140223,14.793301,-2.7270079
120,-23.9140682220459,-12.056051254272461,75.97086334228516,6.6014943855552355,-16.45228384743399,-124.2326737247411,17.625948,4.7619333,45.231304,22.376078,-18.967152,0.89011127,15.712383,-10.839618,-8.565168,40.31617,-27.537416,8.733879,-1.5424458,-6.088647,1.3095182,-13.532632,19.199724,-8.189395,69.12507,-24.091352,2.5354066,-1.5903312,-25.614643,-16.824673,27.602009,62.14599,27.284191,14.821403,-2.5619447
121,-23.968107223510742,-12.185579299926758,76.00458526611328,6.818812002966624,-16.525668329182256,-123.85212463060708,18.023691,3.9855394,44.770004,21.242447,-18.514713,0.9173394,15.151711,-11.282891,-8.421605,42.006035,-26.97916,9.409545,-1.4648207,-6.497728,1.4785819,-13.718608,19.193632,-8.28921,69.20503,-23.93683,2.7167835,-1.4936104,-25.627207,-16.834385,27.668139,62.471905,27.485886,14.8886795,-2.3512053
122,-24.008575439453125,-12.311579704284668,76.02779388427734,7.014944980177226,-16.605816385475816,-123.43646059154155,18.383915,3.2568383,44.247623,20.183832,-18.093042,0.99457633,14.544983,-11.680355,-8.210979,43.76466,-26.342484,10.200488,-1.3462651,-6.9013586,1.6466804,-14.00291,19.192133,-8.527841,69.40937,-23.886711,2.8715484,-1.3909283,-25.621084,-16.862457,27.785826,62.806606,27.774244,14.980653,-2.115791
123,-24.086538314819336,-12.428908348083496,76.05650329589844,7.192275123866561,-16.684873256156745,-122.99581245297802,18.710135,2.584772,43.702534,19.207983,-17.704494,1.0802264,13.926645,-12.040912,-7.9719086,45.50698,-25.6775,11.143392,-1.2327511,-7.2940946,1.8372155,-14.261961,19.205406,-8.738108,69.570305,-23.841837,3.0404875,-1.2893329,-25.617231,-16.89153,27.904871,63.12035,28.05117,15.035566,-1.8764954
124,-24.13153839111328,-12.536372184753418,76.0644760131836,7.349954820269693,-16.75485066184398,-122.54019255313811,19.01016,1.9715478,43.17359,18.306307,-17.343681,1.1332026,13.329928,-12.382153,-7.74073,47.154037,-25.035368,12.266348,-1.1295516,-7.6652927,2.035534,-14.465616,19.217476,-8.881581,69.64658,-23.775045,3.2516973,-1.1805942,-25.61526,-16.906586,28.006512,63.419937,28.273285,14.977699,-1.6712344
125,-24.174224853515625,-12.642581939697266,76.0713119506836,7.489052195321479,-16.820009505277238,-122.05754772245128,19.286562,1.4198978,42.66232,17.481333,-17.010574,1.1362715,12.760976,-12.713365,-7.5189195,48.71624,-24.391989,13.641567,-0.99249226,-8.033724,2.2236052,-14.694901,19.246166,-9.104863,69.702255,-23.75206,3.5613108,-1.0615007,-25.52839,-16.938902,28.104422,63.674046,28.510984,14.75849,-1.5276713
126,-24.23089027404785,-12.738372802734375,76.07393646240234,7.572666088607099,-16.878729627841867,-121.56200650193615,19.496824,1.0123272,42.170624,16.846933,-16.760777,1.1018069,12.189963,-12.952197,-7.2891884,50.22316,-23.73041,15.000033,-0.8490311,-8.346998,2.4282131,-14.893419,19.2715,-9.281724,69.68693,-23.7024,3.936701,-0.9351269,-25.432045,-16.966228,28.19143,63.92002,28.720015,14.429597,-1.4121808
127,-24.330013275146484,-12.805665969848633,76.08069610595703,7.4319408981610176,-16.89572660768856,-121.15811850742654,19.455757,1.156271,41.801815,16.923462,-16.839333,0.98117006,11.570351,-12.769283,-7.1180067,51.566616,-23.049955,15.000033,-0.6239087,-8.412728,2.6246784,-15.028847,19.284113,-9.386746,69.617714,-23.655571,4.270274,-0.7977985,-25.36627,-16.978037,28.260927,64.14838,28.860126,14.051189,-1.3057286
128,-24.420122146606445,-12.871302604675293,76.07881164550781,7.298390361326901,-16.889402284270414,-120.77669760873182,19.374374,1.3118818,41.450798,17.046366,-16.937347,0.8745514,10.9379015,-12.63427,-6.9970593,52.839367,-22.520493,15.000033,-0.34900668,-8.482191,2.7919526,-15.147188,19.311787,-9.538012,69.589676,-23.725973,4.4600286,-0.6539318,-25.289497,-17.004833,28.302168,64.28543,28.944366,13.686268,-1.1925762
129,-24.51769256591797,-12.932718276977539,76.07940673828125,7.173332638001464,-16.848513736855267,-120.44041638747737,19.22987,1.5000073,41.135544,17.256615,-17.07376,0.77386975,10.283986,-12.503183,-6.8791523,54.03081,-22.131884,15.000033,-0.06678782,-8.523216,2.950888,-15.164227,19.32555,-9.574582,69.53787,-23.847118,4.4581003,-0.4939602,-25.296982,-17.016912,28.30201,64.37015,28.893816,13.330121,-1.033316
130,-24.612899780273438,-12.981508255004883,76.0763931274414,7.045328418294758,-16.778428133296416,-120.13467726489692,19.022781,1.7371786,40.850483,17.564497,-17.250027,0.6702477,9.607774,-12.372327,-6.7700195,55.157444,-21.845266,15.000033,0.2446004,-8.541211,3.086602,-15.149974,19.331873,-9.592407,69.51398,-24.055017,4.3278093,-0.31789646,-25.328936,-17.020884,28.284554,64.3998,28.77581,12.949886,-0.8595432
131,-24.708017349243164,-13.030428886413574,76.06996154785156,6.91793631196717,-16.692550540527048,-119.8127210188971,18.786993,1.9726264,40.55225,17.88741,-17.434399,0.58963823,8.926271,-12.330064,-6.7259345,56.205204,-21.677904,15.000033,0.5847871,-8.566302,3.2111354,-15.095832,19.343586,-9.606933,69.445274,-24.280725,4.126932,-0.14512724,-25.370396,-17.024769,28.184896,64.39455,28.564503,12.591282,-0.70285404
132,-24.786653518676758,-13.088281631469727,76.06624603271484,6.82690636986685,-16.63088661189797,-119.44323979300333,18.639507,2.0798225,40.20785,18.004862,-17.527973,0.56001306,8.288752,-12.490314,-6.77395,57.152386,-21.646082,15.000033,0.88303703,-8.62687,3.3203504,-14.991937,19.344313,-9.550836,69.33291,-24.445301,3.9048316,0.0019329024,-25.396315,-17.023607,28.121859,64.3474,28.339449,12.3003645,-0.65295964
133,-24.874286651611328,-13.175185203552246,76.08120727539062,6.783832738654237,-16.594565367998698,-119.0152930097963,18.603209,2.0180628,39.818775,17.8597,-17.512419,0.59916264,7.693615,-12.895157,-6.8983927,58.00673,-21.808468,15.000033,1.1419554,-8.74413,3.4413133,-14.760398,19.337511,-9.352195,69.0573,-24.48206,3.6594615,0.11506171,-25.420517,-17.016523,28.01342,64.23824,27.994606,12.10832,-0.7452732
134,-24.94700050354004,-13.259373664855957,76.09564208984375,6.779183132450185,-16.571653871471153,-118.54657893419905,18.633823,1.843795,39.39775,17.550081,-17.425379,0.68944734,7.1332493,-13.481845,-7.0639486,58.760715,-22.128391,15.000033,1.2947462,-8.871233,3.5639145,-14.357836,19.307583,-8.916339,68.61829,-24.393076,3.367637,0.19834115,-25.529032,-16.979555,27.970747,64.12333,27.56785,11.984719,-0.9442369
135,-25.02180290222168,-13.34886360168457,76.11616516113281,6.781121699709069,-16.554463155816023,-118.03858845193176,18.686592,1.6258026,38.926537,17.16624,-17.300625,0.8052446,6.6101904,-14.179038,-7.2778916,59.373875,-22.47738,15.000033,1.4392898,-9.014623,3.6600459,-13.967772,19.270992,-8.516163,68.19639,-24.326101,3.0635016,0.28071567,-25.628284,-16.933228,27.92987,64.0188,27.165354,11.88711,-1.1556355
136,-25.098995208740234,-13.443465232849121,76.14675903320312,6.762091813708025,-16.53573628879005,-117.49354622995486,18.712515,1.4367748,38.387714,16.811203,-17.17735,0.9212473,6.127769,-14.9149685,-7.5540733,59.806553,-22.726469,15.000033,1.5630175,-9.142773,3.7407172,-13.615098,19.236034,-8.172776,67.79556,-24.300076,2.7914054,0.3736054,-25.723803,-16.885843,27.883657,63.954132,26.847511,11.78372,-1.2726285
137,-25.184579849243164,-13.537330627441406,76.18704223632812,6.710653171395628,-16.519176919732054,-116.91017876768264,18.7123,1.287327,37.763393,16.491835,-17.05773,1.0405535,5.701314,-15.684818,-7.9209256,60.031494,-22.84683,15.000033,1.6623371,-9.247243,3.8071096,-13.295152,19.206676,-7.898858,67.40146,-24.341475,2.5641634,0.4809457,-25.818651,-16.84034,27.836725,63.944523,26.634953,11.659076,-1.2596672
138,-25.27388572692871,-13.627272605895996,76.22874450683594,6.643631035493915,-16.5067263367543,-116.28665364715617,18.706017,1.1437497,37.065712,16.167025,-16.92678,1.1737727,5.3276644,-16.521477,-8.369599,60.078094,-22.910267,15.000033,1.7586393,-9.350295,3.8641438,-13.006486,19.188627,-7.6973886,67.01131,-24.436823,2.3604677,0.5929837,-25.87951,-16.812664,27.764156,63.93183,26.486563,11.535942,-1.171054
139,-25.3638858795166,-13.707624435424805,76.27324676513672,6.570958685464553,-16.488098479399298,-115.62701092880076,18.67888,1.0076857,36.325207,15.853749,-16.7908,1.3066697,4.981433,-17.40557,-8.859031,59.987423,-22.934658,15.000033,1.806997,-9.446354,3.9130874,-12.713314,19.166441,-7.4645734,66.613716,-24.503633,2.1695938,0.7028816,-25.961552,-16.774172,27.702183,63.942234,26.383299,11.430697,-1.0442457
140,-25.461959838867188,-13.805543899536133,76.32323455810547,6.502298089049844,-16.45272418487454,-114.93517409260286,18.614008,0.88113636,35.572838,15.572607,-16.658457,1.4248555,4.6332808,-18.316566,-9.346614,59.802086,-22.937378,15.000033,1.8393457,-9.551181,3.9450672,-12.467032,19.146128,-7.2570715,66.27619,-24.537317,1.9796398,0.8099873,-26.032972,-16.736364,27.64433,63.944317,26.33769,11.359447,-0.91808164
141,-25.555980682373047,-13.888819694519043,76.36858367919922,6.43430976153939,-16.39145139231189,-114.20581934477012,18.502985,0.7636572,34.809937,15.3153305,-16.520658,1.5224533,4.2681994,-19.25622,-9.839306,59.522133,-22.918447,15.000033,1.8616474,-9.670677,3.9536138,-12.28785,19.128508,-7.072959,66.02695,-24.523659,1.7713952,0.9052906,-26.07253,-16.707853,27.553314,63.907364,26.363047,11.3356285,-0.7712077
142,-25.65888786315918,-13.963784217834473,76.40696716308594,6.3633648188813,-16.312104466163202,-113.43862038488491,18.350277,0.66037005,34.021812,15.09244,-16.385555,1.607099,3.9059138,-20.228933,-10.362,59.130405,-22.87515,15.000033,1.8600869,-9.794413,3.9439943,-12.149219,19.108673,-6.893867,65.83005,-24.471756,1.556062,0.9936028,-26.100863,-16.680912,27.441603,63.85793,26.448143,11.347824,-0.5931574
143,-25.770225524902344,-14.044623374938965,76.4431381225586,6.297354226825014,-16.23032618237448,-112.64592120260626,18.179253,0.5638576,33.21635,14.901167,-16.25971,1.685439,3.567775,-21.223566,-10.895899,58.642094,-22.817095,15.000033,1.8577244,-9.923517,3.9326472,-12.0649805,19.09703,-6.77729,65.681435,-24.422142,1.3682613,1.0908284,-26.100555,-16.66954,27.35777,63.793335,26.573643,11.378444,-0.43898633
144,-25.89126205444336,-14.132104873657227,76.48150634765625,6.239939181939115,-16.16284602582906,-111.83930113084872,18.003523,0.47301516,32.402107,14.761864,-16.161873,1.7639565,3.2732573,-22.229794,-11.419591,58.072376,-22.752998,15.000033,1.8503708,-10.051702,3.9484236,-11.9999075,19.088776,-6.7004223,65.52,-24.364893,1.2457347,1.2130127,-26.103642,-16.664669,27.338228,63.74844,26.678488,11.410558,-0.35549808
145,-26.007949829101562,-14.212992668151855,76.51132202148438,6.1904357935007095,-16.117201050287818,-111.01412644554098,17.831444,0.38649714,31.573826,14.672171,-16.093771,1.8424731,3.0297499,-23.253473,-11.945106,57.42159,-22.674494,15.000033,1.8039583,-10.1688795,3.997307,-11.917394,19.084478,-6.632913,65.301094,-24.266296,1.2134978,1.3833425,-26.138266,-16.668985,27.474806,63.736008,26.777313,11.449072,-0.3838861
146,-26.127647399902344,-14.294486999511719,76.53909301757812,6.145372571770733,-16.083944866590176,-110.16756148585618,17.65142,0.30644298,30.731045,14.630022,-16.049498,1.9172776,2.825275,-24.295935,-12.483633,56.684486,-22.583094,15.000033,1.733044,-10.281213,4.059355,-11.850175,19.08976,-6.604695,65.07518,-24.156912,1.2486359,1.5869981,-26.173647,-16.688017,27.736382,63.73211,26.90951,11.497885,-0.49276146
147,-26.241966247558594,-14.373950958251953,76.55926513671875,6.107830215376479,-16.051381123956567,-109.31377069268943,17.455776,0.23242132,29.888237,14.6326685,-16.024813,1.9902924,2.648928,-25.330229,-13.013778,55.861557,-22.497068,15.000033,1.6719052,-10.394979,4.131692,-11.821012,19.10225,-6.6252513,64.88202,-24.079191,1.3093064,1.7744783,-26.190275,-16.7105,27.982029,63.72961,27.02471,11.545084,-0.6167487
148,-26.369125366210938,-14.446083068847656,76.57283782958984,6.079150287417059,-16.008609923564244,-108.46732184567101,17.234087,0.16549584,29.061378,14.681974,-16.018148,2.0632625,2.4895298,-26.333246,-13.510597,54.94965,-22.432915,15.000033,1.6227139,-10.502795,4.2064996,-11.814805,19.117647,-6.658835,64.72762,-24.068249,1.3593419,1.89349,-26.186829,-16.729368,28.13103,63.727013,27.097933,11.57576,-0.6933016
149,-26.511577606201172,-14.498732566833496,76.58113861083984,5.978811144366874,-15.92404566719772,-107.68616608958226,16.872492,0.27565232,28.312057,15.007122,-16.143864,2.1141596,2.2820387,-27.132282,-13.987717,53.905056,-22.38012,14.491123,1.599563,-10.507741,4.2501707,-11.780241,19.14657,-6.68936,64.58009,-24.191599,1.3868227,1.904516,-26.153347,-16.752098,28.224154,63.69929,27.172432,11.58065,-0.702368
150,-26.667940139770508,-14.569046020507812,76.59632873535156,5.892341317783407,-15.832139786645882,-106.90929700067062,16.494425,0.37321535,27.57238,15.350708,-16.276499,2.1728475,2.0810125,-27.901577,-14.419032,52.761383,-22.350056,14.024584,1.5786381,-10.506392,4.298279,-11.772239,19.157253,-6.717131,64.475784,-24.367445,1.4063473,1.8528544,-26.122765,-16.756413,28.230076,63.704113,27.186607,11.5678215,-0.6698548
151,-26.809770584106445,-14.65339183807373,76.60558319091797,5.81567365944602,-15.734623000049806,-106.12525582524579,16.094778,0.46933177,26.836784,15.726169,-16.417994,2.2197175,1.9014306,-28.645185,-14.830394,51.54669,-22.312914,13.583965,1.5970347,-10.540485,4.351753,-11.806313,19.239233,-6.85161,64.39674,-24.612455,1.4510319,1.7736647,-26.012686,-16.781914,28.159992,63.63635,27.198977,11.558283,-0.6396249
152,-26.94285774230957,-14.730341911315918,76.60345458984375,5.747558445653589,-15.641051969999564,-105.33556557009845,15.700656,0.554246,26.1109,16.095701,-16.546001,2.2351813,1.7573934,-29.374971,-15.235763,50.294033,-22.242521,13.107663,1.6144196,-10.576375,4.4129853,-11.864011,19.316532,-6.9739385,64.33514,-24.784353,1.5276986,1.726684,-25.921986,-16.79925,28.09245,63.579063,27.213047,11.566496,-0.6620287
153,-27.089834213256836,-14.803483009338379,76.59761047363281,5.694057186206395,-15.546850197296676,-104.53988201898397,15.304018,0.6270012,25.39699,16.468351,-16.664087,2.2193322,1.6424013,-30.087955,-15.622419,48.980125,-22.151373,12.6164665,1.632425,-10.612479,4.4680805,-11.951296,19.383217,-7.1103396,64.31083,-24.886633,1.633442,1.7282428,-25.85182,-16.806555,28.03793,63.540966,27.238413,11.598622,-0.7776067
154,-27.247255325317383,-14.871179580688477,76.58455657958984,5.654283778376034,-15.451746649526505,-103.739262001058,14.901824,0.6873551,24.69335,16.84869,-16.777243,2.180835,1.550104,-30.782806,-15.984991,47.60083,-22.048077,12.132351,1.6494712,-10.646386,4.5190926,-12.063053,19.438732,-7.2584367,64.32085,-24.951893,1.7604129,1.7518003,-25.794268,-16.805193,27.982727,63.519226,27.268677,11.644388,-0.95336866
155,-27.40690040588379,-14.943056106567383,76.5692367553711,5.616402901361497,-15.363694862922703,-102.93069990319198,14.503704,0.7491869,23.994612,17.234121,-16.884855,2.1112561,1.4917619,-31.462032,-16.361029,46.22138,-21.90774,11.5911255,1.6768844,-10.681644,4.5760803,-12.200545,19.499874,-7.419711,64.34487,-24.982864,1.9171871,1.789064,-25.737383,-16.800407,27.920687,63.50758,27.302446,11.693323,-1.1289992
156,-27.572980880737305,-15.01734447479248,76.5576171875,5.5644975372298315,-15.290353835423282,-102.11096455527282,14.117863,0.8279465,23.294926,17.625542,-16.988493,2.0021138,1.4795115,-32.126842,-16.790915,44.908234,-21.708714,10.927142,1.703107,-10.700812,4.645153,-12.342817,19.555607,-7.556219,64.351105,-24.96456,2.1084213,1.835607,-25.691694,-16.79803,27.881031,63.51462,27.346357,11.736615,-1.2489527
157,-27.73889923095703,-15.096031188964844,76.5426254272461,5.496752684444988,-15.237603090632533,-101.27958608596714,13.753514,0.92586315,22.596884,18.02281,-17.089676,1.8415574,1.5283704,-32.788303,-17.28408,43.6458,-21.476841,10.098375,1.7193993,-10.692629,4.735443,-12.473828,19.592579,-7.631366,64.31374,-24.838066,2.3705697,1.9079638,-25.682112,-16.80055,27.886494,63.561615,27.399372,11.767551,-1.2893666
158,-27.909622192382812,-15.175130844116211,76.52188110351562,5.4218983973380945,-15.200118522994678,-100.43870581127483,13.40429,1.0343555,21.90302,18.425522,-17.189121,1.6369789,1.6204665,-33.444817,-17.8198,42.424927,-21.228397,9.148516,1.7613269,-10.68802,4.841256,-12.664061,19.6384,-7.7283998,64.30863,-24.659687,2.68962,1.9998744,-25.643154,-16.81375,27.89094,63.58841,27.463614,11.794355,-1.2892007
159,-28.073209762573242,-15.248356819152832,76.49991607666016,5.33536753480485,-15.168007102626493,-99.5864433963234,13.056782,1.1550783,21.204454,18.83136,-17.28213,1.4081981,1.7285452,-34.076633,-18.401836,41.312195,-20.924362,8.136508,1.7835907,-10.652226,4.947555,-12.823979,19.65789,-7.782207,64.26944,-24.46858,2.9913347,2.0834937,-25.638866,-16.823801,27.918621,63.658268,27.535955,11.821634,-1.2639295
160,-28.24896240234375,-15.332442283630371,76.48664093017578,5.233333726004808,-15.131044143835604,-98.72120578873827,12.698235,1.2865939,20.493078,19.234798,-17.367598,1.1756201,1.8255893,-34.670193,-19.031828,40.372944,-20.5216,7.117152,1.8068607,-10.603641,5.0412784,-12.982684,19.691622,-7.8778853,64.23228,-24.397251,3.2077706,2.1195476,-25.609177,-16.848043,27.94347,63.714302,27.642883,11.856084,-1.235835
161,-28.426244735717773,-15.416794776916504,76.46981811523438,5.117400654567465,-15.089467672909707,-97.84607966095196,12.333013,1.4288461,19.77085,19.632328,-17.435816,0.93965757,1.9201419,-35.271347,-19.773571,39.633625,-20.066515,5.98392,1.8321096,-10.537136,5.1256456,-13.120488,19.730724,-8.00784,64.18962,-24.506481,3.2959673,2.0764122,-25.555988,-16.883509,27.954638,63.757072,27.771166,11.917013,-1.1928792
162,-28.595966339111328,-15.504852294921875,76.45471954345703,4.9875223729376055,-15.047336856530645,-96.95957432572648,11.966252,1.5807759,19.039968,20.024475,-17.49105,0.6912407,2.0230563,-35.877834,-20.612377,39.06302,-19.575418,4.740098,1.8639677,-10.453727,5.208004,-13.25022,19.774878,-8.1661215,64.140434,-24.734312,3.3025312,1.9789975,-25.485447,-16.934204,27.954023,63.79218,27.917162,11.995437,-1.1259576
163,-28.777881622314453,-15.591594696044922,76.44134521484375,4.846779708016073,-15.000137006877877,-96.05699680529345,11.5820465,1.7412907,18.2926,20.42578,-17.547607,0.43605644,2.1147048,-36.414356,-21.425531,38.630962,-18.940346,3.5969222,1.8642981,-10.35038,5.2730455,-13.361634,19.798714,-8.289107,64.071526,-24.930817,3.2826498,1.8928641,-25.44322,-16.965784,27.973413,63.871887,28.08289,12.054407,-1.0756137
164,-28.9670467376709,-15.682488441467285,76.43083953857422,4.696509140832806,-14.943291728877867,-95.13361470637581,11.167056,1.9068865,17.521423,20.845114,-17.617308,0.17941253,2.1746855,-36.809547,-22.081404,38.300156,-18.03174,2.7604985,1.8665473,-10.25612,5.3337784,-13.505461,19.8296,-8.4211035,63.984005,-24.998142,3.3010592,1.8731936,-25.343985,-17.019075,27.962793,63.889072,28.275702,12.06991,-1.0712665
165,-29.15918731689453,-15.765560150146484,76.41893768310547,4.531821598016985,-14.86451496949406,-94.17838414792699,10.695838,2.0834408,16.715416,21.301094,-17.712214,-0.074897505,2.1479895,-37.023186,-22.457642,38.070267,-16.60374,2.2547095,1.82515,-10.155902,5.3722725,-13.645262,19.84601,-8.494096,63.83468,-24.83543,3.3737922,1.9597874,-25.25816,-17.05693,27.970215,63.92993,28.505486,12.025077,-1.1430472
166,-29.353273391723633,-15.849126815795898,76.40739440917969,4.3548050472387,-14.769278754152445,-93.19680141166128,10.184499,2.2670577,15.880971,21.780924,-17.822178,-0.33119124,2.0634136,-37.1109,-22.64158,37.9485,-14.771277,1.965625,1.7796216,-10.05412,5.4070253,-13.803364,19.865723,-8.566104,63.642475,-24.545649,3.4723911,2.1085274,-25.117273,-17.133305,27.960741,63.906155,28.772635,11.945808,-1.2613916
167,-29.553678512573242,-15.928633689880371,76.39061737060547,4.180542578284292,-14.680546406638596,-92.20776357491515,9.680162,2.4412558,15.035683,22.251514,-17.92786,-0.5959567,2.0319428,-37.13453,-22.811213,37.89563,-12.932248,1.8980843,1.700613,-9.95057,5.431382,-13.949706,19.871752,-8.594231,63.45395,-24.208292,3.5729318,2.2711267,-25.00664,-17.1707,27.95456,63.924263,29.03748,11.828512,-1.3886553
168,-29.76270866394043,-16.01210594177246,76.36853790283203,4.023465254568331,-14.622183842074433,-91.22932036138369,9.228265,2.5923598,14.1975155,22.683554,-18.01182,-0.8751337,2.171414,-37.152718,-23.149612,37.864994,-11.489169,2.0597923,1.6390072,-9.853272,5.4843073,-14.1154175,19.876028,-8.628371,63.312298,-23.936726,3.6598687,2.3872085,-24.826174,-17.254576,27.889277,63.832104,29.27716,11.70093,-1.4728761
169,-29.972219467163086,-16.093435287475586,76.33921813964844,3.8731768900615253,-14.611726640313911,-90.25218273861636,8.840777,2.7350383,13.360413,23.0879,-18.077953,-1.172833,2.534073,-37.125824,-23.655874,37.830433,-10.477017,2.6107728,1.5510113,-9.756408,5.5610356,-14.270229,19.871468,-8.606129,63.225487,-23.722816,3.722719,2.4415195,-24.647444,-17.301405,27.780102,63.72912,29.470957,11.532363,-1.5157117
170,-30.183135986328125,-16.17062759399414,76.29579162597656,3.7242577616101453,-14.63254896441609,-89.27096565160133,8.492572,2.8722024,12.519005,23.475666,-18.133537,-1.4848082,3.0518854,-37.036503,-24.239096,37.815178,-9.696638,3.4995153,1.459651,-9.660634,5.6613374,-14.438039,19.8593,-8.559028,63.17786,-23.526546,3.773243,2.463762,-24.429552,-17.352953,27.613117,63.56992,29.634624,11.32881,-1.5335664
171,-30.416521072387695,-16.2669677734375,76.28491973876953,3.6032871449768957,-14.65855353267512,-88.30943720805908,8.170626,2.973885,11.692115,23.825222,-18.170511,-1.8041444,3.6641712,-36.979134,-24.958923,37.852753,-9.201172,4.417011,1.37598,-9.580577,5.752039,-14.614612,19.844744,-8.534279,63.16629,-23.376783,3.818586,2.4755504,-24.207348,-17.409266,27.436684,63.397934,29.790798,11.129316,-1.5249478
172,-30.649084091186523,-16.372236251831055,76.26578521728516,3.5393688292540095,-14.665523121424492,-87.39160784163886,7.862552,3.0105548,10.898565,24.115198,-18.179834,-2.1237204,4.3216505,-37.0501,-25.886929,37.967525,-9.04349,5.054521,1.3105686,-9.534321,5.8010864,-14.794734,19.838907,-8.580646,63.185707,-23.304943,3.8667517,2.4971805,-24.014921,-17.466248,27.300535,63.255238,29.964926,10.97095,-1.488449
173,-30.88623046875,-16.462982177734375,76.2093276977539,3.560952608148911,-14.62962615036103,-86.5248063925626,7.5329385,2.9538176,10.143197,24.354708,-18.15904,-2.443956,5.0282845,-37.324245,-27.13377,38.22222,-9.372805,5.3045325,1.2840382,-9.552958,5.784141,-15.000139,19.854462,-8.7437315,63.253525,-23.346096,3.9178467,2.531777,-23.836102,-17.541527,27.201677,63.123417,30.162756,10.868151,-1.4014453
174,-31.13775634765625,-16.558177947998047,76.14667510986328,3.644258731176546,-14.571834581139067,-85.69639132657635,7.1979313,2.8294442,9.41735,24.553982,-18.113962,-2.767579,5.822809,-37.72848,-28.645971,38.580276,-10.119746,5.3484864,1.2721092,-9.6224575,5.722486,-15.208177,19.896648,-8.974468,63.34968,-23.477844,3.971196,2.5650487,-23.673723,-17.61745,27.133997,62.997597,30.377026,10.79843,-1.2731729
175,-31.390594482421875,-16.657285690307617,76.09607696533203,3.7447447055794747,-14.534932739412424,-84.90156473449403,6.9199233,2.6913176,8.718241,24.698883,-18.051765,-3.0908387,6.698656,-38.139057,-30.242826,38.925873,-11.005476,5.3096933,1.265281,-9.697293,5.6657157,-15.39544,19.959305,-9.231699,63.440903,-23.650448,4.0329075,2.5934443,-23.52584,-17.69026,27.075314,62.876335,30.590979,10.751381,-1.1427566
176,-31.62905502319336,-16.769664764404297,76.06424713134766,3.8133801746813476,-14.560346801427064,-84.13396062002678,6.761266,2.5923314,8.041591,24.773407,-17.978788,-3.4092803,7.636939,-38.435944,-31.739697,39.141117,-11.745393,5.3040404,1.235931,-9.71837,5.652593,-15.530082,20.011902,-9.451241,63.501877,-23.80397,4.104066,2.619877,-23.425661,-17.735605,27.033657,62.803963,30.79383,10.711611,-1.0540931
177,-31.857755661010742,-16.890466690063477,76.04344177246094,3.826922979859614,-14.680415749456557,-83.38224421614352,6.7709985,2.5514565,7.374548,24.75393,-17.888807,-3.7216508,8.662862,-38.585953,-33.13007,39.192875,-12.267753,5.3149676,1.2050995,-9.674582,5.7247686,-15.622069,20.073246,-9.675154,63.52296,-23.97458,4.1825523,2.6317604,-23.326927,-17.783125,26.968508,62.727634,31.001486,10.671174,-1.0237507
178,-32.0819091796875,-17.018171310424805,76.02679443359375,3.8115218105783564,-14.865523693352383,-82.65180158252466,6.904443,2.5418801,6.7217264,24.655703,-17.780874,-4.029041,9.768135,-38.644913,-34.49463,39.14095,-12.721483,5.2938833,1.1671184,-9.586316,5.8479614,-15.673968,20.136814,-9.899277,63.517403,-24.167213,4.2663226,2.634824,-23.244423,-17.828793,26.90438,62.661045,31.214563,10.637955,-1.0290691
179,-32.32065200805664,-17.139883041381836,76.0091323852539,3.797393343858954,-15.063402665351934,-81.96123849688234,7.0849733,2.5457263,6.104935,24.518343,-17.668892,-4.3304915,10.878655,-38.637783,-35.779358,39.00229,-13.146855,5.3036304,1.1218461,-9.477312,5.971188,-15.704266,20.183731,-10.09317,63.51252,-24.31892,4.364712,2.6503434,-23.20227,-17.857357,26.861132,62.63346,31.395031,10.631221,-1.0416408
180,-32.55690002441406,-17.284706115722656,75.99645233154297,3.812421108036322,-15.221574550403128,-81.32945885740381,7.2363553,2.542314,5.5465074,24.379211,-17.56523,-4.6254296,11.920276,-38.599625,-36.93005,38.79867,-13.585741,5.408403,1.1166869,-9.39958,6.0630913,-15.766209,20.240522,-10.300062,63.53542,-24.402552,4.495245,2.6910691,-23.143219,-17.885376,26.786022,62.580334,31.492573,10.678281,-1.0247985
181,-32.810340881347656,-17.430950164794922,75.97972869873047,3.8758929255927437,-15.333292915257397,-80.76550412363599,7.354473,2.5189779,5.061985,24.23488,-17.473106,-4.9109354,12.8827505,-38.552258,-37.92947,38.530506,-14.062226,5.603144,1.1400083,-9.35547,6.109719,-15.844158,20.286198,-10.457426,63.582466,-24.364307,4.674271,2.743102,-23.100761,-17.89904,26.701214,62.52716,31.460896,10.807871,-0.9929527
182,-33.05493927001953,-17.570648193359375,75.95309448242188,3.967608564465344,-15.424471710356407,-80.25756378289927,7.473971,2.489219,4.63618,24.06997,-17.385551,-5.187933,13.799339,-38.479202,-38.80754,38.189323,-14.551029,5.8586974,1.1627185,-9.312313,6.1279964,-15.906181,20.307943,-10.547768,63.634384,-24.227903,4.8877587,2.8052425,-23.098219,-17.898731,26.64199,62.498154,31.344378,10.998419,-0.9588328
183,-33.30244445800781,-17.70725440979004,75.92449951171875,4.068182702497211,-15.492945816884715,-79.79672431751607,7.5765176,2.4700413,4.245703,23.904066,-17.299223,-5.462031,14.665085,-38.360825,-39.583023,37.779476,-15.01721,6.2056017,1.2427284,-9.297747,6.129887,-16.031754,20.358776,-10.740491,63.739624,-24.096157,5.107444,2.9128225,-23.05568,-17.887318,26.511414,62.452835,31.197723,11.196382,-0.88048434
184,-33.55009078979492,-17.829605102539062,75.888916015625,4.1500546241090435,-15.535778082927644,-79.37304033558932,7.6390514,2.4823475,3.8668413,23.76705,-17.21646,-5.739171,15.474213,-38.169846,-40.27401,37.300407,-15.422694,6.6757503,1.275801,-9.243718,6.1066732,-16.11901,20.403276,-10.935243,63.827774,-23.969954,5.297407,3.1015475,-23.049227,-17.870972,26.44713,62.4511,31.138298,11.346995,-0.7341672
185,-33.80210876464844,-17.962425231933594,75.86360931396484,4.219924972590661,-15.541076364833126,-78.99222051854504,7.647381,2.5226405,3.499477,23.65864,-17.133993,-6.020213,16.213442,-37.897793,-40.84588,36.720787,-15.751247,7.3179207,1.2974252,-9.170057,6.051732,-16.203014,20.464273,-11.220427,63.913383,-23.87762,5.452992,3.4233189,-23.04771,-17.846392,26.403137,62.4873,31.170324,11.420374,-0.4958473
186,-34.06809997558594,-18.095983505249023,75.84117889404297,4.284847657293952,-15.513110871014222,-78.6565702163776,7.615528,2.5823946,3.154272,23.566511,-17.052252,-6.3023458,16.88776,-37.565147,-41.30159,36.051228,-16.02189,8.102864,1.3134729,-9.08755,5.969053,-16.28294,20.542818,-11.563654,63.995453,-23.79393,5.592465,3.8430321,-23.051922,-17.81355,26.372068,62.548145,31.249884,11.451779,-0.18663035
187,-34.339599609375,-18.224267959594727,75.80795288085938,4.335259520333374,-15.47469808064456,-78.35343743584946,7.566713,2.6719909,2.824057,23.493336,-16.974337,-6.585878,17.522976,-37.186817,-41.715473,35.344494,-16.248112,8.948676,1.315404,-8.992503,5.879088,-16.365751,20.635166,-11.919371,64.09627,-23.727737,5.7177157,4.2701507,-23.059248,-17.774727,26.35636,62.609997,31.3746,11.482858,0.16232663
188,-34.615570068359375,-18.352935791015625,75.77387237548828,4.35864233150643,-15.447671392947273,-78.06963865576931,7.523989,2.8022835,2.5018067,23.442297,-16.90382,-6.8709526,18.140924,-36.779675,-42.157494,34.661144,-16.443415,9.773845,1.283876,-8.859786,5.7993393,-16.453964,20.705688,-12.216196,64.24502,-23.671087,5.8252544,4.6183763,-23.076473,-17.747896,26.379517,62.655746,31.546392,11.556493,0.5172855
189,-34.892005920410156,-18.485836029052734,75.74198150634766,4.357396419650035,-15.42887124490006,-77.80446611893139,7.4710407,2.9702373,2.1842294,23.437223,-16.855097,-7.1457343,18.760624,-36.337402,-42.66176,33.959755,-16.578838,10.6553545,1.245391,-8.719774,5.7311745,-16.57862,20.784634,-12.496297,64.46784,-23.664766,5.9106364,4.8567595,-23.083101,-17.723507,26.406023,62.66998,31.765285,11.685447,0.905465
190,-35.17695617675781,-18.616941452026367,75.71410369873047,4.33566171035436,-15.408737126444874,-77.5637885796636,7.4011116,3.172615,1.8754961,23.471579,-16.823301,-7.414043,19.364994,-35.851723,-43.183197,33.225147,-16.65184,11.6054125,1.1680738,-8.536466,5.66953,-16.697037,20.828161,-12.693038,64.724724,-23.64843,5.9708424,5.03731,-23.115221,-17.715313,26.471815,62.67942,32.026787,11.851573,1.3318237
191,-35.456085205078125,-18.7332820892334,75.68732452392578,4.286373994461046,-15.400831592198239,-77.34592776873872,7.357763,3.4149704,1.5800266,23.487032,-16.772469,-7.699875,19.91971,-35.346207,-43.671593,32.56563,-16.72894,12.444199,1.1128553,-8.359278,5.6112685,-16.865595,20.914766,-12.985391,65.04512,-23.696661,6.0297356,5.184695,-23.092943,-17.70317,26.522554,62.64617,32.334244,12.034045,1.7342309
192,-35.74341583251953,-18.86427879333496,75.67202758789062,4.203355144414812,-15.420248745074687,-77.14980688301252,7.3817334,3.7081006,1.3015356,23.434143,-16.672033,-8.027426,20.39169,-34.843746,-44.07633,32.093464,-16.884865,12.989467,1.0238901,-8.1289425,5.58039,-17.008331,20.980988,-13.224039,65.35133,-23.686039,6.0999804,5.3264084,-23.071192,-17.696325,26.583439,62.59579,32.641937,12.2259245,2.0562594
193,-36.02644729614258,-19.00186538696289,75.66719818115234,4.077971564408428,-15.480833038284187,-76.98524704278793,7.507593,4.056576,1.0469364,23.283709,-16.500248,-8.41337,20.75568,-34.36173,-44.36106,31.887564,-17.166546,13.133942,0.95002836,-7.875163,5.5829797,-17.15312,21.085642,-13.5201845,65.6562,-23.65916,6.202446,5.480679,-22.990644,-17.687155,26.632494,62.48274,32.998768,12.421207,2.2812195
194,-36.319820404052734,-19.134071350097656,75.66978454589844,3.915568332559903,-15.572042915925914,-76.84918832318711,7.7024775,4.4574723,0.81164026,23.074373,-16.281103,-8.841529,21.033482,-33.88375,-44.557278,31.876966,-17.53117,12.991487,0.83979094,-7.5438623,5.60278,-17.278492,21.131117,-13.750713,65.98044,-23.562695,6.311859,5.6424603,-22.928537,-17.685287,26.736008,62.37894,33.40167,12.626501,2.4343379
195,-36.616363525390625,-19.25863265991211,75.67755889892578,3.7248215708897843,-15.669470120835133,-76.72000881842331,7.9142056,4.9008207,0.5834235,22.83722,-16.041235,-9.28637,21.261524,-33.38617,-44.719048,31.948133,-17.922125,12.712199,0.7224576,-7.201704,5.629263,-17.439882,21.182022,-14.017816,66.3478,-23.492577,6.4108977,5.7662263,-22.837278,-17.682634,26.803839,62.255913,33.771458,12.839707,2.5340729
196,-36.914817810058594,-19.38482093811035,75.69406127929688,3.5152475619737724,-15.74907593324317,-76.57564214781266,8.089369,5.3784776,0.34955335,22.608826,-15.811359,-9.722403,21.478943,-32.847645,-44.90129,31.986471,-18.28353,12.447428,0.55330116,-6.852121,5.654391,-17.618725,21.221643,-14.246282,66.73948,-23.44467,6.4731417,5.8130307,-22.76493,-17.675425,26.823565,62.154648,34.02015,13.061732,2.5971994
197,-37.22671127319336,-19.491214752197266,75.70677185058594,3.282835815280628,-15.795748096808506,-76.40966489597398,8.207619,5.8948045,0.107181564,22.39181,-15.595963,-10.146237,21.669828,-32.266922,-45.111305,31.996006,-18.605179,12.203578,0.36154988,-6.521844,5.667688,-17.859737,21.282606,-14.517382,67.19045,-23.466923,6.480206,5.76911,-22.677744,-17.646656,26.721727,62.06122,34.086807,13.300183,2.6134048
198,-37.558868408203125,-19.599449157714844,75.71886444091797,3.023379626673937,-15.82481270871009,-76.23374753838475,8.298938,6.4527497,-0.13805741,22.17225,-15.382668,-10.57036,21.823946,-31.656006,-45.32204,32.02541,-18.914515,11.911865,0.11412405,-6.1765037,5.677601,-18.107555,21.340609,-14.75225,67.664825,-23.50613,6.44779,5.6560597,-22.61707,-17.596554,26.577147,61.998943,34.03334,13.551456,2.5773587
199,-37.90760803222656,-19.717470169067383,75.73810577392578,2.7491132513909897,-15.857510786427126,-76.05467388446398,8.391647,7.040139,-0.3850571,21.948702,-15.170394,-10.992894,21.986868,-31.006342,-45.538307,32.02409,-19.214169,11.611481,-0.17847191,-5.8236103,5.6966004,-18.355759,21.386211,-14.947566,68.14883,-23.55555,6.4094834,5.486548,-22.57053,-17.54419,26.433037,61.953167,33.94362,13.795778,2.520446
200,-38.275394439697266,-19.833454132080078,75.75430297851562,2.474194884856309,-15.914558272014443,-75.87819816826965,8.510588,7.64212,-0.6323977,21.72506,-14.960177,-11.412021,22.204208,-30.312477,-45.76532,31.943083,-19.507875,11.341646,-0.46285334,-5.5231495,5.73613,-18.644901,21.459755,-15.191533,68.656235,-23.64791,6.405716,5.270049,-22.5134,-17.45197,26.248549,61.932396,33.8644,14.006583,2.478761
201,-38.65670394897461,-19.93535804748535,75.76715087890625,2.206201346397626,-16.002238008655045,-75.70245362224182,8.676858,8.249014,-0.8796563,21.47054,-14.736998,-11.831585,22.492128,-29.581667,-46.01056,31.772717,-19.8016,11.106494,-0.78374636,-5.272369,5.803493,-18.924168,21.561636,-15.402921,69.13854,-23.763243,6.4548492,4.9799066,-22.471579,-17.326445,26.070972,61.943405,33.82559,14.174699,2.459708
202,-39.03679275512695,-20.059694290161133,75.77581787109375,1.9374290948905635,-16.109623268056183,-75.52558528538701,8.872019,8.870928,-1.127139,21.195967,-14.507092,-12.2510195,22.825123,-28.814371,-46.267937,31.53692,-20.091515,10.887488,-1.1433744,-5.0518923,5.893216,-19.198574,21.680996,-15.581488,69.60559,-23.897835,6.5351806,4.619541,-22.438488,-17.183811,25.891018,61.969948,33.793434,14.315994,2.446216
203,-39.41953659057617,-20.185819625854492,75.7804183959961,1.650499089679696,-16.229726951624663,-75.35228270154774,9.06576,9.523794,-1.3733943,20.95562,-14.295828,-12.662256,23.186438,-27.989439,-46.520233,31.228449,-20.361597,10.689499,-1.5260658,-4.8401365,5.9976263,-19.47055,21.81575,-15.766816,70.06792,-24.053915,6.624734,4.239776,-22.416643,-17.028227,25.732178,62.011112,33.766293,14.4436655,2.4275928
204,-39.812129974365234,-20.31401824951172,75.7818832397461,1.3268079736369411,-16.35535696398069,-75.18728448194805,9.228525,10.223718,-1.617048,20.800272,-14.12591,-13.057476,23.560732,-27.088987,-46.751183,30.842352,-20.596497,10.517457,-1.9223711,-4.6096096,6.1097608,-19.733482,21.958038,-15.983588,70.5297,-24.22655,6.701094,3.8917093,-22.411152,-16.869234,25.628067,62.06385,33.746483,14.571954,2.3927767
205,-40.208580017089844,-20.44281005859375,75.77840423583984,0.9569433024152648,-16.499614468654812,-75.0188080052652,9.366937,10.980919,-1.8700314,20.733292,-13.999499,-13.4432335,23.97769,-26.089642,-46.972042,30.350872,-20.788128,10.381637,-2.338342,-4.354585,6.242762,-20.002512,22.103916,-16.245745,71.0122,-24.42892,6.7628884,3.5677595,-22.411484,-16.713661,25.587803,62.12163,33.721355,14.710713,2.3512287
206,-40.60773468017578,-20.561382293701172,75.77241516113281,0.5518452304732747,-16.660923511911236,-74.84875039320873,9.49179,11.784962,-2.1289947,20.725735,-13.901949,-13.82126,24.43747,-25.00549,-47.184803,29.757624,-20.941671,10.277305,-2.772419,-4.0870905,6.3964057,-20.280909,22.252178,-16.541815,71.51087,-24.659178,6.820113,3.248406,-22.411432,-16.563488,25.589794,62.179684,33.694214,14.851737,2.3049376
207,-41.01210021972656,-20.68112564086914,75.75755310058594,0.12316272783911479,-16.809724593992836,-74.70070935090165,9.577973,12.621437,-2.3715043,20.784395,-13.833395,-14.176811,24.880901,-23.871572,-47.361027,29.103209,-21.061342,10.186698,-3.2034745,-3.8035085,6.544735,-20.543009,22.39679,-16.85304,71.99003,-24.885723,6.8663216,2.9671052,-22.421719,-16.421764,25.62243,62.23603,33.69339,14.981947,2.2318091
208,-41.41279220581055,-20.804903030395508,75.74368286132812,-0.3114882495689906,-16.91802031446313,-74.60023214195161,9.598825,13.475901,-2.5758517,20.919336,-13.794287,-14.49491,25.247643,-22.72456,-47.47432,28.434607,-21.155071,10.09066,-3.606609,-3.490353,6.6617117,-20.770117,22.516869,-17.157537,72.42347,-25.071218,6.8920074,2.7596738,-22.444794,-16.30594,25.675951,62.278248,33.75147,15.089729,2.1095095
209,-41.80464553833008,-20.929508209228516,75.7295150756836,-0.7721295292601117,-16.982617913421393,-74.54216666050812,9.547585,14.362241,-2.7751195,21.128828,-13.791932,-14.781491,25.539633,-21.539852,-47.52826,27.735302,-21.21464,9.989995,-3.9856825,-3.1307733,6.7453628,-20.974268,22.609253,-17.478188,72.82548,-25.195356,6.9008803,2.643895,-22.487318,-16.220964,25.767593,62.309086,33.922474,15.166614,1.9167589
210,-42.19743728637695,-21.041582107543945,75.71412658691406,-1.250427785263889,-17.01764682637495,-74.51806823779283,9.440011,15.27032,-2.9702687,21.398895,-13.817439,-15.000033,25.78622,-20.31941,-47.53681,26.99361,-21.239784,9.8940935,-4.346729,-2.7596235,6.8049,-21.158243,22.710909,-17.836702,73.198204,-25.294926,6.899382,2.5946038,-22.554182,-16.128067,25.883686,62.352642,34.16756,15.215149,1.6709301
211,-42.58513641357422,-21.153989791870117,75.69602966308594,-1.6777420956265698,-17.020107269976766,-74.540724162414,9.293623,16.109308,-3.0936358,21.700687,-13.836638,-15.000033,25.960215,-19.187363,-47.499218,26.311321,-21.270283,9.80448,-4.683093,-2.4126225,6.835463,-21.293093,22.787983,-18.157055,73.51295,-25.385895,6.869094,2.5931017,-22.624763,-16.057444,25.999708,62.38028,34.393158,15.25314,1.4057091
212,-42.966041564941406,-21.263256072998047,75.68122863769531,-2.0646801412121936,-16.987295115704423,-74.6365277168302,9.1036825,16.941387,-3.066303,22.069654,-13.860611,-15.000033,26.047588,-18.123564,-47.39479,25.686815,-21.308235,9.696031,-4.970942,-2.0531785,6.84076,-21.350668,22.822315,-18.371252,73.73337,-25.487484,6.7951083,2.6184833,-22.677208,-16.02493,26.068018,62.36407,34.490383,15.299413,1.1581758
213,-43.34540939331055,-21.369354248046875,75.66443634033203,-2.4085685533509524,-16.90328917849962,-74.81668761468543,8.863729,17.76751,-2.8826153,22.49285,-13.897343,-15.000033,26.015078,-17.143873,-47.216164,25.152569,-21.365732,9.568333,-5.170748,-1.743259,6.7832575,-21.35399,22.88734,-18.596085,73.871704,-25.691908,6.6706376,2.6880457,-22.723204,-15.933261,26.022089,62.37621,34.40924,15.343684,0.9225929
214,-43.72056579589844,-21.477256774902344,75.65423583984375,-2.730376421419227,-16.77565382171556,-75.06913463437597,8.573406,18.602749,-2.5785713,22.978611,-13.952399,-15.000033,25.883245,-16.213285,-46.973587,24.676064,-21.42992,9.424523,-5.3428516,-1.413221,6.6901813,-21.25722,22.930597,-18.708439,73.89754,-25.89964,6.4985294,2.8097656,-22.794329,-15.842504,25.94486,62.397415,34.213066,15.389744,0.68628454
215,-44.08154296875,-21.57927131652832,75.64515686035156,-3.017022140018808,-16.63794295545383,-75.37745252110312,8.260087,19.438498,-2.1424828,23.546923,-14.0020275,-15.000033,25.710743,-15.335603,-46.685246,24.23336,-21.495255,9.261192,-5.476643,-1.1028157,6.5753217,-21.116238,22.96458,-18.775646,73.87769,-26.120728,6.3112507,2.9227793,-22.863417,-15.74865,25.852533,62.40909,33.9534,15.426794,0.4646176
216,-44.44180679321289,-21.68170166015625,75.6402587890625,-3.260690185942701,-16.523107118088472,-75.72599003124927,7.950958,20.267736,-1.5622592,24.21877,-14.023544,-15.000033,25.55445,-14.508771,-46.366722,23.798027,-21.55565,9.074923,-5.5785747,-0.8344665,6.463648,-20.95995,22.995352,-18.8188,73.84852,-26.344479,6.1414776,2.9662795,-22.909924,-15.666211,25.776834,62.381294,33.68147,15.4456215,0.27625218
217,-44.800559997558594,-21.788406372070312,75.64295959472656,-3.4465092909593196,-16.4313287066867,-76.12525710541793,7.65757,21.081896,-0.81174946,24.99445,-13.996011,-15.000033,25.403893,-13.758222,-46.00727,23.397781,-21.623627,8.858465,-5.637269,-0.622072,6.3523107,-20.777735,23.025507,-18.840578,73.80041,-26.582336,5.9928412,2.9168694,-22.918987,-15.603175,25.717773,62.295624,33.382168,15.423193,0.13599397
218,-45.158748626708984,-21.884559631347656,75.64945983886719,-3.5822223392192174,-16.348780701242003,-76.57904328019684,7.3725586,21.890804,0.09464522,25.86444,-13.937928,-15.000033,25.236835,-13.078372,-45.6035,23.042618,-21.701538,8.615947,-5.6623836,-0.46857196,6.230134,-20.544367,23.081234,-18.833063,73.70315,-26.844688,5.8548107,2.805869,-22.92819,-15.512349,25.657434,62.203083,33.02814,15.366354,0.02993131
219,-45.50968551635742,-21.9935245513916,75.66728210449219,-3.641010997584406,-16.284050260947758,-77.04525387559403,7.0984354,22.610708,1.1083729,26.805477,-13.867841,-14.705639,25.079256,-12.520951,-45.200645,22.754726,-21.797369,8.379037,-5.691788,-0.39888272,6.111549,-20.284578,23.151932,-18.781034,73.57641,-27.093922,5.7316065,2.6587534,-22.94071,-15.41702,25.617392,62.095943,32.677715,15.321295,-0.06432691
220,-45.86094665527344,-22.10588264465332,75.69090270996094,-3.681765845898142,-16.24760505842267,-77.50326723754927,6.824257,23.319897,2.1820707,27.841488,-13.836905,-14.210938,24.984776,-11.977041,-44.81385,22.416739,-21.861721,8.151566,-5.7269535,-0.35311562,6.0150647,-20.049707,23.213453,-18.691977,73.46733,-27.293335,5.625772,2.5035348,-22.950363,-15.342185,25.59715,61.96421,32.382698,15.337134,-0.1677584
221,-46.18415069580078,-22.222761154174805,75.7239761352539,-3.7015541568786574,-16.24924342639837,-77.94452332475744,6.5570807,24.035574,3.337419,28.986122,-13.821299,-13.538265,24.972307,-11.446617,-44.45163,22.018225,-21.891962,7.929623,-5.792483,-0.3532138,5.9512076,-19.808174,23.295094,-18.520489,73.34962,-27.433027,5.555402,2.319602,-22.989496,-15.249196,25.601519,61.833473,32.1514,15.436361,-0.27288336
222,-46.5247917175293,-22.323766708374023,75.75167083740234,-3.692373274423919,-16.28072114329991,-78.38592998998875,6.3021684,24.76035,4.5906887,30.234339,-13.823495,-12.707396,25.016737,-10.944169,-44.097347,21.586239,-21.899921,7.70722,-5.858885,-0.39073214,5.9088264,-19.575434,23.371809,-18.29631,73.23842,-27.532167,5.509392,2.105178,-23.026365,-15.164866,25.616364,61.675484,31.95966,15.593139,-0.3711694
223,-46.85469436645508,-22.431575775146484,75.7824935913086,-3.6696034721881463,-16.324126454133257,-78.83278136089486,6.059845,25.480387,5.8876357,31.541784,-13.90976,-11.71404,25.096601,-10.454356,-43.742325,21.115965,-21.8798,7.4966283,-5.9220114,-0.43874833,5.8692737,-19.368406,23.435057,-18.075294,73.14616,-27.60134,5.4603753,1.9040003,-23.061422,-15.097942,25.65963,61.512722,31.799671,15.768053,-0.4878622
224,-47.166324615478516,-22.54903221130371,75.8191909790039,-3.6442767552106314,-16.361760469806566,-79.29152746239454,5.829441,26.172886,7.174199,32.861214,-14.141196,-10.561197,25.190798,-9.96347,-43.378254,20.602402,-21.825922,7.31056,-5.97944,-0.47329938,5.813961,-19.200861,23.481098,-17.911459,73.08075,-27.650988,5.3819623,1.7588995,-23.097958,-15.051373,25.750038,61.370483,31.664522,15.920861,-0.64865613
225,-47.465782165527344,-22.672279357910156,75.8569564819336,-3.6134954020704764,-16.394113504808736,-79.75982210991762,5.5757403,26.907162,8.583156,34.32326,-14.593117,-8.995329,25.30377,-9.472577,-43.007645,20.034801,-21.729551,7.152681,-6.0586705,-0.5021241,5.742568,-19.033209,23.531746,-17.76303,72.990395,-27.656685,5.2788553,1.6847897,-23.176802,-15.001656,25.924328,61.302994,31.558836,16.048573,-0.85629517
226,-47.75481033325195,-22.799549102783203,75.8973159790039,-3.5731781923000225,-16.428567538316734,-80.23594444718584,5.3237143,27.668116,10.093595,35.897247,-15.223668,-7.101584,25.443914,-8.988358,-42.6327,19.4185,-21.596537,7.0161223,-6.1151724,-0.53638035,5.660674,-18.923973,23.561666,-17.671915,72.93211,-27.631643,5.157894,1.6612632,-23.249247,-14.972435,26.120543,61.256744,31.477243,16.172544,-1.0954125
227,-48.044471740722656,-22.920534133911133,75.9291763305664,-3.531046408178334,-16.45816795991968,-80.72552154491311,5.134212,28.285755,11.415672,37.312218,-15.886056,-5.4034486,25.59554,-8.508941,-42.247272,18.774889,-21.442106,6.8981366,-6.137382,-0.56684417,5.574837,-18.883436,23.572702,-17.660543,72.93525,-27.602081,5.0086374,1.6655811,-23.290354,-14.963676,26.28116,61.177788,31.378168,16.282736,-1.3665954
228,-48.31684112548828,-23.049345016479492,75.95325469970703,-3.495342861061807,-16.47509807678948,-81.23476393621918,5.037974,28.581404,12.259888,38.311543,-16.410376,-4.431539,25.739052,-8.035177,-41.843887,18.134737,-21.286999,6.796288,-6.298858,-0.5406865,5.4602423,-18.705082,23.612867,-17.573498,72.90411,-27.611485,4.824307,1.6674544,-23.411665,-14.931944,26.687956,61.12566,31.37871,16.345724,-1.7156205
229,-48.58203125,-23.19075584411621,75.97357940673828,-3.472940621426891,-16.47289093393576,-81.76649387925305,5.0385528,28.478045,12.51675,38.788662,-16.750998,-4.4536114,25.869383,-7.5604963,-41.42161,17.494537,-21.129913,6.7177052,-6.409533,-0.49844718,5.3326344,-18.62177,23.641603,-17.64446,72.98992,-27.680553,4.580592,1.6865969,-23.468653,-14.9187,27.04238,60.98345,31.339827,16.362303,-2.1401014
230,-48.82872009277344,-23.327709197998047,75.9853744506836,-3.4566510728354305,-16.45669496778624,-82.3176783955792,5.0942755,28.069569,12.3565035,38.906197,-17.001526,-5.149988,25.995337,-7.0886064,-40.983765,16.845022,-20.963852,6.6613903,-6.5268283,-0.43106163,5.186893,-18.565346,23.666138,-17.792488,73.13604,-27.78704,4.2894487,1.7265497,-23.5111,-14.9187155,27.450384,60.804832,31.316586,16.337517,-2.635991
231,-49.07323455810547,-23.473785400390625,76.0036849975586,-3.4344335064568905,-16.439406500393982,-82.88350777528906,5.16931,27.433214,11.910803,38.809998,-17.194424,-6.1694303,26.125595,-6.635296,-40.530834,16.199902,-20.795525,6.6127267,-6.655466,-0.3512638,5.039257,-18.518473,23.68798,-17.96395,73.32308,-27.905832,3.990183,1.7537261,-23.536776,-14.928414,27.852734,60.580395,31.299433,16.308348,-3.131088
232,-49.29848098754883,-23.618989944458008,76.02355194091797,-3.397474740598478,-16.434436234665043,-83.4592083264952,5.2323174,26.645512,11.304913,38.639404,-17.342339,-7.163636,26.268255,-6.215898,-40.062992,15.573003,-20.631397,6.5571876,-6.791128,-0.27543154,4.907317,-18.477535,23.706413,-18.118036,73.54216,-28.014038,3.721573,1.7356222,-23.545265,-14.941872,28.172361,60.31103,31.268707,16.30832,-3.547885
233,-49.514888763427734,-23.76881980895996,76.04216003417969,-3.3386804454539396,-16.45236427046445,-84.04122236264989,5.2909966,25.643063,10.434175,38.37156,-17.424759,-8.128028,26.436888,-5.8406906,-39.58357,14.967072,-20.47252,6.4931316,-6.9400268,-0.21209484,4.7950606,-18.435392,23.723288,-18.241425,73.799904,-28.093193,3.4959815,1.6531467,-23.528204,-14.955733,28.401705,59.973915,31.24851,16.343073,-3.8765872
234,-49.73230743408203,-23.923751831054688,76.05754852294922,-3.2647702546265003,-16.483487710597036,-84.63313453868767,5.3706627,24.42185,9.2806225,37.947975,-17.462214,-9.214023,26.623081,-5.4968967,-39.091045,14.37326,-20.31419,6.4275775,-7.107202,-0.1507033,4.692616,-18.389338,23.746874,-18.359488,74.092705,-28.168182,3.2934926,1.5251515,-23.487259,-14.975889,28.59173,59.572414,31.249508,16.39414,-4.156567
235,-49.94190979003906,-24.075048446655273,76.06945037841797,-3.191273034100712,-16.510018384687005,-85.23936431728944,5.4544187,23.142897,8.087625,37.459583,-17.498308,-10.313901,26.8033,-5.165363,-38.579494,13.789583,-20.157766,6.358672,-7.2814703,-0.07808639,4.599724,-18.341223,23.7726,-18.468979,74.391716,-28.25644,3.1035593,1.3808957,-23.450724,-14.99524,28.725622,59.16399,31.21213,16.462612,-4.3821015
236,-50.14646530151367,-24.227733612060547,76.07941436767578,-3.128927182263629,-16.514548495426045,-85.86523249882634,5.514236,21.961449,7.0942945,36.993378,-17.555304,-11.324617,26.951502,-4.8305907,-38.042908,13.22085,-20.006126,6.284862,-7.4648013,0.019279454,4.507564,-18.278208,23.806396,-18.576704,74.66385,-28.397316,2.9170618,1.2473097,-23.44324,-15.013307,28.835356,58.80085,31.11309,16.545925,-4.556632
237,-50.34958267211914,-24.381202697753906,76.0892562866211,-3.0913711937142017,-16.482689668052537,-86.50573595694726,5.5194297,20.879744,6.2751412,36.5478,-17.605438,-12.282636,27.054543,-4.473562,-37.48121,12.6563835,-19.854963,6.203369,-7.6719975,0.16178027,4.404509,-18.205423,23.833899,-18.672188,74.92747,-28.59682,2.7310045,1.1255792,-23.49603,-15.018262,28.911278,58.52251,30.910002,16.659977,-4.650594
238,-50.530601501464844,-24.54395294189453,76.10486602783203,-3.069323354481007,-16.42740358400876,-87.1606246479978,5.490903,19.828661,5.5278215,36.08172,-17.63573,-13.22461,27.128307,-4.107606,-36.897163,12.098714,-19.704855,6.1160464,-7.9023724,0.34070364,4.298592,-18.123646,23.85337,-18.74856,75.194786,-28.83425,2.5469112,1.0025153,-23.589876,-15.015845,28.953232,58.292507,30.632061,16.800238,-4.674362
239,-50.720638275146484,-24.683990478515625,76.11516571044922,-3.0411586122175667,-16.37234715795257,-87.83937062788334,5.4661255,18.84876,4.9710236,35.619804,-17.672024,-14.051027,27.189665,-3.7687585,-36.289463,11.577954,-19.56794,6.0277653,-8.129093,0.49859598,4.200871,-18.011488,23.925905,-18.851189,75.409584,-29.128054,2.378044,0.8825834,-23.697826,-14.9839525,28.984415,58.10042,30.34828,16.926722,-4.6864386
240,-50.904273986816406,-24.808385848999023,76.1099853515625,-2.987916311898699,-16.340914877858527,-88.55132858581082,5.4770484,17.982534,4.722036,35.19003,-17.738178,-14.6618595,27.25327,-3.490393,-35.656574,11.125464,-19.457232,5.9427376,-8.340505,0.6509254,4.1352515,-17.8757,23.975477,-18.903397,75.58288,-29.394005,2.20193,0.7913976,-23.822248,-14.94856,29.029764,57.94925,30.097305,17.012674,-4.740742
241,-51.07982635498047,-24.963613510131836,76.11815643310547,-2.8970235184435436,-16.351854082438532,-89.30018202926233,5.5506973,17.21371,4.799549,34.78104,-17.828617,-15.000033,27.335894,-3.2943492,-34.9976,10.758307,-19.38177,5.864298,-8.549005,0.76201165,4.114567,-17.677124,24.054834,-18.923313,75.65824,-29.648808,2.0328958,0.7415655,-23.980001,-14.867755,29.10164,57.874485,29.900925,17.032757,-4.8670125
242,-51.23763656616211,-25.117401123046875,76.12989807128906,-2.768580781871904,-16.388316345806334,-90.07085447583599,5.6603565,16.490982,5.1369042,34.369354,-17.913008,-15.000033,27.41673,-3.1812568,-34.32571,10.485467,-19.346453,5.7946787,-8.762469,0.8454363,4.1227136,-17.445,24.133512,-18.917095,75.68121,-29.899176,1.8651754,0.7257273,-24.166353,-14.766076,29.187456,57.863903,29.732952,17.010548,-5.0313
243,-51.39474868774414,-25.271596908569336,76.14405059814453,-2.647249122416395,-16.41989912681176,-90.87517894184747,5.7555995,15.916356,5.7337394,34.000706,-18.003159,-15.000033,27.478424,-3.0732749,-33.62139,10.238366,-19.317596,5.7167945,-8.9580765,0.9415875,4.1370883,-17.199987,24.211178,-18.879927,75.68977,-30.158829,1.6886635,0.7055111,-24.367565,-14.648895,29.282146,57.883705,29.572693,16.974056,-5.199223
244,-51.55036544799805,-25.410736083984375,76.15435028076172,-2.534758669098719,-16.417181607681517,-91.69636797427556,5.791263,15.491196,6.5844274,33.69014,-18.091238,-15.000033,27.473219,-2.979988,-32.90241,10.058485,-19.314032,5.633157,-9.139309,1.0471563,4.1321216,-16.962711,24.2842,-18.805176,75.72297,-30.440113,1.4925697,0.64386255,-24.570845,-14.52795,29.386662,57.89992,29.403122,16.950748,-5.3367
245,-51.70406723022461,-25.549602508544922,76.16321563720703,-2.426422493708211,-16.364889959509743,-92.53145792097683,5.7579665,15.228309,7.756113,33.44948,-18.182163,-14.926881,27.374704,-2.917608,-32.175945,9.973381,-19.347332,5.5483956,-9.301852,1.1594092,4.093524,-16.739073,24.347107,-18.688498,75.79947,-30.781578,1.2585063,0.51827246,-24.761177,-14.413621,29.496593,57.886227,29.213964,16.95227,-5.436101
246,-51.82048797607422,-25.70301628112793,76.18147277832031,-2.2917747484187223,-16.280839983303316,-93.36340049327808,5.692896,15.042079,9.221389,33.23927,-18.262913,-14.603866,27.18639,-2.9419355,-31.463844,10.043432,-19.448965,5.4755855,-9.463622,1.2462181,4.0353394,-16.522865,24.39799,-18.538008,75.89788,-31.16504,0.99723136,0.3530966,-24.93859,-14.309966,29.611341,57.8514,29.019007,16.963793,-5.5147076
247,-51.93476104736328,-25.86403465270996,76.20075988769531,-2.1527156868152346,-16.18639146102274,-94.20462601634776,5.615693,14.923941,10.862474,33.057907,-18.339458,-14.185138,26.953459,-2.9971478,-30.743807,10.192653,-19.583656,5.4020753,-9.614575,1.329791,3.9823895,-16.318682,24.439596,-18.36828,75.9981,-31.519463,0.742286,0.17979087,-25.111391,-14.217064,29.732533,57.811565,28.834356,16.973486,-5.5752525
248,-52.07027053833008,-25.99802017211914,76.20870971679688,-2.017107169800813,-16.103460133789543,-95.05145347310406,5.541912,14.821557,12.55166,32.885456,-18.403082,-13.699816,26.717182,-3.06055,-30.013506,10.372385,-19.729004,5.323691,-9.741284,1.4111729,3.9583497,-16.153162,24.4668,-18.22007,76.09454,-31.781036,0.5250588,0.032280758,-25.263903,-14.155461,29.844292,57.756813,28.675053,16.972134,-5.6187463
249,-52.181251525878906,-26.12122917175293,76.2168197631836,-1.8739941285044301,-16.03941327356484,-95.91311127002622,5.4762096,14.732393,14.306064,32.730022,-18.451468,-13.103297,26.466053,-3.1482003,-29.264952,10.618551,-19.900866,5.2403235,-9.89238,1.483136,3.977329,-15.963433,24.509102,-18.022676,76.135605,-31.898176,0.37139478,-0.0863359,-25.476107,-14.072344,30.024143,57.766582,28.570915,16.94763,-5.6471596
250,-52.29198455810547,-26.259262084960938,76.23055267333984,-1.725048233740827,-15.981638654968089,-96.78824991386648,5.4184675,14.676681,16.181623,32.59808,-18.49891,-12.397279,26.191525,-3.26032,-28.501875,10.924346,-20.09486,5.1545153,-10.0283165,1.5412173,4.023197,-15.794087,24.551664,-17.822348,76.164505,-31.924835,0.25783262,-0.19077408,-25.695396,-14.000078,30.221615,57.786076,28.501373,16.911076,-5.6554384
251,-52.398223876953125,-26.4007625579834,76.24335479736328,-1.5817791198465405,-15.921546974442768,-97.65966075735807,5.36719,14.637667,18.105066,32.467175,-18.554226,-11.6797085,25.90782,-3.3707697,-27.73899,11.2528,-20.29857,5.066419,-10.166089,1.5978538,4.076373,-15.621977,24.597206,-17.617855,76.16504,-31.916643,0.15019602,-0.28130433,-25.901112,-13.927759,30.397312,57.802536,28.424393,16.867376,-5.653889
252,-52.50588607788086,-26.539352416992188,76.25140380859375,-1.4612831823435295,-15.851831349628956,-98.5088634754092,5.3152714,14.601561,20.000084,32.31654,-18.61928,-11.049181,25.642405,-3.445914,-26.992271,11.538263,-20.48493,4.975312,-10.286101,1.6634688,4.1133995,-15.476841,24.628967,-17.460585,76.16508,-31.938116,0.011521083,-0.35548818,-26.039572,-13.875499,30.48139,57.774673,28.301392,16.824154,-5.649185
253,-52.6092414855957,-26.68260955810547,76.2534408569336,-1.3720660667780342,-15.772513863495723,-99.327033322468,5.2673864,14.585712,21.902977,32.128426,-18.695724,-10.554325,25.40027,-3.4760237,-26.269228,11.7736635,-20.652435,4.873194,-10.435576,1.7414794,4.133804,-15.2953,24.673475,-17.297935,76.109406,-31.984203,-0.16110192,-0.4167141,-26.145327,-13.794846,30.484438,57.744022,28.09591,16.779099,-5.6454997
254,-52.703582763671875,-26.834699630737305,76.25387573242188,-1.304007409854622,-15.68768243554279,-100.12541987538302,5.2230425,14.589828,23.834944,31.920584,-18.778334,-10.135767,25.168848,-3.4789493,-25.560934,11.98877,-20.81263,4.762767,-10.576442,1.8227657,4.1432796,-15.1330805,24.71478,-17.176147,76.04526,-32.041172,-0.35312092,-0.46254984,-26.204082,-13.711626,30.401922,57.696682,27.833042,16.731249,-5.635693
255,-52.806766510009766,-26.992046356201172,76.25247192382812,-1.2487322926219375,-15.597614131037812,-100.9138890938128,5.1665087,14.576086,25.69594,31.712755,-18.848139,-9.728068,24.943922,-3.4662151,-24.858057,12.186779,-20.966055,4.659657,-10.707722,1.9082289,4.144544,-14.983447,24.746359,-17.066738,75.97708,-32.104664,-0.56245965,-0.49276206,-26.236599,-13.637512,30.283527,57.637177,27.57807,16.677227,-5.624051
256,-52.90675735473633,-27.145645141601562,76.24898529052734,-1.195453706631479,-15.501856301778764,-101.70279410829774,5.0765314,14.511605,27.384113,31.529459,-18.890034,-9.264434,24.720926,-3.449981,-24.151508,12.373952,-21.115183,4.5793624,-10.82565,1.9951931,4.1381044,-14.847551,24.764618,-16.959612,75.91711,-32.18341,-0.7868192,-0.5070047,-26.265303,-13.584695,30.179708,57.576252,27.3987,16.612844,-5.614337
257,-53.008575439453125,-27.31429100036621,76.24320983886719,-1.1501493580723443,-15.397612234909325,-102.4972908584597,4.956196,14.395582,28.90066,31.336824,-18.919146,-8.806913,24.498394,-3.4208627,-23.434746,12.540053,-21.254374,4.528442,-10.938234,2.0870192,4.1225758,-14.70371,24.779083,-16.840652,75.84299,-32.293514,-1.031078,-0.49245116,-26.309055,-13.529546,30.091005,57.540543,27.321732,16.525455,-5.606609
258,-53.11315155029297,-27.47735595703125,76.23107147216797,-1.1153433802028596,-15.28675138719343,-103.29098289892174,4.8054795,14.249912,30.288069,31.13781,-18.93485,-8.362717,24.279215,-3.376855,-22.714472,12.687243,-21.385809,4.497732,-11.050329,2.1849236,4.0973496,-14.553112,24.788471,-16.713797,75.755,-32.425613,-1.2950414,-0.45358852,-26.359837,-13.471271,30.007372,57.524677,27.315369,16.420134,-5.600264
259,-53.20138168334961,-27.650012969970703,76.22303771972656,-1.0801059573672491,-15.175274008458317,-104.07657782860909,4.6028867,14.079344,31.508314,31.004864,-18.899017,-7.7811337,24.066473,-3.3397806,-21.99992,12.833981,-21.519909,4.479269,-11.155687,2.2747617,4.066743,-14.4186945,24.788816,-16.584032,75.681526,-32.544212,-1.5648717,-0.4186965,-26.404524,-13.427311,29.931473,57.503708,27.326538,16.31864,-5.59592
260,-53.276939392089844,-27.826711654663086,76.20755767822266,-1.0273997247738418,-15.068472053945113,-104.84753592099413,4.3302298,13.887641,32.5271,31.009768,-18.77676,-6.9097624,23.86177,-3.3331156,-21.3007,13.002659,-21.669003,4.4652505,-11.265714,2.340227,4.033668,-14.301008,24.782253,-16.4297,75.63754,-32.604782,-1.8263305,-0.4154789,-26.464514,-13.390288,29.890324,57.49071,27.313349,16.23908,-5.595587
261,-53.36158752441406,-28.010358810424805,76.19341278076172,-0.9580096905632285,-14.954007257123715,-105.5956462750583,3.8730803,13.613539,33.114044,31.202496,-18.473011,-5.6173034,23.64916,-3.3632395,-20.624353,13.200414,-21.836742,4.4495363,-11.378851,2.3765078,3.9851518,-14.218263,24.76946,-16.255333,75.64496,-32.592594,-2.0804284,-0.46656364,-26.527231,-13.369004,29.889528,57.473526,27.262794,16.18854,-5.603517
262,-53.445125579833984,-28.198760986328125,76.17965698242188,-0.8747129839992531,-14.832269515978062,-106.3268206922147,3.2735581,13.286133,33.37733,31.542461,-18.034136,-4.0126276,23.432215,-3.4176643,-19.9643,13.414174,-22.016117,4.437823,-11.500087,2.3936257,3.9237044,-14.156566,24.748737,-16.05191,75.68756,-32.524975,-2.334014,-0.5517995,-26.598497,-13.3578005,29.928375,57.460663,27.202854,16.155844,-5.6183352
263,-53.51124572753906,-28.39921760559082,76.17089080810547,-0.7820240847698893,-14.729940951176827,-107.05281267038613,2.7559166,13.039565,33.783775,31.96364,-17.65684,-2.2985337,23.244072,-3.4898276,-19.308687,13.628988,-22.199879,4.4394975,-11.633413,2.4033248,3.879487,-14.066754,24.71958,-15.810118,75.703636,-32.425926,-2.5780182,-0.63283575,-26.695684,-13.353725,29.995188,57.45762,27.137157,16.135782,-5.6309586
264,-53.57883071899414,-28.610727310180664,76.16716766357422,-0.6768325557210882,-14.6747176839397,-107.78809859097098,2.5552137,12.997559,34.782387,32.39124,-17.558825,-0.67308,23.112776,-3.5774496,-18.643904,13.843334,-22.388218,4.4642544,-11.729718,2.3805206,3.8678505,-14.007464,24.693209,-15.621631,75.73408,-32.3536,-2.8028722,-0.6808752,-26.769512,-13.354265,30.016542,57.425133,27.057089,16.12251,-5.6340623
265,-53.64242172241211,-28.812044143676758,76.1623764038086,-0.5504460714614204,-14.684585003492213,-108.52898360650998,2.8145885,13.237501,36.7193,32.846115,-17.889204,0.94487613,23.06225,-3.6893067,-17.970942,14.050187,-22.577526,4.5221086,-11.843313,2.3449996,3.9238179,-13.906552,24.650234,-15.400998,75.71059,-32.2597,-3.0148046,-0.6671917,-26.875734,-13.355634,30.017765,57.38327,26.950945,16.134115,-5.626293
266,-53.710121154785156,-29.03958511352539,76.14769744873047,-0.4031215996600117,-14.74142014324379,-109.27141600407174,3.4251814,13.64208,39.274437,33.335354,-18.550737,2.6052265,23.067217,-3.8297987,-17.295042,14.263378,-22.775108,4.6058474,-11.91034,2.2515604,4.00758,-13.862514,24.630575,-15.282637,75.719536,-32.201668,-3.206117,-0.6256083,-26.944054,-13.356525,29.947454,57.301617,26.818647,16.162556,-5.611813
267,-53.781158447265625,-29.277545928955078,76.11672973632812,-0.2506555349386286,-14.818480816010375,-110.02456988881099,4.219312,14.056266,41.875217,33.774563,-19.368525,4.0634513,23.102993,-3.9760778,-16.615074,14.470453,-22.975014,4.699691,-11.951222,2.1460845,4.1006913,-13.812155,24.610868,-15.161371,75.717606,-32.152676,-3.3787198,-0.58045805,-27.018162,-13.357935,29.879194,57.234325,26.688568,16.178617,-5.58672
268,-53.88575744628906,-29.49136734008789,76.08937072753906,-0.11327016058568123,-14.889053497286389,-110.7994555113091,4.9845786,14.364731,43.948147,34.097744,-20.117958,5.093286,23.144207,-4.1039057,-15.926504,14.661227,-23.17215,4.7862415,-11.955069,2.0584247,4.173362,-13.738362,24.579872,-15.004639,75.702965,-32.124744,-3.53136,-0.56040245,-27.107443,-13.360628,29.858126,57.218853,26.5892,16.149912,-5.5496244
269,-53.99539566040039,-29.72455596923828,76.0523681640625,-0.0031819399179792377,-14.959872380219029,-111.60230045480844,5.661889,14.577788,45.298237,34.295094,-20.734577,5.6072288,23.204586,-4.197506,-15.227443,14.825123,-23.36316,4.8575735,-11.940301,2.0140946,4.221007,-13.618491,24.527918,-14.801174,75.67858,-32.14282,-3.6680384,-0.57009387,-27.23711,-13.364513,29.975182,57.297325,26.588882,16.049067,-5.5135155
270,-54.08558654785156,-29.97930145263672,76.02313232421875,0.09273635476781436,-15.04090641382337,-112.42728223631389,6.33811,14.769835,46.24584,34.4091,-21.294703,5.7384343,23.290548,-4.2733736,-14.519481,14.972235,-23.552456,4.92354,-11.87567,1.9706473,4.254528,-13.503267,24.48419,-14.6259985,75.66629,-32.220413,-3.7820497,-0.60065615,-27.363762,-13.366175,30.13871,57.417988,26.643103,15.898934,-5.472427
271,-54.170166015625,-30.239912033081055,75.9927749633789,0.18782380663148981,-15.11116859655027,-113.26532087943461,6.997429,14.951696,46.99105,34.476597,-21.774715,5.61133,23.370945,-4.348308,-13.804089,15.11454,-23.742592,4.992572,-11.77691,1.9220172,4.258853,-13.374459,24.444754,-14.446439,75.64521,-32.31103,-3.8720071,-0.6488514,-27.485252,-13.365289,30.315157,57.55792,26.693539,15.734351,-5.422979
272,-54.27767562866211,-30.50139617919922,75.96769714355469,0.2975188252147796,-15.149182885474435,-114.10756346364934,7.630301,15.121638,47.732628,34.528988,-22.158325,5.3520975,23.415413,-4.4383297,-13.082305,15.260044,-23.93426,5.0732145,-11.683606,1.8782251,4.2141647,-13.194907,24.385752,-14.194035,75.59435,-32.35777,-3.9405305,-0.70889336,-27.617474,-13.354904,30.513609,57.7134,26.696114,15.587147,-5.3706083
273,-54.38018035888672,-30.766725540161133,75.93513488769531,0.419866962642631,-15.141601067596591,-114.97268225886542,8.226228,15.296287,48.493164,34.582882,-22.418324,4.9097223,23.402775,-4.5366564,-12.332409,15.41576,-24.132456,5.1640606,-11.537992,1.8210164,4.0962224,-13.012071,24.32062,-13.949155,75.55603,-32.39031,-3.9849076,-0.79113466,-27.725573,-13.332352,30.670935,57.86734,26.601503,15.460947,-5.316998
274,-54.505043029785156,-31.029865264892578,75.90780639648438,0.5475346260466422,-15.102052348850691,-115.85832344319542,8.790514,15.469998,49.181023,34.622684,-22.567665,4.2522507,23.355768,-4.637637,-11.560645,15.572964,-24.334011,5.261279,-11.324822,1.738172,3.9249282,-12.839647,24.272718,-13.740614,75.52487,-32.433853,-3.9998782,-0.8989908,-27.78953,-13.311776,30.7771,57.99805,26.438469,15.34246,-5.2563157
275,-54.64048385620117,-31.305471420288086,75.88398742675781,0.6907508235684238,-15.049819004156479,-116.72524193164699,9.338619,15.6001,49.8183,34.633583,-22.65974,3.5325608,23.297302,-4.763115,-10.809179,15.744697,-24.543457,5.370122,-11.116797,1.6378798,3.730258,-12.646747,24.21503,-13.4854765,75.470825,-32.438644,-3.9915824,-1.0086919,-27.862032,-13.283274,30.8817,58.14849,26.268265,15.232847,-5.178924
276,-54.77077865600586,-31.585424423217773,75.86287689208984,0.8586462956455977,-15.003618082126517,-117.53327578352638,9.888059,15.643744,50.424423,34.59329,-22.744003,2.901468,23.25737,-4.9324,-10.121566,15.927033,-24.755804,5.4958496,-10.932762,1.5021182,3.5395043,-12.464706,24.146091,-13.191236,75.399216,-32.38564,-3.9596543,-1.1016476,-27.941673,-13.245637,30.953548,58.318665,26.127937,15.13618,-5.0673137
277,-54.88876724243164,-31.87115478515625,75.84211730957031,1.0538401410411162,-14.968835849041804,-118.28254954492982,10.44949,15.59776,50.99728,34.49634,-22.811905,2.341115,23.262262,-5.1455393,-9.500732,16.081078,-24.956114,5.6478944,-10.750601,1.3094428,3.354434,-12.311018,24.083576,-12.866572,75.30322,-32.26982,-3.89283,-1.1840544,-27.992937,-13.2121725,30.939959,58.474262,26.007832,15.057066,-4.8863707
278,-55.0098876953125,-32.14954376220703,75.82286071777344,1.2687512533595204,-14.935029159822962,-118.99041360036553,11.009691,15.481123,51.526707,34.350475,-22.845333,1.7903224,23.292202,-5.393051,-8.926527,16.214039,-25.147549,5.8207626,-10.608879,1.103352,3.160082,-12.129148,23.984095,-12.438369,75.1729,-32.07194,-3.8051066,-1.2530121,-28.082151,-13.15202,30.921638,58.687515,25.898727,14.988675,-4.6614428
279,-55.12652587890625,-32.42620086669922,75.80276489257812,1.5047318246681873,-14.897562944224289,-119.64402177057724,11.551112,15.284372,52.017933,34.15413,-22.877724,1.3342553,23.300545,-5.6841145,-8.407822,16.41023,-25.363644,5.9981065,-10.453108,0.85157007,2.9663064,-11.998154,23.899948,-12.072801,75.059975,-31.869791,-3.69635,-1.3106459,-28.14455,-13.103898,30.857813,58.883186,25.816282,14.93096,-4.440013
280,-55.2286262512207,-32.70257568359375,75.7833251953125,1.760296941271372,-14.851938414200898,-120.23026279687197,12.056007,15.000488,52.476246,33.907093,-22.942158,1.0576144,23.24411,-6.0253954,-7.9528966,16.74586,-25.632893,6.164053,-10.313414,0.57731754,2.78239,-11.911111,23.816692,-11.789543,74.98145,-31.682615,-3.5836198,-1.3431524,-28.223083,-13.067218,30.82523,59.095222,25.797054,14.878779,-4.2813983
281,-55.317718505859375,-32.975406646728516,75.76334381103516,2.048240658571466,-14.787561721253656,-120.73997368507705,12.509199,14.601036,52.90328,33.59497,-23.059038,1.0384535,23.110926,-6.43395,-7.574127,17.227316,-25.97573,6.314427,-10.180932,0.25438112,2.6024044,-11.892424,23.76041,-11.624275,74.955315,-31.527712,-3.4683087,-1.3446853,-28.302813,-13.056072,30.822975,59.293526,25.873209,14.831655,-4.205101
282,-55.39600372314453,-33.244728088378906,75.74382781982422,2.3626990068463893,-14.710182290276665,-121.18248861217465,12.922494,14.099214,53.29408,33.220364,-23.206844,1.212269,22.927258,-6.899687,-7.2621727,17.809727,-26.367228,6.45889,-10.091442,-0.06342236,2.4175694,-11.903787,23.644545,-11.465506,74.97571,-31.343513,-3.3635888,-1.3032944,-28.437094,-13.051441,30.889952,59.549828,26.024965,14.789725,-4.1874995
283,-55.47018051147461,-33.51325225830078,75.72399139404297,2.686023851483937,-14.638526100713273,-121.57291929553608,13.322894,13.542718,53.644627,32.799862,-23.351128,1.45052,22.706692,-7.3921,-6.9945207,18.501097,-26.774244,6.602992,-9.982381,-0.3985729,2.2475512,-11.973703,23.529995,-11.410566,75.02722,-31.179337,-3.2432492,-1.2539672,-28.54933,-13.065317,30.933437,59.802517,26.192442,14.75804,-4.194271
284,-55.527774810791016,-33.77652359008789,75.70035552978516,2.996385384568739,-14.591948413048142,-121.92670848651383,13.73773,12.981797,53.952362,32.350853,-23.456459,1.625561,22.465042,-7.878042,-6.749332,19.302952,-27.159641,6.752704,-9.84958,-0.7293986,2.1141412,-12.069751,23.422668,-11.448964,75.06656,-31.037884,-3.0943363,-1.2188926,-28.635887,-13.093659,30.94238,60.057972,26.330727,14.739794,-4.1980033
285,-55.57817077636719,-34.03111267089844,75.674072265625,3.292937974048201,-14.569780920654521,-122.24670190435631,14.156517,12.421864,54.21084,31.892225,-23.532274,1.7411133,22.185589,-8.356719,-6.530251,20.243866,-27.540966,6.9034257,-9.689804,-1.0504208,2.0215228,-12.190973,23.32082,-11.575865,75.091965,-30.899675,-2.903603,-1.2159095,-28.70745,-13.132807,30.929382,60.329998,26.432266,14.739062,-4.2016354
286,-55.63015365600586,-34.281654357910156,75.64965057373047,3.5834937438294676,-14.565026861230672,-122.52505284863268,14.571202,11.84002,54.42366,31.409702,-23.590685,1.8536439,21.87101,-8.840868,-6.346085,21.305676,-27.92467,7.055626,-9.507882,-1.3680704,1.957664,-12.351704,23.214525,-11.792451,75.127365,-30.766548,-2.6834905,-1.2269481,-28.770025,-13.187146,30.902643,60.62041,26.52305,14.752813,-4.216923
287,-55.6894416809082,-34.531497955322266,75.63243865966797,3.863615467143023,-14.58574197307246,-122.76187498963888,15.010756,11.247034,54.603035,30.876339,-23.60249,1.9142872,21.56102,-9.31739,-6.1837173,22.43009,-28.262794,7.2232347,-9.303881,-1.6835146,1.9224052,-12.549666,23.106169,-12.110671,75.16713,-30.678244,-2.4568706,-1.2229639,-28.792763,-13.257255,30.816504,60.898727,26.58961,14.774243,-4.229941
288,-55.750892639160156,-34.777320861816406,75.62552642822266,4.120762572993715,-14.642916620726272,-122.95588522854008,15.503244,10.653128,54.761333,30.266817,-23.539478,1.8744214,21.293856,-9.773013,-6.0307503,23.563004,-28.509853,7.4210734,-9.08436,-2.0031693,1.9164759,-12.771986,23.011148,-12.540259,75.194626,-30.681108,-2.2434132,-1.1773446,-28.75121,-13.33523,30.63021,61.138794,26.620245,14.79581,-4.226468
289,-55.81562042236328,-35.017974853515625,75.62063598632812,4.3488159904184105,-14.751015760051533,-123.11410541857153,16.075226,10.079298,54.913757,29.583689,-23.38928,1.6881394,21.099113,-10.1907625,-5.8976097,24.682854,-28.65354,7.6553216,-8.85678,-2.31761,1.9535825,-12.989262,22.94757,-13.129533,75.166336,-30.83101,-2.0465136,-1.0650003,-28.63365,-13.402492,30.295599,61.33734,26.56846,14.812013,-4.21391
290,-55.87677764892578,-35.254051208496094,75.62178802490234,4.55138223351143,-14.901586102819255,-123.2343943157906,16.706244,9.512559,55.049305,28.833696,-23.168135,1.3936354,20.950825,-10.577822,-5.789435,25.821661,-28.719275,7.920332,-8.582852,-2.6376922,2.0254092,-13.261384,22.900177,-13.914589,75.143005,-31.105814,-1.857692,-0.904152,-28.430897,-13.476525,29.80652,61.495712,26.446953,14.828502,-4.193016
291,-55.937374114990234,-35.49051284790039,75.6291732788086,4.744433302502817,-15.068272882319572,-123.30346455750869,17.35342,8.917429,55.14093,28.003271,-22.892826,1.067067,20.801985,-10.956984,-5.6851664,27.007977,-28.721077,8.214618,-8.333398,-2.9743533,2.1126962,-13.5159645,22.873938,-14.669915,75.09622,-31.377598,-1.6672649,-0.7456687,-28.227013,-13.540107,29.325768,61.655945,26.35384,14.8504715,-4.150856
292,-56.006103515625,-35.720489501953125,75.64295196533203,4.947848293591774,-15.223842848811977,-123.30827156720984,17.976017,8.257599,55.16132,27.075613,-22.577082,0.78450304,20.607868,-11.350745,-5.563158,28.266514,-28.672457,8.536718,-8.069752,-3.362578,2.1871593,-13.834571,22.845171,-15.338789,75.12654,-31.557886,-1.4726449,-0.632524,-28.01649,-13.62219,28.89008,61.810738,26.359192,14.884158,-4.063254
293,-56.06985855102539,-35.942935943603516,75.66030883789062,5.169669589671744,-15.366293954300469,-123.24029267124207,18.577894,7.499981,55.099693,26.009127,-22.205078,0.5574204,20.35733,-11.7738085,-5.4204874,29.622635,-28.582348,8.8674555,-7.854127,-3.798364,2.2438092,-14.150644,22.812586,-15.77942,75.186935,-31.5916,-1.2844101,-0.59087545,-27.85999,-13.708412,28.600819,62.00572,26.523981,14.943845,-3.9191492
294,-56.12116622924805,-36.16351318359375,75.68183135986328,5.396677179626123,-15.50853408554932,-123.10776697184576,19.179974,6.674669,54.970146,24.821472,-21.772034,0.34768185,20.077425,-12.203998,-5.269141,31.050528,-28.44097,9.219056,-7.677578,-4.266144,2.292864,-14.463886,22.7825,-16.076351,75.26401,-31.53964,-1.1018177,-0.5916931,-27.742477,-13.783996,28.404016,62.24062,26.796911,15.020776,-3.7334423
295,-56.16521072387695,-36.3720817565918,75.70179748535156,5.60771380908409,-15.647378400012135,-122.92189039565402,19.769371,5.839716,54.784763,23.577744,-21.308035,0.15693288,19.773693,-12.610112,-5.106967,32.510822,-28.232224,9.63617,-7.5095186,-4.7418833,2.3417666,-14.799087,22.750223,-16.321152,75.37602,-31.433187,-0.9004429,-0.6009755,-27.61904,-13.863549,28.240538,62.46039,27.106112,15.09063,-3.5322592
296,-56.20722961425781,-36.58380126953125,75.72885131835938,5.783648400011435,-15.778910969202936,-122.69397375115928,20.326927,5.0604715,54.556442,22.3643,-20.84922,-0.013888257,19.448198,-12.962278,-4.9305344,33.971622,-27.94449,10.161318,-7.3502545,-5.1924834,2.4008818,-15.138489,22.715384,-16.554838,75.50662,-31.289938,-0.6547269,-0.58642846,-27.47227,-13.951886,28.094484,62.626144,27.396141,15.127364,-3.3444428
297,-56.25832748413086,-36.78805923461914,75.75629425048828,5.920894790041207,-15.91254505497243,-122.41389831523959,20.861227,4.3362412,54.276188,21.171888,-20.39195,-0.15774521,19.103563,-13.252257,-4.726071,35.454697,-27.54215,10.827984,-7.2317758,-5.61945,2.476543,-15.464213,22.68876,-16.729666,75.63954,-31.060892,-0.32621163,-0.5370228,-27.328957,-14.0255575,28.003767,62.76554,27.692495,15.141221,-3.1778195
298,-56.31296157836914,-36.977874755859375,75.78486633300781,6.025445705329575,-16.046496161971394,-122.07936533753995,21.378233,3.6453686,53.942196,19.974857,-19.924704,-0.27862936,18.734715,-13.488988,-4.4983435,36.974236,-27.050755,11.60945,-7.0986395,-6.0354753,2.5694158,-15.844102,22.647814,-16.899637,75.823524,-30.765131,0.059055094,-0.47033074,-27.125925,-14.142359,27.916378,62.819458,28.005678,15.147482,-3.0110033
299,-56.3699951171875,-37.150535583496094,75.81246185302734,6.098902486903965,-16.16481501252535,-121.71207818669936,21.855179,3.013571,53.579147,18.827497,-19.470026,-0.3913672,18.329834,-13.679959,-4.269815,38.4943,-26.553547,12.45359,-7.0127254,-6.425104,2.654438,-16.158327,22.626707,-17.018366,75.97964,-30.481401,0.43985716,-0.4045719,-26.966358,-14.216783,27.88119,62.890335,28.284597,15.098162,-2.852324
300,-56.42432403564453,-37.31842803955078,75.83692932128906,6.147744012008131,-16.249358222131427,-121.33512273897665,22.265942,2.4674535,53.212246,17.790285,-19.054441,-0.51021177,17.877802,-13.841081,-4.0625916,39.977566,-26.129253,13.303595,-6.9215026,-6.780765,2.7217498,-16.422943,22.615665,-17.186316,76.123276,-30.315321,0.74988645,-0.3516015,-26.807966,-14.280277,27.829384,62.928215,28.465544,14.960936,-2.6960425
301,-56.485260009765625,-37.484188079833984,75.86109161376953,6.174461625640007,-16.29258851107212,-120.95090009920476,22.593927,2.0132022,52.846844,16.887793,-18.686827,-0.63919544,17.356394,-13.970378,-3.8496447,41.468723,-25.777771,14.199139,-6.814495,-7.107188,2.7673755,-16.652403,22.618277,-17.462957,76.27195,-30.312809,1.0017308,-0.32851353,-26.626522,-14.337239,27.730125,62.91685,28.500404,14.694968,-2.5371168
302,-56.56486129760742,-37.631343841552734,75.8858871459961,6.145922904178192,-16.304785913337835,-120.5607134830771,22.829618,1.7202895,52.48767,16.196468,-18.40378,-0.78265476,16.774199,-14.00215,-3.6152847,42.96027,-25.453257,15.000033,-6.6945915,-7.3785505,2.8044693,-16.847738,22.635712,-17.79958,76.42159,-30.41319,1.2202244,-0.3224527,-26.436964,-14.379744,27.61205,62.873535,28.434732,14.3276,-2.3790116
303,-56.64811706542969,-37.76323318481445,75.90962219238281,5.997117628799148,-16.298582992198135,-120.19246102853855,22.943806,1.7486483,52.17124,15.907972,-18.299236,-0.9559461,16.1629,-13.8082695,-3.4055781,44.329777,-25.152716,15.000033,-6.5066586,-7.541795,2.8555298,-17.01988,22.668144,-18.173206,76.55889,-30.586327,1.3603445,-0.3021535,-26.227371,-14.425405,27.458044,62.77082,28.321213,13.93175,-2.226764
304,-56.7334098815918,-37.89802932739258,75.93252563476562,5.850819361510458,-16.28593374656849,-119.80666784749508,23.04805,1.7685745,51.838604,15.610318,-18.19392,-1.112408,15.563859,-13.712481,-3.329772,45.547325,-24.948254,15.000033,-6.346762,-7.690946,2.8980825,-17.091732,22.69616,-18.420784,76.62635,-30.75393,1.3706725,-0.23348384,-26.08685,-14.455683,27.373447,62.673107,28.246365,13.5758095,-2.0934517
305,-56.818145751953125,-38.02949142456055,75.95372009277344,5.716553825074913,-16.260074928107873,-119.40874452729844,23.137833,1.7638742,51.490784,15.295373,-18.08677,-1.2502022,14.964208,-13.743768,-3.3894038,46.619114,-24.866865,15.000033,-6.1952777,-7.838843,2.926915,-17.071201,22.717318,-18.577263,76.64508,-30.96437,1.1891171,-0.08958096,-26.00858,-14.476009,27.34091,62.558514,28.214148,13.270018,-1.9731276
306,-56.89637756347656,-38.16459655761719,75.97789001464844,5.587322960123779,-16.2171676972521,-118.997923944609,23.201208,1.756136,51.129684,14.988219,-17.9847,-1.3738893,14.352103,-13.869683,-3.5416577,47.57721,-24.878963,15.000033,-6.035752,-7.985946,2.9446623,-16.985598,22.739122,-18.693953,76.63102,-31.23047,0.8583494,0.10376049,-25.956577,-14.495897,27.328419,62.404205,28.189758,12.981359,-1.8620138
307,-56.98227310180664,-38.30047607421875,76.00695037841797,5.450968439587086,-16.171334376798107,-118.56120831595457,23.250235,1.7639046,50.74868,14.697851,-17.888964,-1.4814602,13.76389,-14.057919,-3.7678707,48.366764,-24.92138,15.000033,-5.885058,-8.119076,2.9579475,-16.86855,22.744835,-18.71851,76.588844,-31.447327,0.48168337,0.30572265,-25.94733,-14.502429,27.337984,62.268673,28.16439,12.713123,-1.7709701
308,-57.070289611816406,-38.43751907348633,76.04496765136719,5.292980344038377,-16.13680113270625,-118.08645873840722,23.314371,1.7816015,50.34201,14.374659,-17.775602,-1.5703646,13.236528,-14.277433,-4.0518923,48.93257,-24.93177,15.000033,-5.718554,-8.245283,2.9701111,-16.754065,22.75106,-18.691738,76.50026,-31.564556,0.17299421,0.4737658,-25.923742,-14.514428,27.343803,62.140594,28.143545,12.471048,-1.7115601
309,-57.15420150756836,-38.57533645629883,76.090087890625,5.105753044751646,-16.12051607583191,-117.56733911626948,23.396076,1.8241827,49.907154,14.036931,-17.652716,-1.6301494,12.790927,-14.519265,-4.4025826,49.236633,-24.898949,15.000033,-5.5707593,-8.340781,3.0126638,-16.58876,22.757587,-18.466133,76.28506,-31.490944,-0.031812973,0.57066363,-25.9058,-14.553017,27.366898,61.981224,28.103285,12.275558,-1.6906471
310,-57.23860168457031,-38.71484375,76.13739013671875,4.898505957402567,-16.11374435384986,-117.01012794090497,23.48452,1.8841554,49.4468,13.688915,-17.52339,-1.6652133,12.405736,-14.801989,-4.8214345,49.31516,-24.852997,15.000033,-5.4384284,-8.407068,3.0703213,-16.384161,22.7523,-18.086079,75.98943,-31.289925,-0.19558199,0.6277781,-25.901472,-14.617204,27.422436,61.79954,28.060287,12.116261,-1.7019048
311,-57.31831741333008,-38.85233688354492,76.18734741210938,4.6814891432046135,-16.1045616489369,-116.4225561840257,23.567448,1.952817,48.961025,13.332999,-17.383303,-1.6965854,12.054748,-15.129976,-5.2867026,49.225487,-24.79469,15.000033,-5.2891507,-8.474483,3.117061,-16.218351,22.732588,-17.715822,75.7092,-31.041979,-0.35149804,0.7059639,-25.894526,-14.675618,27.462416,61.654926,28.03418,11.967016,-1.7240984
312,-57.41511535644531,-38.988582611083984,76.24156188964844,4.46813847394851,-16.08159728590279,-115.81203890027597,23.632296,2.0231125,48.450718,12.974834,-17.231224,-1.7451217,11.711276,-15.509738,-5.776892,49.026722,-24.7264,15.000033,-5.138809,-8.546103,3.1401122,-16.09714,22.705465,-17.426994,75.46537,-30.799015,-0.5293147,0.8616034,-25.884472,-14.727166,27.502419,61.579433,28.064718,11.8050785,-1.7343756
313,-57.507598876953125,-39.13577651977539,76.29924774169922,4.255221311607369,-16.037579974494246,-115.17955985899093,23.677557,2.095553,47.91415,12.602154,-17.059702,-1.8214606,11.370948,-15.935909,-6.2947707,48.701824,-24.6488,15.000033,-5.007925,-8.586366,3.1363642,-15.989935,22.643433,-17.173016,75.23104,-30.549864,-0.73785627,1.1205122,-25.867065,-14.826453,27.602383,61.552994,28.214165,11.618793,-1.7220881
314,-57.610511779785156,-39.27887725830078,76.35723876953125,4.036407845818323,-15.980213458373857,-114.52033133668752,23.709362,2.1743476,47.349735,12.219029,-16.8732,-1.9128364,11.050003,-16.407755,-6.8560214,48.23361,-24.565578,15.000033,-4.8443613,-8.652875,3.1039274,-15.951068,22.59276,-17.031733,75.04362,-30.314451,-0.9531363,1.4457476,-25.842264,-14.890572,27.65924,61.612648,28.411507,11.412058,-1.6986669
315,-57.72234344482422,-39.41360092163086,76.41352081298828,3.820866169493247,-15.91978541486138,-113.83464668177794,23.725,2.264033,46.76093,11.859272,-16.689674,-2.0050309,10.752392,-16.919912,-7.4588404,47.670734,-24.477968,15.000033,-4.686492,-8.690554,3.0728362,-15.954865,22.489494,-16.909458,74.89016,-30.028038,-1.1843374,1.8193426,-25.792328,-15.00755,27.730074,61.665665,28.628502,11.22975,-1.6780542
316,-57.82913589477539,-39.54133605957031,76.46481323242188,3.6167563282272646,-15.867223715345173,-113.12221741715814,23.724314,2.3627279,46.149994,11.5484705,-16.522068,-2.08353,10.481652,-17.476244,-8.099397,47.064636,-24.388216,15.000033,-4.5343585,-8.762088,3.0573041,-16.003736,22.41217,-16.849802,74.770775,-29.702961,-1.421223,2.2011306,-25.742296,-15.085841,27.742676,61.745834,28.767359,11.092036,-1.6716493
317,-57.93415832519531,-39.6714973449707,76.51398468017578,3.4298873823352367,-15.828013645774671,-112.37881821476165,23.715736,2.4628832,45.513622,11.278373,-16.365383,-2.1381302,10.24909,-18.093725,-8.805577,46.411297,-24.306894,15.000033,-4.3726063,-8.827294,3.0690715,-16.146267,22.26961,-16.843824,74.75332,-29.260105,-1.7138509,2.6317332,-25.65088,-15.217486,27.711288,61.786797,28.806417,11.037908,-1.6899047
318,-58.045310974121094,-39.79021072387695,76.5628433227539,3.236930547001495,-15.795467895551974,-111.61588739263581,23.683067,2.6067548,44.864666,11.0904255,-16.238142,-2.1857991,10.046857,-18.72275,-9.572406,45.683067,-24.228413,14.867455,-4.1965,-8.890955,3.0967307,-16.353416,22.113766,-16.901709,74.80022,-28.741543,-2.041723,3.1070125,-25.540972,-15.351058,27.632425,61.835583,28.774271,11.0374775,-1.7241786
319,-58.17450714111328,-39.903926849365234,76.61465454101562,2.9907951562121284,-15.756870790872124,-110.87528633510938,23.563164,2.9235637,44.24946,11.168531,-16.231548,-2.2596314,9.838472,-19.213982,-10.328315,44.877453,-24.114431,14.292944,-3.9819949,-8.886325,3.1350913,-16.597303,21.952806,-17.005117,74.858055,-28.24193,-2.327162,3.5700355,-25.409683,-15.488251,27.529333,61.885246,28.748838,11.045365,-1.7599419
320,-58.311683654785156,-40.01634979248047,76.66401672363281,2.744394158692131,-15.70826985120787,-110.12233165177562,23.395433,3.2705593,43.623184,11.334047,-16.266226,-2.3508434,9.620941,-19.67764,-11.038292,44.05342,-23.970728,13.76365,-3.7739482,-8.865126,3.1712646,-16.857779,21.801865,-17.143951,74.886475,-27.864449,-2.4995856,3.9540207,-25.252924,-15.628543,27.41745,61.927322,28.804016,11.017648,-1.7798165
321,-58.444583892822266,-40.126644134521484,76.70911407470703,2.488825068050628,-15.6502065787889,-109.35456748416402,23.17308,3.6675544,42.987694,11.609925,-16.353252,-2.4745271,9.3975725,-20.10264,-11.713037,43.19951,-23.788404,13.281239,-3.5815725,-8.812786,3.206287,-17.123913,21.675987,-17.33235,74.85367,-27.684927,-2.5228367,4.2301564,-25.070751,-15.769157,27.288643,61.96305,28.968836,10.937975,-1.7740506
322,-58.5807991027832,-40.23912811279297,76.75202941894531,2.2275446638636396,-15.585272076343902,-108.56908983163133,22.90452,4.104516,42.339203,11.977996,-16.483133,-2.6197455,9.174587,-20.500895,-12.374308,42.306892,-23.577581,12.825227,-3.404678,-8.741079,3.2441154,-17.396029,21.577566,-17.565971,74.77374,-27.637407,-2.4406486,4.4319825,-24.867355,-15.908493,27.140865,61.993797,29.200771,10.831708,-1.7521642
323,-58.715641021728516,-40.339576721191406,76.78364562988281,1.9766361377609272,-15.50710632175137,-107.77323753799952,22.595924,4.5442653,41.674496,12.397379,-16.636513,-2.761938,8.933792,-20.884949,-12.982135,41.40668,-23.34501,12.404006,-3.2428293,-8.680677,3.2812405,-17.65938,21.50573,-17.79245,74.66185,-27.606264,-2.3001108,4.5878935,-24.652891,-16.03665,27.003101,62.020485,29.46509,10.715958,-1.7281004
324,-58.85602951049805,-40.44059753417969,76.81430053710938,1.7562167486403075,-15.411248108113956,-106.97392593302031,22.254736,4.9479628,40.990616,12.824545,-16.792978,-2.8759828,8.656039,-21.266367,-13.494931,40.529507,-23.0964,12.024406,-3.0923176,-8.660243,3.3129663,-17.906906,21.45326,-17.969078,74.5405,-27.480795,-2.1470864,4.729086,-24.438728,-16.14665,26.907368,62.047264,29.731483,10.607067,-1.7159256
325,-59.00136184692383,-40.535465240478516,76.83761596679688,1.5698347891993436,-15.290430344642333,-106.16602358891762,21.859104,5.3188043,40.28133,13.285553,-16.96345,-2.9481156,8.331767,-21.650654,-13.904492,39.67043,-22.808224,11.707833,-2.915573,-8.680986,3.3432045,-18.192886,21.385895,-18.113926,74.45612,-27.213713,-1.9935879,4.8466873,-24.164686,-16.297363,26.841808,62.004803,30.012024,10.520673,-1.7227852
326,-59.148643493652344,-40.626312255859375,76.85745239257812,1.407840976234286,-15.150254782674965,-105.347977825443,21.415548,5.667462,39.549976,13.780358,-17.147015,-2.9944758,7.96818,-22.03082,-14.228486,38.818913,-22.48393,11.441412,-2.7560318,-8.729862,3.3638155,-18.470917,21.328539,-18.205587,74.36338,-26.862915,-1.8127235,4.9297614,-23.890057,-16.436195,26.82727,61.96568,30.317553,10.438304,-1.7442876
327,-59.29087829589844,-40.73017883300781,76.8729476928711,1.2710464204904717,-15.004296705197442,-104.53408926504328,20.960516,5.981624,38.809578,14.266129,-17.325508,-3.0341408,7.5755973,-22.407757,-14.4624605,37.989895,-22.165663,11.18133,-2.589351,-8.792267,3.3925421,-18.758852,21.267149,-18.295769,74.28242,-26.495806,-1.6153597,5.0079417,-23.587185,-16.591486,26.808994,61.891975,30.615475,10.35623,-1.7582048
328,-59.42957305908203,-40.82169723510742,76.87915802001953,1.1594534449102927,-14.867367884178744,-103.73791841971614,20.529562,6.2498107,38.07265,14.70498,-17.484283,-3.0858076,7.1628036,-22.78114,-14.60168,37.200153,-21.898075,10.884386,-2.4211073,-8.864361,3.4363863,-19.040033,21.210045,-18.401789,74.21338,-26.172102,-1.4096768,5.10974,-23.281471,-16.737055,26.755693,61.81404,30.866673,10.262201,-1.7472885
329,-59.58098602294922,-40.9132080078125,76.88278198242188,1.0784044466090317,-14.750321271389755,-102.96780974298562,20.147089,6.4593415,37.34508,15.068517,-17.610863,-3.1571743,6.7273335,-23.16235,-14.626953,36.462936,-21.704773,10.515499,-2.2659414,-8.952856,3.4984784,-19.291492,21.173128,-18.517202,74.13845,-25.905561,-1.1830498,5.2481623,-23.00436,-16.831734,26.668861,61.781265,31.05411,10.144774,-1.6960008
330,-59.72608184814453,-41.010162353515625,76.876708984375,1.026694167103213,-14.644966175463452,-102.21501585977227,19.785385,6.623426,36.62046,15.39703,-17.723822,-3.2370207,6.2619934,-23.547874,-14.542713,35.76765,-21.559286,10.104982,-2.0704048,-9.056649,3.586755,-19.580837,21.123322,-18.687279,74.09923,-25.67302,-0.9384148,5.4086313,-22.668934,-16.953857,26.51279,61.69259,31.196812,10.0216675,-1.6116937
331,-59.88252639770508,-41.09004211425781,76.86637878417969,0.9971773622415815,-14.535790878973913,-101.46872830823675,19.420364,6.7531877,35.894905,15.70915,-17.82963,-3.314613,5.7709484,-23.924925,-14.378794,35.098488,-21.431879,9.708705,-1.9186053,-9.176785,3.663966,-19.820581,21.096972,-18.812593,74.05096,-25.453514,-0.6974082,5.5699983,-22.396877,-17.01531,26.390331,61.666218,31.318256,9.887074,-1.5354966
332,-60.036678314208984,-41.18360137939453,76.85371398925781,0.9850887864786247,-14.40660703937187,-100.71906354593523,19.023193,6.8632736,35.163795,16.034561,-17.940783,-3.379774,5.2602253,-24.276203,-14.166517,34.436844,-21.290155,9.381509,-1.7739234,-9.31361,3.7232964,-20.06256,21.073597,-18.937931,74.04033,-25.253084,-0.48697156,5.716351,-22.139761,-17.064838,26.271313,61.634563,31.429943,9.756957,-1.4928975
333,-60.20076370239258,-41.26777267456055,76.83616638183594,0.9942634643434406,-14.246644193029026,-99.96400273216881,18.573107,6.95407,34.427307,16.39184,-18.06691,-3.4284499,4.719094,-24.61491,-13.903267,33.77611,-21.168617,9.1343,-1.6631035,-9.46268,3.7536635,-20.278116,21.05693,-19.023315,74.05392,-25.058826,-0.32412526,5.843859,-21.923435,-17.093254,26.188574,61.616917,31.544329,9.625139,-1.4993364
334,-60.35475158691406,-41.35907745361328,76.8149642944336,1.0267829060088796,-14.067910555946195,-99.21048611229773,18.092726,7.0170503,33.689384,16.759195,-18.197916,-3.4668844,4.1484575,-24.943073,-13.572055,33.124706,-21.067373,8.93753,-1.5141152,-9.640798,3.7771366,-20.56741,21.02189,-19.163776,74.16807,-24.893478,-0.19674051,5.9633565,-21.65507,-17.135738,26.052143,61.534687,31.635084,9.496478,-1.5334142
335,-60.510921478271484,-41.448612213134766,76.7927474975586,1.0733490650418167,-13.887620183777136,-98.45531438007613,17.606512,7.0597506,32.94579,17.124973,-18.32548,-3.5002463,3.5772738,-25.239872,-13.188384,32.485786,-20.901312,8.784895,-1.407352,-9.815095,3.7905993,-20.797325,20.997046,-19.255167,74.254265,-24.737926,-0.07279643,6.0756373,-21.445353,-17.155897,25.96388,61.485508,31.718864,9.374354,-1.5809717
336,-60.66343688964844,-41.5467529296875,76.76678466796875,1.1248740274153615,-13.72292476832678,-97.69768410573663,17.14276,7.088027,32.194286,17.472296,-18.443552,-3.5330105,3.032599,-25.486746,-12.764477,31.869278,-20.589067,8.669065,-1.2982413,-9.989572,3.8103805,-21.013294,20.972162,-19.36404,74.33248,-24.61231,0.07331513,6.183791,-21.255102,-17.171547,25.871185,61.43765,31.77761,9.272784,-1.6209439
337,-60.822486877441406,-41.644290924072266,76.73860931396484,1.1844407930964573,-13.569677417925524,-96.9335140047989,16.684229,7.1023974,31.42808,17.82761,-18.560005,-3.5596476,2.5083027,-25.682213,-12.278027,31.27311,-20.133179,8.606753,-1.1959385,-10.165824,3.834667,-21.202744,20.94918,-19.481428,74.386795,-24.506544,0.2559992,6.304246,-21.086643,-17.18403,25.77657,61.38477,31.796036,9.197671,-1.6544764
338,-60.99410629272461,-41.742862701416016,76.71127319335938,1.2559366827945997,-13.421848110394594,-96.16485408414795,16.225033,7.0995774,30.650862,18.188921,-18.67534,-3.580448,1.9988586,-25.84177,-11.729135,30.692518,-19.571077,8.594501,-1.0992856,-10.347135,3.8600526,-21.37428,20.928122,-19.606575,74.433075,-24.422337,0.45831814,6.430397,-20.935951,-17.195126,25.681398,61.324646,31.78356,9.142349,-1.6892014
339,-61.155364990234375,-41.8394660949707,76.677734375,1.3277577251961468,-13.29391274437811,-95.39857755043325,15.803581,7.0862684,29.875334,18.511452,-18.773355,-3.6080976,1.5250442,-25.971725,-11.162794,30.147394,-18.871277,8.59514,-0.9978285,-10.520117,3.8971417,-21.52798,20.910118,-19.73912,74.46869,-24.37547,0.6619938,6.5286493,-20.798487,-17.206907,25.588816,61.257824,31.77025,9.101192,-1.7167445
340,-61.322593688964844,-41.95651626586914,76.65576934814453,1.3870656703577053,-13.199357876516707,-94.64163258120455,15.449979,7.075939,29.112154,18.770687,-18.841063,-3.6580212,1.1072549,-26.075165,-10.626825,29.655024,-18.001993,8.572483,-0.8819524,-10.670461,3.9564958,-21.663715,20.897787,-19.883463,74.491356,-24.386545,0.84859174,6.565812,-20.671486,-17.222141,25.50419,61.186848,31.787886,9.06867,-1.7287773
341,-61.500667572021484,-42.072235107421875,76.63862609863281,1.4264718904921414,-13.14692277250335,-93.89633480204927,15.18067,7.0753284,28.36345,18.955719,-18.876888,-3.739297,0.7660381,-26.140448,-10.13063,29.188187,-16.878742,8.571418,-0.739531,-10.791901,4.0481324,-21.783695,20.893057,-20.049448,74.50373,-24.47154,1.0134224,6.5058184,-20.547794,-17.24808,25.407444,61.101345,31.856411,9.052172,-1.6949209
342,-61.679439544677734,-42.18710708618164,76.6233901977539,1.452790572792225,-13.126827903645324,-93.15873612436387,14.973331,7.0815873,27.623167,19.090206,-18.89126,-3.8423526,0.48188812,-26.170685,-9.6481905,28.755354,-15.547378,8.597936,-0.59624225,-10.88646,4.161738,-21.865208,20.899523,-20.205494,74.48809,-24.608097,1.1668715,6.37498,-20.44776,-17.276684,25.324987,61.01489,31.96055,9.05101,-1.6305659
343,-61.865108489990234,-42.30105209350586,76.60477447509766,1.4745141445300756,-13.125272656617186,-92.42661085783722,14.809652,7.0867367,26.890364,19.175465,-18.880499,-3.9530327,0.21726802,-26.187183,-9.181152,28.419949,-14.164755,8.5545635,-0.43592614,-10.972586,4.290911,-21.939518,20.915546,-20.385605,74.45467,-24.785994,1.3142788,6.2333603,-20.337366,-17.31759,25.25041,60.90131,32.06227,9.053054,-1.588217
344,-62.04977035522461,-42.421470642089844,76.59623718261719,1.4981791456781917,-13.12854589148483,-91.69715231567235,14.669921,7.0820136,26.163893,19.216051,-18.843039,-4.0570846,-0.06912748,-26.213621,-8.734493,28.250757,-12.88853,8.339698,-0.27669555,-11.057089,4.4191713,-22.006124,20.935827,-20.572598,74.40042,-24.978577,1.4583749,6.142551,-20.225323,-17.36545,25.226175,60.77625,32.13555,9.04212,-1.6252136
345,-62.236900329589844,-42.54415512084961,76.59445190429688,1.52565013983518,-13.138173112116448,-90.97764251509889,14.568327,7.0618186,25.451616,19.188644,-18.76782,-4.150157,-0.43637654,-26.248209,-8.246109,28.334553,-11.73189,7.74808,-0.12341899,-11.134577,4.539787,-22.058474,20.955578,-20.78295,74.33333,-25.222334,1.5882405,6.1250663,-20.139496,-17.40852,25.293747,60.66614,32.1602,9.014249,-1.782695
346,-62.42609786987305,-42.66864776611328,76.59627532958984,1.553495175065454,-13.158961991263578,-90.266701278318,14.507717,7.0316787,24.751284,19.100918,-18.660341,-4.239466,-0.8518107,-26.28331,-7.7489552,28.615854,-10.621839,6.8867064,0.052378055,-11.208477,4.670793,-22.108902,20.98706,-21.0508,74.24524,-25.53485,1.7088907,6.143858,-20.026888,-17.481153,25.401741,60.504982,32.158848,8.9830065,-2.0192184
347,-62.62428665161133,-42.80307388305664,76.60367584228516,1.5845215211142971,-13.184538700479536,-89.54901809973833,14.456101,6.9978757,24.046366,18.994938,-18.538252,-4.3278112,-1.20538,-26.326979,-7.386759,28.92837,-9.576555,6.1204524,0.20774515,-11.282853,4.79276,-22.154902,21.00639,-21.258345,74.15325,-25.78918,1.8324884,6.18316,-19.939875,-17.52887,25.530422,60.38272,32.15173,8.93677,-2.278771
348,-62.82368850708008,-42.92011642456055,76.60123443603516,1.6182362696720414,-13.208545210034076,-88.8078512480417,14.378323,6.968768,23.319696,18.920263,-18.423727,-4.4186206,-1.3842524,-26.384892,-7.285163,29.105848,-8.611549,5.818919,0.3676223,-11.375652,4.9183416,-22.226145,21.02377,-21.408306,74.04543,-25.924034,1.9829462,6.21731,-19.790874,-17.59558,25.595139,60.214596,32.179043,8.8805485,-2.4968832
349,-63.02571105957031,-43.035118103027344,76.58983612060547,1.6397728496849875,-13.242163441950128,-88.03784318898227,14.280466,6.961511,22.564922,18.888823,-18.321112,-4.511306,-1.317351,-26.403688,-7.439028,29.014004,-7.594522,6.267662,0.51207554,-11.475375,5.050698,-22.31744,21.024734,-21.429663,73.93121,-25.87345,2.1798968,6.2552476,-19.624264,-17.64246,25.593817,60.0624,32.225178,8.804852,-2.6641157
350,-63.22873306274414,-43.15966796875,76.57329559326172,1.6545782925644388,-13.284625364052859,-87.24823358362562,14.175202,6.9680953,21.791542,18.878014,-18.221233,-4.6048727,-1.0766855,-26.389713,-7.7752686,28.772242,-6.557759,7.2066407,0.67582816,-11.5726385,5.2070627,-22.447462,21.002575,-21.391438,73.81048,-25.704613,2.4084854,6.303613,-19.361284,-17.73964,25.527672,59.805214,32.28875,8.726511,-2.812548
351,-63.44693374633789,-43.278865814208984,76.56708526611328,1.6871162536360989,-13.312563713933162,-86.44181169256682,14.044369,6.953564,21.004986,18.869535,-18.116856,-4.702004,-0.7539709,-26.442179,-8.326219,28.580458,-5.7603483,8.190166,0.8271292,-11.690228,5.3379474,-22.598309,20.96307,-21.314285,73.702736,-25.46351,2.62565,6.343048,-19.102121,-17.823528,25.44053,59.585365,32.379585,8.63457,-2.9389887
352,-63.673423767089844,-43.41747283935547,76.59365844726562,1.7665718884843833,-13.304435354619944,-85.62297091155085,13.86834,6.885817,20.211273,18.852512,-18.00461,-4.8057632,-0.43208843,-26.67006,-9.141801,28.629587,-5.462093,8.772828,0.96907735,-11.847182,5.422356,-22.774479,20.909973,-21.252123,73.61283,-25.206747,2.791333,6.3539424,-18.83792,-17.909248,25.336617,59.391865,32.513325,8.53675,-3.0425766
353,-63.9134407043457,-43.54854965209961,76.58171844482422,1.9165418555084426,-13.245028444636443,-84.78848462891334,13.627269,6.737405,19.409906,18.827574,-17.884531,-4.914031,-0.13753672,-27.167654,-10.340068,29.076557,-5.8905687,8.753833,1.1061383,-12.07167,5.444241,-22.979586,20.842896,-21.187069,73.53593,-24.910294,2.8916738,6.3328667,-18.557178,-17.997461,25.18866,59.223797,32.69447,8.435483,-3.101746
354,-64.15042877197266,-43.6776123046875,76.54168701171875,2.116559741995268,-13.150961503432194,-83.93815870075463,13.335973,6.534141,18.599606,18.804935,-17.7613,-5.0273085,0.19422501,-27.8592,-11.867569,29.782284,-6.8632245,8.404841,1.2350864,-12.34824,5.4199085,-23.206676,20.767572,-21.10042,73.464325,-24.557478,2.9501746,6.289111,-18.265625,-18.07934,25.002298,59.081818,32.913937,8.32698,-3.1249096
355,-64.38929748535156,-43.810489654541016,76.50635528564453,2.325660110024448,-13.047767764999,-83.07978807515333,13.033284,6.321123,17.785324,18.772667,-17.630407,-5.1521072,0.60897994,-28.592176,-13.522282,30.501076,-8.019997,7.988902,1.3484398,-12.629311,5.377084,-23.445503,20.693956,-21.048498,73.40155,-24.216892,2.9823306,6.2226386,-17.98407,-18.156311,24.831512,58.962616,33.169018,8.208539,-3.1531043
356,-64.63738250732422,-43.9433708190918,76.46776580810547,2.5062983474321485,-12.9596446808447,-82.22070498000885,12.756685,6.140702,16.970526,18.719633,-17.48775,-5.293739,1.1370502,-29.220135,-15.107595,30.988693,-8.990807,7.763736,1.4385288,-12.870103,5.344207,-23.683317,20.633242,-21.085861,73.34675,-23.956287,3.0044525,6.1326137,-17.7327,-18.231983,24.732151,58.860306,33.459736,8.076875,-3.226662
357,-64.87866973876953,-44.07892608642578,76.4281997680664,2.6585746729973083,-12.880123654220508,-81.35413922761192,12.503144,5.984963,16.148596,18.633009,-17.325258,-5.4549823,1.7851025,-29.733236,-16.637547,31.184452,-9.7058525,7.779684,1.478454,-13.074849,5.311508,-23.89602,20.606472,-21.24177,73.280624,-23.8004,3.0147672,6.008648,-17.549263,-18.288347,24.757505,58.809147,33.802372,7.91193,-3.3809874
358,-65.1290512084961,-44.22178649902344,76.40227508544922,2.799262367358594,-12.800072121924106,-80.47878633476877,12.255993,5.8382826,15.319586,18.523659,-17.148376,-5.632232,2.5366998,-30.193048,-18.2006,31.212463,-10.345052,7.9076424,1.5402342,-13.253673,5.293384,-24.155725,20.56935,-21.551603,73.239876,-23.730005,3.0053294,5.8555856,-17.30813,-18.412954,24.805777,58.678528,34.20001,7.7353554,-3.5777671
359,-65.38180541992188,-44.3740234375,76.38532257080078,2.914497127371119,-12.739058616211032,-79.6101677002374,12.032896,5.72755,14.495334,18.413654,-16.97145,-5.820425,3.3704157,-30.558037,-19.715391,31.10743,-10.906579,8.128603,1.5679724,-13.399335,5.285029,-24.386683,20.550097,-21.84804,73.17905,-23.68581,2.9919302,5.687882,-17.105146,-18.522787,24.89191,58.576984,34.605618,7.5650873,-3.7695243
360,-65.63369750976562,-44.52808380126953,76.37830352783203,2.987536005417497,-12.715619360304688,-78.76343507838207,11.857648,5.6783395,13.688309,18.309095,-16.805527,-6.0147057,4.2626195,-30.789455,-21.096119,30.900707,-11.3879385,8.422946,1.5774893,-13.501075,5.3007607,-24.597044,20.540316,-22.06816,73.11282,-23.646517,2.9862442,5.5241575,-16.933714,-18.60337,24.96091,58.508606,34.978584,7.4317603,-3.9032152
361,-65.89168548583984,-44.691795349121094,76.37812805175781,3.0037162619402964,-12.744281647150022,-77.9340474740389,11.742519,5.710012,12.891723,18.217484,-16.653784,-6.2177896,5.2348847,-30.851086,-22.291096,30.550797,-11.764856,8.808789,1.625932,-13.537246,5.3844657,-24.833075,20.514938,-22.24716,73.05172,-23.643559,2.974575,5.347879,-16.689516,-18.742458,24.943968,58.34462,35.329964,7.361623,-3.9591808
362,-66.15151977539062,-44.86071014404297,76.37841796875,2.9745677765842924,-12.810565971965895,-77.11570009336619,11.67306,5.804706,12.10103,18.130919,-16.510155,-6.4305043,6.2824864,-30.772446,-23.349127,30.05019,-12.040433,9.288855,1.6609391,-13.519693,5.4996815,-25.063637,20.484062,-22.37126,72.99585,-23.665138,2.9535213,5.1589627,-16.464859,-18.87498,24.917072,58.19654,35.66901,7.3252854,-3.9726927
363,-66.4154281616211,-45.02583312988281,76.37173461914062,2.922432486505037,-12.8892645799942,-76.32228603183559,11.622675,5.9343467,11.331601,18.051935,-16.375229,-6.6448536,7.34257,-30.614292,-24.335032,29.480963,-12.255235,9.818264,1.6555259,-13.481553,5.599904,-25.265308,20.46742,-22.44244,72.94838,-23.66729,2.9558482,4.995795,-16.312826,-18.939867,24.91714,58.140465,35.975975,7.3023896,-3.9558973
364,-66.68939208984375,-45.18754959106445,76.36099243164062,2.872633660690006,-12.955203305718118,-75.56793953859246,11.562976,6.0728054,10.599286,17.98679,-16.251684,-6.8529735,8.3548355,-30.438812,-25.316101,28.92779,-12.451805,10.351837,1.6580489,-13.42093,5.6856303,-25.475178,20.43092,-22.509972,72.92218,-23.605192,3.0121026,4.8959656,-16.118126,-19.04427,24.903593,58.026566,36.25068,7.3036156,-3.9074864
365,-66.96598815917969,-45.36465835571289,76.35487365722656,2.8373624131633814,-12.998860734461106,-74.84906279693617,11.482029,6.203337,9.901672,17.93563,-16.14023,-7.0471416,9.326423,-30.26238,-26.3192,28.370026,-12.618587,10.932406,1.6289715,-13.358376,5.725537,-25.664307,20.385506,-22.523066,72.911026,-23.430357,3.1352527,4.8867784,-15.942361,-19.13137,24.915237,57.935005,36.47574,7.3211417,-3.814159
366,-67.22586059570312,-45.54268264770508,76.3480224609375,2.8014261758244023,-13.034398566997014,-74.1605196030545,11.397819,6.3421574,9.232985,17.889103,-16.037598,-7.233574,10.280281,-30.051813,-27.304176,27.775303,-12.738726,11.5648155,1.5712945,-13.290692,5.735348,-25.833029,20.345324,-22.491974,72.90991,-23.185028,3.3087342,4.9410768,-15.798951,-19.184898,24.944916,57.884975,36.65789,7.35555,-3.679181
367,-67.4946517944336,-45.71958541870117,76.3414306640625,2.751035005462739,-13.072430700606839,-73.51512660839403,11.321921,6.513595,8.603342,17.853933,-15.941808,-7.424669,11.180268,-29.797928,-28.238607,27.214878,-12.853523,12.145797,1.5074285,-13.1782675,5.737625,-26.003386,20.285572,-22.453566,72.9421,-22.925913,3.5123935,5.0200987,-15.662027,-19.246185,24.983007,57.83646,36.82151,7.405504,-3.5415597
368,-67.75438690185547,-45.896785736083984,76.33676147460938,2.6655756111116578,-13.122418316544264,-72.92455035022917,11.269798,6.739761,8.023317,17.82562,-15.8490095,-7.6329765,11.988192,-29.4983,-29.08792,26.76679,-13.0106535,12.571597,1.4533215,-13.0109,5.7505245,-26.17855,20.225292,-22.458778,73.00665,-22.722198,3.7323315,5.0818095,-15.541109,-19.297628,25.014292,57.80265,36.97572,7.460406,-3.4400253
369,-68.02198028564453,-46.076412200927734,76.33731842041016,2.5414660980863624,-13.18878272674612,-72.39785151311935,11.247801,7.0333705,7.498476,17.804817,-15.760176,-7.8569713,12.680424,-29.147718,-29.832598,26.472279,-13.239616,12.780467,1.402309,-12.783144,5.7807627,-26.330782,20.19632,-22.511112,73.07201,-22.578278,3.9734802,5.1229157,-15.455208,-19.318562,25.053247,57.80313,37.135315,7.509837,-3.3931775
370,-68.30132293701172,-46.241455078125,76.33732604980469,2.384225137373417,-13.264813039415774,-71.9264648870393,11.244245,7.381258,7.022098,17.795841,-15.678425,-8.09156,13.278078,-28.752628,-30.490715,26.287518,-13.516595,12.83621,1.3590859,-12.499693,5.8180013,-26.483076,20.168139,-22.597597,73.166435,-22.463419,4.2385144,5.1653214,-15.379725,-19.333328,25.096996,57.813873,37.295544,7.562321,-3.378145
371,-68.58165740966797,-46.41165542602539,76.34098815917969,2.2084603028749616,-13.345477146529834,-71.49721822912795,11.255119,7.765473,6.5863366,17.78409,-15.592454,-8.3441105,13.813269,-28.327839,-31.08784,26.159885,-13.807413,12.823993,1.2990434,-12.181111,5.8616366,-26.606281,20.158634,-22.67134,73.24542,-22.381514,4.5246916,5.190751,-15.335123,-19.335556,25.128239,57.83646,37.409153,7.633541,-3.3673165
372,-68.86148834228516,-46.58321762084961,76.34943389892578,2.0270091144623743,-13.425646409727872,-71.0966585702617,11.273667,8.168082,6.182584,17.761547,-15.494941,-8.621755,14.318752,-27.885159,-31.651184,26.035738,-14.077279,12.829062,1.2463473,-11.8607435,5.8944144,-26.760479,20.14128,-22.79722,73.37423,-22.386343,4.8218565,5.1891265,-15.284139,-19.32913,25.12261,57.849957,37.466576,7.7329273,-3.3408606
373,-69.14104461669922,-46.74955368041992,76.35052490234375,1.838234082150822,-13.502553439776294,-70.72281116456126,11.300521,8.588326,5.8105016,17.718527,-15.380181,-8.936695,14.791564,-27.42774,-32.183434,25.917635,-14.316929,12.8742285,1.1485099,-11.5114975,5.924604,-26.856165,20.139246,-22.85744,73.44148,-22.42895,5.1434956,5.1569977,-15.284409,-19.321737,25.107817,57.883358,37.448338,7.871452,-3.2823515
374,-69.42425537109375,-46.9127082824707,76.35157775878906,1.6379250149467823,-13.580219661156198,-70.38187187334432,11.340013,9.03466,5.473605,17.659473,-15.251948,-9.281691,15.217937,-26.950312,-32.67243,25.829224,-14.545305,12.913353,1.0758005,-11.162668,5.9543114,-26.995586,20.141743,-22.998407,73.55222,-22.559435,5.487647,5.1021304,-15.279311,-19.290756,25.029518,57.921032,37.37099,8.035321,-3.2061672
375,-69.73050689697266,-47.07011413574219,76.34766387939453,1.4313515969668242,-13.660667240342615,-70.07401905026957,11.386956,9.501682,5.170975,17.603804,-15.120666,-9.634319,15.610528,-26.455334,-33.11905,25.753403,-14.772232,12.929861,1.001095,-10.814521,5.9861,-27.123995,20.158293,-23.150173,73.672905,-22.739784,5.837351,5.0237446,-15.292863,-19.221865,24.887945,57.9645,37.195393,8.220506,-3.1255312
376,-70.03520965576172,-47.22641372680664,76.3460922241211,1.2197975746811236,-13.7468449355332,-69.79836430938174,11.436923,9.985748,4.9009213,17.570377,-14.99641,-9.972635,15.985522,-25.937223,-33.526714,25.666162,-15.003777,12.906646,0.8979088,-10.468206,6.0202823,-27.207245,20.196201,-23.262247,73.7963,-22.947126,6.1747756,4.9185424,-15.342509,-19.115929,24.708866,58.005653,36.912533,8.422291,-3.0566187
377,-70.3362045288086,-47.381099700927734,76.34371185302734,1.0028960949638208,-13.840732427297532,-69.55337244168172,11.498256,10.4857855,4.662672,17.54599,-14.873451,-10.300433,16.342257,-25.404778,-33.894436,25.58064,-15.246341,12.829302,0.77013594,-10.113991,6.069052,-27.253801,20.242966,-23.312181,73.92685,-23.177256,6.510952,4.769654,-15.400542,-19.009392,24.473652,57.996944,36.50122,8.663278,-3.00976
378,-70.6318130493164,-47.530426025390625,76.3386459350586,0.7812983252716963,-13.940770485826244,-69.33972142886591,11.57031,11.004596,4.45726,17.527,-14.749101,-10.626488,16.675524,-24.857098,-34.221436,25.502428,-15.494712,12.710163,0.6299282,-9.74875,6.1301866,-27.280313,20.292507,-23.329319,74.07056,-23.440643,6.849864,4.5848603,-15.458357,-18.906462,24.181684,57.94189,35.981045,8.940213,-2.9727013
379,-70.93789672851562,-47.67597961425781,76.3364028930664,0.5530012129103443,-14.04409219268434,-69.1600894065073,11.636958,11.543626,4.28599,17.545263,-14.638085,-10.93564,16.995024,-24.28153,-34.509987,25.397882,-15.738082,12.573213,0.49005494,-9.39782,6.1919246,-27.281042,20.373625,-23.381168,74.21828,-23.7521,7.1660614,4.3957906,-15.533453,-18.751554,23.832352,57.886696,35.378044,9.210848,-2.9236982
380,-71.24737548828125,-47.8254508972168,76.33594512939453,0.31227987725959083,-14.146206693214802,-69.01626093630756,11.6782465,12.106625,4.1494627,17.639074,-14.558414,-11.213208,17.310337,-23.666273,-34.761314,25.23308,-15.965428,12.442306,0.33513665,-9.035211,6.243806,-27.222965,20.474197,-23.454926,74.34645,-24.09079,7.427448,4.236147,-15.622298,-18.580656,23.494568,57.813915,34.767746,9.444167,-2.845789
381,-71.5635986328125,-47.97312927246094,76.3330078125,0.05481021490467517,-14.249219871489624,-68.91286894302803,11.694766,12.705191,4.0453115,17.811182,-14.5134,-11.466253,17.63007,-22.991972,-34.975002,24.981121,-16.172504,12.3229265,0.17067006,-8.633059,6.2938557,-27.119217,20.569569,-23.566229,74.4938,-24.469095,7.623217,4.1154246,-15.684569,-18.438713,23.15211,57.64619,34.142174,9.627766,-2.7081714
382,-71.86489868164062,-48.11720657348633,76.32672119140625,-0.2172437715339238,-14.353475456336888,-68.84677032672833,11.697575,13.333224,3.974089,18.038857,-14.491033,-11.699042,17.948952,-22.272303,-35.150436,24.663923,-16.364426,12.20252,0.005680921,-8.234948,6.3431835,-26.978064,20.705961,-23.7499,74.6469,-24.917208,7.775843,4.012325,-15.747709,-18.257267,22.761257,57.44219,33.454403,9.773518,-2.5284395
383,-72.17537689208984,-48.25493621826172,76.3222885131836,-0.4895181310156705,-14.456624513417898,-68.81112110739893,11.677399,13.97305,3.939384,18.32994,-14.490356,-11.892675,18.256012,-21.535603,-35.29099,24.315823,-16.541407,12.077701,-0.16446549,-7.831573,6.3865047,-26.78282,20.85222,-23.91942,74.74303,-25.361542,7.886052,3.9232144,-15.818224,-18.07993,22.390182,57.237022,32.779842,9.913438,-2.3611836
384,-72.48865509033203,-48.396366119384766,76.31781768798828,-0.7513628816176359,-14.554542011191755,-68.79812650796623,11.629107,14.60577,3.9455857,18.685673,-14.50646,-12.028429,18.539799,-20.811682,-35.400356,23.973919,-16.705322,11.945171,-0.32238984,-7.441582,6.420383,-26.537521,21.00668,-24.064371,74.72446,-25.77619,7.9587817,3.8422086,-15.901465,-17.90758,22.060966,57.08389,32.169044,10.07697,-2.2571838
385,-72.79497528076172,-48.53386688232422,76.31314086914062,-1.0080369100602744,-14.649185319942887,-68.80396410351156,11.544566,15.237875,3.96727,19.120415,-14.55484,-12.0966015,18.80676,-20.088621,-35.482464,23.631044,-16.852459,11.801689,-0.46974608,-7.05693,6.4427543,-26.231949,21.171103,-24.201778,74.57371,-26.16878,7.9825106,3.7782364,-16.00529,-17.74022,21.78565,57.000584,31.639093,10.284482,-2.241325
386,-73.10781860351562,-48.67409896850586,76.30905151367188,-1.2654821375600411,-14.741076812193063,-68.83320060077912,11.431108,15.876204,4.010529,19.624367,-14.6303835,-12.1082325,19.06089,-19.356705,-35.535454,23.273129,-16.983229,11.649967,-0.6094894,-6.6699624,6.456204,-25.874706,21.340895,-24.337809,74.3286,-26.552433,7.957538,3.7303789,-16.120474,-17.582533,21.547018,56.952946,31.16413,10.518548,-2.2820234
387,-73.42218017578125,-48.80940628051758,76.30826568603516,-1.5019896827828516,-14.827174916845612,-68.89129608141948,11.302318,16.50458,4.1263156,20.171312,-14.7018585,-12.076035,19.287415,-18.652147,-35.554455,22.92853,-17.106064,11.4945545,-0.739055,-6.307829,6.4622197,-25.473085,21.523441,-24.417109,73.99059,-26.890171,7.910774,3.676321,-16.244009,-17.422413,21.32955,56.933624,30.720137,10.749565,-2.346855
388,-73.72638702392578,-48.94904327392578,76.31067657470703,-1.6950153242607668,-14.904876084227176,-68.98486439345419,11.172056,17.107317,4.3662767,20.740082,-14.740739,-12.012257,19.470776,-18.01002,-35.53508,22.627512,-17.230373,11.339948,-0.8535391,-5.983679,6.4608583,-25.052189,21.703114,-24.401768,73.58562,-27.162695,7.86428,3.597014,-16.364977,-17.270031,21.12696,56.925243,30.294199,10.949703,-2.4045124
389,-74.02944946289062,-49.07772445678711,76.31603240966797,-1.8457021735762038,-14.976198070142924,-69.1175434326275,11.045933,17.68905,4.758146,21.337753,-14.748037,-11.918072,19.608662,-17.432789,-35.475067,22.377028,-17.356348,11.187366,-0.94549257,-5.694063,6.4563518,-24.598238,21.873528,-24.258856,73.07791,-27.352398,7.8123503,3.4745681,-16.476194,-17.125956,20.927858,56.926727,29.874382,11.108318,-2.452823
390,-74.3240966796875,-49.20891571044922,76.32657623291016,-1.9618594148740358,-15.041843113268614,-69.28552905532906,10.91702,18.257154,5.2702837,21.97743,-14.739574,-11.787009,19.707716,-16.904682,-35.37828,22.16615,-17.482191,11.03394,-1.0183321,-5.430143,6.446071,-24.110292,22.033457,-24.02152,72.47785,-27.477707,7.7451005,3.3244064,-16.58356,-16.99081,20.74147,56.945274,29.473423,11.241871,-2.5073538
391,-74.63062286376953,-49.33989715576172,76.3384017944336,-2.0413131694782365,-15.097385001975843,-69.48294260592553,10.786969,18.799732,5.867285,22.634684,-14.702139,-11.619903,19.76995,-16.432255,-35.252674,21.992117,-17.611238,10.878575,-1.0785179,-5.2032924,6.422415,-23.627125,22.180363,-23.73157,71.86938,-27.549093,7.6814394,3.1757896,-16.68729,-16.865894,20.576824,56.96819,29.106215,11.362573,-2.5620413
392,-74.93518829345703,-49.464298248291016,76.35604095458984,-2.0774147753584904,-15.138472218260171,-69.70442486619106,10.654299,19.305569,6.5130897,23.288748,-14.625983,-11.417681,19.796318,-16.016651,-35.105965,21.850199,-17.745953,10.719693,-1.1020772,-5.010185,6.3778195,-23.240274,22.26329,-23.463686,71.39173,-27.578003,7.6330495,3.0631127,-16.745647,-16.788807,20.42003,56.944637,28.79374,11.487759,-2.6081576
393,-75.22371673583984,-49.587162017822266,76.37950134277344,-2.0483084397904685,-15.15796147443571,-69.95470819191762,10.516163,19.747498,7.230899,23.934278,-14.500673,-11.161986,19.766764,-15.699486,-34.937683,21.776087,-17.90024,10.562676,-1.1456233,-4.9044604,6.304304,-22.848272,22.378096,-23.143139,70.94101,-27.55366,7.623977,2.9864495,-16.84024,-16.681984,20.312881,56.947414,28.537355,11.604727,-2.6468334
394,-75.50865173339844,-49.71305465698242,76.40992736816406,-1.9632187025171466,-15.160188240672705,-70.23499007277452,10.373226,20.14256,8.029595,24.587997,-14.338041,-10.85758,19.688335,-15.463518,-34.745827,21.758722,-18.06778,10.406221,-1.1668701,-4.857635,6.205582,-22.502544,22.465954,-22.805918,70.5519,-27.481544,7.633641,2.9357202,-16.916374,-16.591717,20.22274,56.935894,28.33465,11.714256,-2.6796644
395,-75.80970764160156,-49.831668853759766,76.44371032714844,-1.867771684793608,-15.156671899687678,-70.53276241243802,10.23268,20.540007,8.853086,25.250301,-14.154318,-10.538713,19.599243,-15.234093,-34.534645,21.735535,-18.2272,10.239331,-1.1568272,-4.8167634,6.100179,-22.242107,22.506273,-22.508202,70.266685,-27.384468,7.645581,2.904459,-16.955774,-16.53814,20.137886,56.892628,28.1605,11.828758,-2.7102697
396,-76.10460662841797,-49.958412170410156,76.47737121582031,-1.8073961464533328,-15.160296123309786,-70.83650310388387,10.101818,20.987324,9.644285,25.921076,-13.965523,-10.239222,19.538042,-14.938395,-34.307777,21.64358,-18.357227,10.051131,-1.1758158,-4.7435665,6.001164,-22.008186,22.544586,-22.219162,70.042885,-27.269268,7.6514406,2.8799853,-17.033442,-16.479193,20.11361,56.886738,27.985847,11.950155,-2.7509458
397,-76.39619445800781,-50.07319641113281,76.50951385498047,-1.7894956740572092,-15.166361396410148,-71.15338125357565,9.982719,21.497568,10.390766,26.584578,-13.763239,-9.982255,19.498177,-14.559924,-34.054115,21.473078,-18.453178,9.831358,-1.1943594,-4.6320252,5.9059467,-21.843088,22.569735,-21.973207,69.92368,-27.140713,7.652456,2.8718305,-17.128471,-16.428057,20.145615,56.8987,27.803019,12.089475,-2.7921653
398,-76.69894409179688,-50.19032287597656,76.54376983642578,-1.7922884389666887,-15.170967280058912,-71.48623745180481,9.87167,22.045435,11.121672,27.246712,-13.544045,-9.742912,19.465473,-14.1373205,-33.775593,21.256279,-18.52673,9.588661,-1.2026101,-4.5062857,5.810184,-21.746275,22.579885,-21.763845,69.89912,-26.993095,7.6538773,2.8809633,-17.22605,-16.389362,20.215275,56.914326,27.625015,12.241035,-2.8321352
399,-76.98414611816406,-50.31589126586914,76.5752944946289,-1.8114003866127792,-15.188231148750763,-71.81762083311585,9.764993,22.622808,11.841724,27.939217,-13.330839,-9.482676,19.471106,-13.677495,-33.496353,20.984154,-18.576263,9.339896,-1.2381077,-4.3622136,5.723102,-21.668749,22.584124,-21.574379,69.914925,-26.839342,7.6472144,2.8885381,-17.34014,-16.351313,20.313244,56.95224,27.461668,12.387217,-2.890384
400,-77.2889633178711,-50.44169616699219,76.60409545898438,-1.8452617341032485,-15.230887626261321,-72.12893060378134,9.66047,23.222605,12.555827,28.6923,-13.147231,-9.162413,19.54493,-13.189595,-33.239563,20.650387,-18.60123,9.101901,-1.2916347,-4.206836,5.6593876,-21.617096,22.586641,-21.464006,69.950806,-26.71953,7.624463,2.875505,-17.428295,-16.31966,20.375565,56.980137,27.317825,12.51522,-2.9805155
401,-77.57997131347656,-50.570560455322266,76.633056640625,-1.8952755926459048,-15.310765691197176,-72.41289734816691,9.581797,23.83759,13.232116,29.472248,-12.967827,-8.837201,19.71526,-12.667652,-33.0144,20.229567,-18.592196,8.883194,-1.3867052,-4.0389857,5.625613,-21.571136,22.593176,-21.42004,69.994865,-26.621078,7.5815635,2.8357918,-17.50875,-16.280308,20.41135,57.024357,27.202055,12.617083,-3.1224873
402,-77.87293243408203,-50.7011604309082,76.65608215332031,-1.9591926181527268,-15.41853977430411,-72.68065770436179,9.521387,24.475515,13.878689,30.27553,-12.792926,-8.501523,19.9608,-12.110432,-32.805893,19.729696,-18.551,8.673633,-1.5033946,-3.8686686,5.61285,-21.552319,22.607883,-21.451635,70.07059,-26.542824,7.5248275,2.7799222,-17.582653,-16.226463,20.42238,57.08735,27.101254,12.700493,-3.3022463
403,-78.16365814208984,-50.826908111572266,76.6791763305664,-2.0363291313394356,-15.53452445531536,-72.94132652198776,9.432647,25.154993,14.561642,31.17864,-12.688184,-8.026041,20.234707,-11.532788,-32.600727,19.196436,-18.49453,8.461944,-1.6346749,-3.6744304,5.620357,-21.545715,22.61697,-21.509146,70.14565,-26.481693,7.45908,2.711092,-17.631317,-16.203545,20.421078,57.11062,27.01054,12.780628,-3.4861884
404,-78.46585845947266,-50.952362060546875,76.69568634033203,-2.1236884879574593,-15.64018235053537,-73.2039343134995,9.277754,25.893059,15.349893,32.248116,-12.71742,-7.282892,20.489647,-10.951122,-32.387234,18.678907,-18.442074,8.236828,-1.7578996,-3.4904077,5.6151724,-21.571081,22.637882,-21.634056,70.24409,-26.484165,7.3901677,2.6393492,-17.680218,-16.156294,20.39844,57.144745,26.907934,12.852114,-3.6539052
405,-78.7571792602539,-51.07598114013672,76.71131134033203,-2.223460297639742,-15.7371387461418,-73.46830079951316,9.05298,26.742731,16.33623,33.555367,-12.8872175,-6.169425,20.731428,-10.359698,-32.16607,18.165216,-18.385838,7.998601,-1.8920889,-3.295145,5.6104636,-21.61842,22.665508,-21.793888,70.35619,-26.558304,7.3189282,2.5472078,-17.740875,-16.10671,20.37495,57.182663,26.788717,12.917396,-3.7847323
406,-79.04509735107422,-51.19623565673828,76.72089385986328,-2.335526870189832,-15.833631352927593,-73.73057926738696,8.794906,27.68531,17.463058,35.03334,-13.177904,-4.770948,20.980515,-9.752529,-31.942099,17.635172,-18.318115,7.75209,-2.03566,-3.1045253,5.6083817,-21.682642,22.717438,-22.014446,70.47473,-26.699612,7.2454576,2.4376428,-17.810116,-16.032763,20.336658,57.2336,26.656677,12.972524,-3.9009736
407,-79.32511901855469,-51.317626953125,76.72667694091797,-2.454692894170791,-15.918883443248259,-73.99496190404513,8.517017,28.621881,18.570215,36.55243,-13.61219,-3.251068,21.20803,-9.147198,-31.709131,17.130903,-18.26343,7.4930434,-2.1976976,-2.8893332,5.6063104,-21.730602,22.756569,-22.195803,70.567055,-26.820059,7.165767,2.3377001,-17.867325,-15.989419,20.307579,57.244896,26.53572,13.029792,-4.0181885
408,-79.6127700805664,-51.4262809753418,76.72461700439453,-2.577561711702376,-15.982680797760615,-74.2654005612023,8.216388,29.441229,19.4905,37.991978,-14.190456,-1.783849,21.382114,-8.564839,-31.461432,16.704847,-18.248268,7.217189,-2.364588,-2.6597345,5.5922523,-21.756481,22.774796,-22.30326,70.62292,-26.859383,7.0786304,2.2753134,-17.89925,-15.971101,20.26747,57.20177,26.425306,13.093145,-4.1549673
409,-79.88546752929688,-51.534088134765625,76.71683502197266,-2.7101045817634444,-16.016423318909943,-74.53636998774427,7.852163,30.183544,20.2598,39.42921,-14.978879,-0.2330084,21.487604,-7.999496,-31.201408,16.37123,-18.283873,6.9074917,-2.4901142,-2.45354,5.5559273,-21.811758,22.798887,-22.431984,70.67187,-26.843122,6.984813,2.2562935,-17.86635,-15.940165,20.123335,57.089092,26.305244,13.157846,-4.305205
410,-80.15181732177734,-51.64638900756836,76.7098159790039,-2.8528877643442963,-16.028033080201595,-74.80799318496392,7.427254,30.867666,20.925735,40.89786,-15.934157,1.4232979,21.54189,-7.4437823,-30.931517,16.107384,-18.357464,6.5714755,-2.6454494,-2.2226937,5.5041127,-21.833366,22.805147,-22.480843,70.6865,-26.758976,6.879665,2.2681928,-17.83121,-15.925287,19.986088,56.94603,26.203348,13.223668,-4.4700994
411,-80.40338134765625,-51.75909423828125,76.69612884521484,-2.9866043265978965,-16.03218989992665,-75.09160666893408,6.993177,31.33819,21.346975,42.206066,-16.87469,2.8348844,21.560854,-6.923237,-30.646849,15.914122,-18.461935,6.2416816,-2.7534182,-2.0136554,5.4517856,-21.890495,22.799282,-22.543362,70.70366,-26.639793,6.7751884,2.3068936,-17.749174,-15.913066,19.788755,56.752853,26.07657,13.294792,-4.648139
412,-80.6527099609375,-51.87530517578125,76.67117309570312,-3.0931647857077373,-16.042897798882755,-75.39723553096012,6.591041,31.450243,21.390757,43.174503,-17.631065,3.6493738,21.562752,-6.4598966,-30.343964,15.784633,-18.585842,5.950958,-2.842422,-1.8211802,5.4006343,-21.934044,22.778751,-22.56554,70.69556,-26.481968,6.677168,2.3691235,-17.661705,-15.9135475,19.635101,56.547756,25.954983,13.371871,-4.860331
413,-80.89246368408203,-51.981658935546875,76.63656616210938,-3.1735405376385932,-16.055361372240565,-75.73141723274901,6.189827,31.07268,20.827286,43.70542,-18.163048,3.6209755,21.527668,-6.057136,-30.014555,15.745752,-18.739252,5.7085323,-2.8936427,-1.6471754,5.350567,-21.974483,22.74183,-22.543367,70.653175,-26.262543,6.592793,2.4724104,-17.555727,-15.926733,19.515081,56.31477,25.812975,13.467367,-5.1236224
414,-81.11952209472656,-52.09366226196289,76.60957336425781,-3.235743578068493,-16.06542725225212,-76.08711488779048,5.777413,30.316477,19.81325,43.927456,-18.590559,2.987569,21.45456,-5.700709,-29.664602,15.789395,-18.922676,5.4965115,-2.9132917,-1.4813784,5.2979007,-22.022894,22.676474,-22.475763,70.59695,-25.976112,6.5144873,2.6131113,-17.425013,-15.95978,19.410637,56.04626,25.65877,13.577648,-5.4266725
415,-81.32933044433594,-52.212345123291016,76.58992004394531,-3.2746791307468106,-16.08733114500081,-76.45512658293791,5.424321,29.408266,18.79598,43.98946,-18.98062,2.1289256,21.386745,-5.3887,-29.308609,15.862694,-19.11257,5.306297,-2.9100482,-1.3227087,5.250139,-22.088545,22.577675,-22.413746,70.56002,-25.691416,6.4311852,2.7575464,-17.2729,-16.020517,19.314085,55.755962,25.527224,13.681368,-5.732032
416,-81.55339050292969,-52.33307647705078,76.56942749023438,-3.2771403062077633,-16.13592058668106,-76.82680170743343,5.1832275,28.574194,18.198769,44.02996,-19.35589,1.4200901,21.364038,-5.123855,-28.96109,15.922478,-19.292072,5.1296725,-2.911962,-1.2004801,5.219004,-22.135689,22.503931,-22.391233,70.51883,-25.478882,6.341471,2.8636026,-17.129923,-16.07344,19.22107,55.482975,25.440443,13.752124,-6.0035253
417,-81.75709533691406,-52.45738220214844,76.55662536621094,-3.2325326816873514,-16.225043332567335,-77.1988262085611,5.071623,27.834473,18.09061,44.06596,-19.686113,0.9299209,21.404982,-4.925668,-28.629396,15.971412,-19.46295,4.968663,-2.8839076,-1.1069883,5.2163815,-22.228397,22.395576,-22.46769,70.54039,-25.359701,6.229327,2.9320455,-16.933382,-16.16938,19.093168,55.162495,25.420225,13.786004,-6.233581
418,-81.94512176513672,-52.58291244506836,76.54879760742188,-3.1452060268996003,-16.342904273673582,-77.57620234617356,5.053617,27.086298,18.247913,44.021603,-19.95782,0.46896115,21.484426,-4.7873425,-28.30539,16.02922,-19.633345,4.826174,-2.8583777,-1.0554732,5.2347584,-22.301702,22.313648,-22.58638,70.54694,-25.306896,6.110168,2.973996,-16.734911,-16.258617,18.969542,54.840847,25.44436,13.788805,-6.4449444
419,-82.13153076171875,-52.7059440612793,76.53861999511719,-3.0436843055814293,-16.4637986323061,-77.96190707292503,5.090938,26.371479,18.639343,43.895172,-20.19396,0.022081815,21.580273,-4.6671586,-27.979084,16.066395,-19.78927,4.69541,-2.821383,-1.0189012,5.2547517,-22.366974,22.242325,-22.708961,70.54875,-25.277561,5.99346,2.9882653,-16.540821,-16.347631,18.839819,54.534203,25.48004,13.777527,-6.626112
420,-82.3119888305664,-52.82870101928711,76.53662109375,-2.953480731094349,-16.562570595698705,-78.35822035581805,5.1448665,25.732105,19.235792,43.68993,-20.420887,-0.42535305,21.67299,-4.522079,-27.640528,16.049126,-19.913961,4.569515,-2.7630072,-0.9706678,5.255843,-22.430908,22.167904,-22.792955,70.55356,-25.227715,5.8889346,2.9739926,-16.363338,-16.43989,18.699223,54.26565,25.496174,13.768494,-6.7667437
421,-82.48428344726562,-52.9519157409668,76.53299713134766,-2.8805818652800723,-16.634618129808143,-78.7664882599356,5.2282567,25.192188,20.084755,43.39022,-20.642351,-0.9062813,21.760483,-4.340362,-27.285826,15.963297,-20.0011,4.444857,-2.681581,-0.9020622,5.2315254,-22.496222,22.083319,-22.814545,70.56636,-25.131819,5.7962346,2.9172664,-16.211699,-16.53246,18.544464,54.054348,25.496576,13.764292,-6.855418
422,-82.65886688232422,-53.082794189453125,76.53263854980469,-2.8101343834881916,-16.692384074403332,-79.18462204956012,5.360867,24.717619,21.183956,42.994774,-20.83667,-1.4066576,21.852137,-4.146974,-26.920828,15.831129,-20.061754,4.3260093,-2.6042218,-0.83758175,5.189187,-22.53264,22.020683,-22.78431,70.562805,-25.021072,5.7131953,2.8219333,-16.111729,-16.591658,18.40088,53.922394,25.492064,13.751475,-6.905783
423,-82.83361053466797,-53.21619415283203,76.53710174560547,-2.7390442873492606,-16.73827855324255,-79.61185865529244,5.5121856,24.26657,22.431183,42.53052,-20.997215,-1.8694353,21.946321,-3.9514644,-26.550291,15.667412,-20.101072,4.217943,-2.506383,-0.770743,5.133435,-22.577887,21.941824,-22.743567,70.58147,-24.914686,5.637133,2.7200558,-16.018446,-16.658573,18.253164,53.810932,25.466164,13.735003,-6.9332786
424,-82.99642944335938,-53.354026794433594,76.54385375976562,-2.66422821281232,-16.77392218799344,-80.04689690362606,5.6486692,23.800026,23.722616,42.021847,-21.119684,-2.2352242,22.044613,-3.7628245,-26.17914,15.481801,-20.121843,4.125573,-2.4132385,-0.7153932,5.065054,-22.600828,21.872412,-22.69735,70.59956,-24.8427,5.572946,2.6384573,-15.955099,-16.71198,18.137447,53.7311,25.40435,13.709479,-6.963393
425,-83.15950775146484,-53.49684524536133,76.55101776123047,-2.577665904659769,-16.802398979110784,-80.49182495655808,5.770484,23.309464,25.055044,41.454525,-21.200619,-2.4726317,22.160524,-3.5840678,-25.808628,15.251791,-20.113144,4.055027,-2.3128114,-0.67161465,4.984129,-22.615858,21.799866,-22.665478,70.63512,-24.820885,5.5281577,2.5796814,-15.913756,-16.763712,18.048513,53.68358,25.287552,13.670807,-6.996456
426,-83.3137435913086,-53.63873291015625,76.56282806396484,-2.484596947624834,-16.821627192866487,-80.94636362684766,5.891028,22.812948,26.474531,40.82018,-21.243982,-2.619492,22.286089,-3.4119852,-25.43568,14.987642,-20.078245,4.0021744,-2.1885393,-0.6250252,4.887724,-22.652674,21.693014,-22.648819,70.71768,-24.830238,5.4943876,2.5338926,-15.874011,-16.83339,17.967594,53.65349,25.132244,13.624405,-7.020835
427,-83.46160888671875,-53.78468704223633,76.57442474365234,-2.3962581077993192,-16.826815559246164,-81.40645275500196,5.993851,22.315708,27.950256,40.152195,-21.259897,-2.7181852,22.401564,-3.2405922,-25.06078,14.721,-20.039026,3.9556735,-2.0712159,-0.5844744,4.7804375,-22.665459,21.595797,-22.60437,70.789795,-24.844183,5.4608884,2.502425,-15.856573,-16.891003,17.909193,53.635376,24.96617,13.577573,-7.0419655
428,-83.61480712890625,-53.93613052368164,76.58525085449219,-2.3218426732421267,-16.81318248837889,-81.86806705663844,6.0617075,21.825296,29.451828,39.487152,-21.25963,-2.8107984,22.485907,-3.0632741,-24.684217,14.484684,-20.016016,3.904406,-1.9688314,-0.5391185,4.6653504,-22.652292,21.50505,-22.514679,70.84148,-24.839706,5.4094872,2.4917698,-15.8482065,-16.941904,17.869665,53.59144,24.82064,13.542885,-7.0620933
429,-83.76331329345703,-54.07963562011719,76.58837127685547,-2.259500395961381,-16.776600867344566,-82.33834557820946,6.1222363,21.365564,31.101515,38.820015,-21.269768,-2.8730264,22.525728,-2.8875105,-24.300907,14.294835,-20.017885,3.8411996,-1.8779324,-0.508355,4.5421615,-22.588516,21.4554,-22.377075,70.83759,-24.815369,5.3443685,2.5117693,-15.857616,-16.968185,17.85291,53.523594,24.70366,13.520141,-7.0819664
430,-83.90331268310547,-54.22825241088867,76.59025573730469,-2.205086475930346,-16.720553510384782,-82.816693680397,6.174246,20.924095,32.872963,38.135662,-21.27713,-2.8956652,22.536385,-2.7112434,-23.912123,14.126676,-20.02953,3.7729928,-1.8047931,-0.44954202,4.405345,-22.5029,21.366808,-22.160368,70.840805,-24.753225,5.2604804,2.5637655,-15.888882,-17.018038,17.889233,53.443676,24.615473,13.50783,-7.1027246
431,-84.0417709350586,-54.37911605834961,76.58489990234375,-2.1703578238877466,-16.653011030128305,-83.28703220760134,6.156661,20.457405,34.51303,37.457436,-21.23215,-2.9403853,22.533863,-2.5204663,-23.529022,13.969749,-20.047182,3.7106895,-1.7417455,-0.39244044,4.267527,-22.402687,21.296146,-21.931307,70.82365,-24.69567,5.1660595,2.615648,-15.910744,-17.057335,17.91454,53.330013,24.522219,13.504953,-7.1174197
432,-84.18783569335938,-54.530696868896484,76.5751953125,-2.164011385489042,-16.5820509219073,-83.73510349818531,6.008092,19.931402,35.768734,36.807827,-21.08489,-3.0644753,22.53644,-2.2985744,-23.161825,13.807627,-20.063889,3.664812,-1.7128519,-0.32087734,4.1370225,-22.29028,21.239002,-21.685894,70.78922,-24.650282,5.05771,2.6419456,-15.922869,-17.087645,17.923586,53.18239,24.41128,13.512724,-7.125256
433,-84.3304672241211,-54.682212829589844,76.55509185791016,-2.193902101181803,-16.501897553324252,-84.15435616859388,5.706309,19.3412,36.60058,36.178024,-20.792189,-3.309695,22.54352,-2.03344,-22.813091,13.624553,-20.070627,3.6438506,-1.7106069,-0.24601631,4.008775,-22.169939,21.210281,-21.43265,70.7315,-24.631756,4.936993,2.6258774,-15.912599,-17.099558,17.89486,52.986763,24.271614,13.540289,-7.117428
434,-84.4729995727539,-54.83196258544922,76.52594757080078,-2.2519715916578193,-16.411482247360215,-84.55451763110307,5.287497,18.714735,37.136185,35.56271,-20.392744,-3.6339884,22.545969,-1.7366931,-22.47657,13.4370985,-20.076118,3.6405578,-1.7537957,-0.14944065,3.8817253,-22.01563,21.188698,-21.112038,70.643585,-24.604637,4.8015842,2.5854077,-15.9126835,-17.105915,17.877392,52.766182,24.122889,13.584512,-7.100685
435,-84.61357116699219,-54.97557067871094,76.48600769042969,-2.3294620380786997,-16.326549070589085,-84.94339116233678,4.7783823,18.067823,37.372456,34.995,-19.960545,-3.9707859,22.556303,-1.4247323,-22.14994,13.259085,-20.088995,3.6417341,-1.8271788,-0.03985762,3.7683117,-21.844503,21.181208,-20.789366,70.53925,-24.582113,4.6539483,2.5430481,-15.91158,-17.10255,17.853361,52.52748,23.963488,13.625254,-7.087152
436,-84.75804901123047,-55.12217330932617,76.4438705444336,-2.4187572294841875,-16.262213294599007,-85.32789215831198,4.205683,17.414951,37.306408,34.512745,-19.569836,-4.256445,22.583254,-1.1157396,-21.831375,13.114589,-20.12434,3.6340759,-1.9003645,0.07161112,3.6806645,-21.69256,21.18455,-20.54074,70.447845,-24.571321,4.495962,2.5222228,-15.880008,-17.090645,17.78626,52.263367,23.788614,13.643972,-7.0867715
437,-84.9049301147461,-55.265132904052734,76.39089965820312,-2.527840028537919,-16.223102734881977,-85.69658128389817,3.5273535,16.729069,36.801388,34.13339,-19.219454,-4.5011873,22.633915,-0.7995154,-21.534353,13.0022955,-20.184021,3.6131153,-2.022673,0.20562623,3.6323657,-21.513817,21.208178,-20.314545,70.33259,-24.543242,4.3225126,2.5310109,-15.856091,-17.057884,17.699028,51.994534,23.593353,13.630934,-7.108154
438,-85.03311920166016,-55.41835403442383,76.34072875976562,-2.656346359925446,-16.201233994475913,-86.05038603019383,2.7553935,16.007715,35.911224,33.841526,-18.880445,-4.732146,22.700928,-0.47199282,-21.255009,12.9141445,-20.261925,3.5863729,-2.151863,0.35172054,3.6077058,-21.36024,21.236631,-20.167568,70.23789,-24.534155,4.1321335,2.559859,-15.794185,-17.019985,17.562458,51.68537,23.382675,13.599283,-7.142155
439,-85.1640853881836,-55.574851989746094,76.28387451171875,-2.782841090241272,-16.193859501900207,-86.41457773214589,1.9944992,15.303152,34.91512,33.62116,-18.58004,-4.908525,22.773228,-0.15741187,-20.965942,12.858885,-20.357908,3.55772,-2.2795033,0.48617417,3.5988133,-21.210546,21.27846,-20.036991,70.144585,-24.521544,3.9400299,2.5925732,-15.731745,-16.965761,17.40937,51.382633,23.155613,13.557963,-7.1799593
440,-85.28849029541016,-55.73838806152344,76.22561645507812,-2.881809518373941,-16.197760181768555,-86.81483399673102,1.3409716,14.6722765,34.087063,33.455643,-18.343414,-4.9867444,22.839176,0.11945197,-20.640263,12.845932,-20.472416,3.531533,-2.3872123,0.58327985,3.5903614,-21.064196,21.33959,-19.90125,70.05633,-24.51181,3.759873,2.6151967,-15.692768,-16.887714,17.273426,51.127636,22.92039,13.514878,-7.2163982
441,-85.40878295898438,-55.906150817871094,76.17002868652344,-2.9527781558518162,-16.2157333641038,-87.24725050336892,0.7878288,14.120502,33.42054,33.362076,-18.203053,-4.9332128,22.900864,0.3574011,-20.278147,12.878908,-20.60687,3.5111952,-2.4611259,0.65355325,3.588345,-20.948032,21.388397,-19.760485,70.00601,-24.491827,3.5843585,2.6307414,-15.653142,-16.819283,17.151237,50.89373,22.679976,13.47664,-7.2486863
442,-85.53305053710938,-56.077110290527344,76.1130599975586,-3.006021078531033,-16.2478228369738,-87.70186285420247,0.29084095,13.620022,32.7935,33.346,-18.13701,-4.7770753,22.960901,0.56782514,-19.892227,12.955926,-20.76258,3.4938345,-2.5046751,0.71544206,3.5968633,-20.870136,21.41304,-19.634808,69.998085,-24.465553,3.406869,2.6465702,-15.592011,-16.776155,17.026758,50.651302,22.437744,13.440237,-7.2791986
443,-85.64544677734375,-56.258792877197266,76.06517028808594,-3.0375252791844516,-16.286535920334938,-88.19342357657231,-0.11457432,13.184306,32.30303,33.369152,-18.087725,-4.565781,23.016481,0.74908495,-19.474226,13.061754,-20.930418,3.4737463,-2.527263,0.7618165,3.599728,-20.79676,21.435425,-19.504288,69.991684,-24.440672,3.241209,2.6560571,-15.541685,-16.729698,16.91475,50.43786,22.199148,13.40046,-7.3080955
444,-85.7561264038086,-56.447505950927734,76.01624298095703,-3.0459561421669488,-16.324065973339113,-88.73734090544552,-0.39428926,12.82901,32.044643,33.390594,-17.995659,-4.349851,23.061892,0.8990032,-19.01568,13.18739,-21.10504,3.445124,-2.525546,0.8036606,3.5790396,-20.716074,21.448689,-19.369467,69.96976,-24.435637,3.0964954,2.6556108,-15.503205,-16.69571,16.838648,50.255062,21.993017,13.356462,-7.336315
445,-85.85844421386719,-56.64702224731445,75.97452545166016,-3.0320113244166818,-16.35813392565881,-89.34355958638427,-0.51469195,12.571021,32.087772,33.369835,-17.849323,-4.2123866,23.0912,1.0194693,-18.507608,13.336622,-21.28542,3.3962069,-2.503094,0.84387237,3.531876,-20.615976,21.460161,-19.214693,69.91523,-24.455898,2.9784732,2.6372223,-15.494604,-16.664276,16.808363,50.12029,21.80902,13.304957,-7.3704004
446,-85.96812438964844,-56.85436248779297,75.93780517578125,-2.9967428889842793,-16.39198318049937,-90.00234219072024,-0.50513756,12.399378,32.363857,33.338676,-17.680286,-4.1026897,23.108057,1.1109016,-17.95749,13.514043,-21.475084,3.3339634,-2.4587746,0.8799683,3.4664674,-20.507456,21.467564,-19.052591,69.84296,-24.498753,2.8804772,2.605292,-15.5030775,-16.642025,16.816418,50.019077,21.646437,13.247945,-7.4082704
447,-86.06922149658203,-57.069313049316406,75.90543365478516,-2.9345330665123193,-16.426770027659856,-90.69778756436605,-0.4255126,12.287457,32.763206,33.364246,-17.496422,-3.8658767,23.124548,1.1689593,-17.379616,13.703498,-21.671217,3.2795117,-2.401433,0.9017248,3.386597,-20.383144,21.469898,-18.872274,69.75454,-24.534006,2.7979174,2.571267,-15.51935,-16.628881,16.850521,49.940353,21.516794,13.19042,-7.4363313
448,-86.15632629394531,-57.296974182128906,75.88004302978516,-2.8440862755962786,-16.463632751117775,-91.41348773778165,-0.33595496,12.211468,33.178093,33.51603,-17.30882,-3.3469326,23.151228,1.1888769,-16.788773,13.892818,-21.871975,3.2540514,-2.3516426,0.9015173,3.2956944,-20.221054,21.466986,-18.64227,69.64211,-24.522278,2.7262006,2.5464332,-15.549382,-16.62128,16.913485,49.886604,21.434946,13.136195,-7.4429
449,-86.2535400390625,-57.52682113647461,75.85513305664062,-2.7089893364893656,-16.49978777144859,-92.15729411215605,-0.2729343,12.162746,33.586227,33.872326,-17.047258,-2.3856006,23.185955,1.1511915,-16.181824,14.082915,-22.080053,3.265805,-2.313948,0.86582613,3.1844552,-20.005196,21.458206,-18.343458,69.49446,-24.452148,2.6623275,2.5373626,-15.597653,-16.61908,17.025307,49.866272,21.424942,13.074742,-7.4243913
450,-86.34420776367188,-57.77126693725586,75.83538055419922,-2.5321993358777837,-16.534430285448245,-92.93476436861383,-0.1961535,12.160044,34.05236,34.378353,-16.733551,-1.101955,23.222519,1.0643487,-15.552977,14.282838,-22.296772,3.3024726,-2.2618248,0.7953949,3.0541215,-19.766415,21.443565,-18.01877,69.328766,-24.349829,2.6098533,2.5369358,-15.644032,-16.622719,17.155682,49.863895,21.466677,13.0086,-7.384194
451,-86.42987823486328,-58.02604675292969,75.82493591308594,-2.3519125307155058,-16.57292659297701,-93.72439936623981,-0.048953164,12.215976,34.593105,34.89784,-16.517218,0.23793486,23.27908,0.96930665,-14.912923,14.46453,-22.51098,3.3539584,-2.2417324,0.73563695,2.9245512,-19.480442,21.420273,-17.631256,69.13692,-24.213005,2.5715964,2.5356581,-15.733111,-16.632277,17.336231,49.901733,21.535315,12.957209,-7.3349814
452,-86.50519561767578,-58.28702926635742,75.80825805664062,-2.1957634525363607,-16.621567890602076,-94.50559216504838,0.22522822,12.3356285,35.21193,35.292233,-16.551268,1.3655331,23.372952,0.9039201,-14.2730255,14.60209,-22.712364,3.4106886,-2.2121134,0.6938276,2.813598,-19.221853,21.393131,-17.287882,68.973206,-24.08761,2.55175,2.5258515,-15.817998,-16.64161,17.475458,49.937572,21.574348,12.943407,-7.2742023
453,-86.5810317993164,-58.554779052734375,75.78560638427734,-2.082085692012179,-16.684224718180992,-95.27466963340328,0.66898507,12.550474,35.946384,35.53355,-16.956173,2.2435858,23.519743,0.88781875,-13.635496,14.672861,-22.894608,3.4781072,-2.187958,0.6901841,2.7215753,-18.978378,21.360743,-16.962912,68.83359,-23.95896,2.5545084,2.4953,-15.912574,-16.648874,17.581173,49.98227,21.582796,12.978837,-7.1942334
454,-86.66354370117188,-58.824764251708984,75.75300598144531,-1.9902497967605899,-16.757580595273453,-96.04187694908265,1.2449882,12.838591,36.77284,35.686104,-17.626013,2.9932132,23.707457,0.89585954,-12.99532,14.694506,-23.06341,3.5584605,-2.1748137,0.71122646,2.6390457,-18.73347,21.320747,-16.635216,68.70556,-23.819473,2.5761256,2.4522874,-16.026083,-16.654911,17.680243,50.04871,21.582636,13.049198,-7.097841
455,-86.73966217041016,-59.09564971923828,75.71337127685547,-1.8974130623317116,-16.837205608420074,-96.80590966956746,1.8849312,13.124291,37.59946,35.75668,-18.372631,3.584898,23.904642,0.89722383,-12.353432,14.72011,-23.238201,3.6379943,-2.1625004,0.7291856,2.5712101,-18.498455,21.27694,-16.331741,68.59129,-23.688126,2.6091073,2.4180105,-16.150713,-16.65903,17.769709,50.128475,21.56567,13.137144,-7.0054336
456,-86.8252182006836,-59.359317779541016,75.67405700683594,-1.776897869467176,-16.91783940821046,-97.56729136577984,2.5192144,13.3371105,38.33699,35.75605,-19.004305,3.9987738,24.082796,0.86323726,-11.70999,14.795316,-23.433512,3.7029305,-2.1438587,0.7190452,2.5239105,-18.280718,21.23426,-16.075994,68.48927,-23.585258,2.6465251,2.4134195,-16.280428,-16.659891,17.851423,50.21311,21.525974,13.225339,-6.937943
457,-86.90210723876953,-59.629146575927734,75.6426010131836,-1.623576618269939,-17.002317920488185,-98.33253255079762,3.1498818,13.451466,38.9525,35.64211,-19.469788,4.19036,24.234156,0.7832149,-11.058373,14.940121,-23.65802,3.74781,-2.120655,0.6784041,2.5071337,-18.07752,21.192373,-15.862815,68.3921,-23.503687,2.6971796,2.4537187,-16.419512,-16.65567,17.922102,50.291767,21.443447,13.319852,-6.913154
458,-86.98419189453125,-59.897674560546875,75.61456298828125,-1.4486142077295725,-17.090957725764945,-99.09978920238783,3.8048322,13.508666,39.49965,35.4243,-19.861637,4.1852636,24.37256,0.67375964,-10.400405,15.128101,-23.902136,3.7808373,-2.0963364,0.6182941,2.5144484,-17.885628,21.14964,-15.680345,68.302795,-23.43433,2.7612422,2.5245438,-16.572199,-16.645424,17.983286,50.374958,21.328135,13.426051,-6.915924
459,-87.06987762451172,-60.17112731933594,75.59259796142578,-1.261350360304047,-17.175118244348933,-99.85640855235326,4.4519496,13.543391,40.019577,35.19671,-20.207975,4.0772147,24.505638,0.54817027,-9.748681,15.328492,-24.150146,3.809126,-2.071474,0.5381793,2.5287447,-17.7074,21.11044,-15.543626,68.23294,-23.40273,2.818639,2.6031194,-16.735249,-16.631626,18.050089,50.48713,21.217468,13.525832,-6.9193034
460,-87.15211486816406,-60.448883056640625,75.57044982910156,-1.0733084139681528,-17.246936246895256,-100.58925431402915,5.0605345,13.5898905,40.552303,35.054012,-20.539904,3.960668,24.639156,0.41925082,-9.115707,15.513568,-24.387762,3.839686,-2.0526834,0.44010243,2.5331264,-17.538288,21.076006,-15.452363,68.189804,-23.425272,2.8487887,2.666331,-16.912018,-16.617508,18.146318,50.65673,21.151697,13.600653,-6.8973436
461,-87.23509979248047,-60.734283447265625,75.54934692382812,-0.8799259204820453,-17.306143880627218,-101.30284005866861,5.631585,13.656783,41.120228,35.023506,-20.861443,3.8315399,24.778133,0.2854949,-8.496474,15.674422,-24.610611,3.879952,-2.048404,0.326448,2.5226326,-17.358524,21.047146,-15.41207,68.16228,-23.53366,2.8416271,2.706363,-17.11532,-16.603992,18.288294,50.906586,21.140423,13.638045,-6.839767
462,-87.32708740234375,-61.012977600097656,75.52655029296875,-0.6811119190864126,-17.35659472601142,-102.00105530940321,6.1778107,13.727117,41.69811,35.05778,-21.158958,3.6526058,24.917091,0.14160047,-7.8870087,15.827724,-24.827494,3.9245186,-2.0525105,0.1955791,2.5082052,-17.17513,21.027132,-15.421638,68.14626,-23.71122,2.8102775,2.7349763,-17.337929,-16.59253,18.458681,51.212612,21.163412,13.650777,-6.760357
463,-87.41339111328125,-61.30095291137695,75.50508117675781,-0.4835117205469134,-17.394936036108064,-102.67070442649717,6.6873455,13.796664,42.25385,35.137253,-21.438421,3.4676151,25.048376,-0.0050029894,-7.301372,15.9788,-25.039696,3.9608803,-2.0490713,0.045257263,2.4980817,-17.02544,21.016642,-15.46679,68.16075,-23.897823,2.768557,2.7592273,-17.550613,-16.58624,18.623613,51.528084,21.208948,13.660377,-6.6684985
464,-87.4883804321289,-61.57978057861328,75.47924041748047,-0.296865569612264,-17.418365681415477,-103.29835562132997,7.147187,13.862968,42.754784,35.244087,-21.706886,3.3198133,25.163784,-0.14613356,-6.753575,16.135387,-25.249748,3.9761102,-2.074375,-0.10702215,2.4756606,-16.904501,20.9996,-15.49232,68.23,-24.036726,2.7241693,2.7932463,-17.793499,-16.573875,18.860651,51.889385,21.313553,13.67701,-6.5984454
465,-87.56745147705078,-61.84821319580078,75.45559692382812,-0.1301209964102475,-17.424710351732195,-103.8739832684056,7.533174,13.94244,43.178135,35.41162,-21.962376,3.2200985,25.259964,-0.2730657,-6.2500415,16.297403,-25.456114,3.9568274,-2.1006618,-0.27473763,2.4576068,-16.85743,20.979486,-15.520242,68.389175,-24.107683,2.6691074,2.8408902,-18.027975,-16.561953,19.097744,52.247707,21.443287,13.719928,-6.541057
466,-87.6463623046875,-62.12216567993164,75.43611145019531,0.02668004381764327,-17.416320482333944,-104.40771476803648,7.8583183,14.032151,43.545826,35.63957,-22.204765,3.1465492,25.340826,-0.3933234,-5.7819343,16.46463,-25.659622,3.9130528,-2.108917,-0.4661708,2.4482028,-16.880243,20.966555,-15.584927,68.61658,-24.149569,2.6036623,2.8939548,-18.235674,-16.558962,19.307932,52.58909,21.590462,13.779597,-6.481018
467,-87.726318359375,-62.385581970214844,75.41519165039062,0.1827105347575854,-17.399021007275284,-104.91391412113626,8.1694145,14.095838,43.893047,35.84603,-22.436634,3.0926318,25.410404,-0.522771,-5.3405914,16.6399,-25.864166,3.8676507,-2.137686,-0.6534639,2.4222546,-16.914022,20.935225,-15.626359,68.8635,-24.160448,2.5458274,2.948721,-18.47706,-16.55466,19.592787,52.98909,21.795404,13.827735,-6.4324994
468,-87.80380249023438,-62.64893341064453,75.3969497680664,0.35484083674904715,-17.378783102088384,-105.40749819367952,8.513377,14.095094,44.254604,35.948433,-22.659742,3.0510395,25.475739,-0.6777054,-4.917918,16.8219,-26.070751,3.8434923,-2.123701,-0.85548514,2.4045486,-16.97307,20.903708,-15.668419,69.05912,-24.134844,2.52775,2.987445,-18.692171,-16.559845,19.8322,53.38093,22.000322,13.856223,-6.3599615
469,-87.87904357910156,-62.91524887084961,75.3797836303711,0.539575188269312,-17.359642268865887,-105.89004123879396,8.903171,14.023065,44.639935,35.92874,-22.886581,3.0351596,25.5521,-0.85660547,-4.513628,16.991222,-26.276285,3.8446965,-2.0654204,-1.0727507,2.3949232,-17.051197,20.87762,-15.699548,69.179634,-24.053762,2.5632658,3.0056398,-18.883776,-16.57403,20.031853,53.771492,22.204912,13.874296,-6.261904
470,-87.9421157836914,-63.175331115722656,75.36589813232422,0.7320333842878385,-17.337709293276394,-106.35400791215446,9.312053,13.897947,45.029835,35.828587,-23.111807,3.0440242,25.633121,-1.0517747,-4.1313896,17.151289,-26.479395,3.8596847,-1.995805,-1.2859403,2.384028,-17.140509,20.836466,-15.701447,69.26218,-23.921085,2.632255,3.013285,-19.07752,-16.603456,20.25455,54.183052,22.441423,13.884111,-6.1545463
471,-88.0069351196289,-63.43909454345703,75.35587310791016,0.9382393576997667,-17.30627322197165,-106.80218145354104,9.7268095,13.716252,45.416603,35.654568,-23.30972,3.0492606,25.689425,-1.2734354,-3.7690663,17.341595,-26.688974,3.887939,-1.8983916,-1.5161138,2.3759725,-17.249884,20.797943,-15.720445,69.32436,-23.787886,2.721393,3.010992,-19.250484,-16.64035,20.455923,54.5887,22.695734,13.861255,-6.032217
472,-88.06570434570312,-63.70107650756836,75.34770202636719,1.1639512626831534,-17.258333903291593,-107.23582374757858,10.133807,13.475466,45.7924,35.41236,-23.454756,3.0218892,25.690895,-1.5301275,-3.4241593,17.602098,-26.914364,3.9291754,-1.786755,-1.7608763,2.3642015,-17.364521,20.762638,-15.77494,69.38337,-23.707863,2.8125043,3.0023339,-19.40805,-16.683918,20.660776,54.987316,22.991701,13.778668,-5.9018974
473,-88.1111831665039,-63.956851959228516,75.3453369140625,1.4203248896457772,-17.194064390040822,-107.66404950981992,10.544362,13.163975,46.165592,35.088238,-23.536976,2.9449606,25.648428,-1.8306993,-3.0893297,17.914751,-27.157675,3.9838746,-1.6567554,-2.0100532,2.3455057,-17.489162,20.718414,-15.885313,69.444466,-23.711506,2.9072864,2.9832644,-19.54079,-16.755383,20.886608,55.376434,23.363472,13.612834,-5.7543454
474,-88.15742492675781,-64.207275390625,75.3460922241211,1.697354932663181,-17.116845433295726,-108.08218777732979,10.95975,12.785156,46.53619,34.68133,-23.569946,2.837294,25.572115,-2.1687922,-2.7676482,18.267467,-27.414097,4.052512,-1.4942222,-2.285059,2.328622,-17.633093,20.687733,-16.048557,69.49153,-23.766897,3.0168002,2.9509385,-19.646122,-16.83088,21.08524,55.75694,23.770706,13.384224,-5.583699
475,-88.19255828857422,-64.45286560058594,75.34983825683594,1.9850733412193586,-17.020612036611656,-108.47570602325706,11.353067,12.3614235,46.884613,34.21712,-23.563025,2.722201,25.438437,-2.5274637,-2.4712715,18.692137,-27.675003,4.1347303,-1.3035709,-2.568819,2.3167212,-17.79521,20.648773,-16.235605,69.5382,-23.835293,3.1259253,2.9197598,-19.697908,-16.950235,21.272282,56.068577,24.198658,13.138156,-5.4123554
476,-88.23456573486328,-64.68499755859375,75.35747528076172,2.266618440458279,-16.90110403435721,-108.82942640036279,11.697869,11.914812,47.19208,33.723267,-23.52612,2.6230252,25.218334,-2.8918018,-2.212365,19.234749,-27.93421,4.231144,-1.1165962,-2.877249,2.3030436,-17.950605,20.616827,-16.39156,69.5882,-23.868614,3.222898,2.9032135,-19.74553,-17.058474,21.460505,56.35262,24.59804,12.907009,-5.268386
477,-88.26657104492188,-64.9091567993164,75.37149047851562,2.5473925351302267,-16.745835925710065,-109.14060320585193,11.979261,11.436187,47.455612,33.193592,-23.453495,2.5453105,24.90305,-3.2653933,-2.000086,19.885866,-28.198116,4.3386583,-0.9337725,-3.2116103,2.2760615,-18.104752,20.583582,-16.515587,69.66064,-23.861399,3.2964964,2.900668,-19.78546,-17.160393,21.6634,56.605156,24.97023,12.68746,-5.168064
478,-88.28853607177734,-65.12242889404297,75.3890380859375,2.831842496309358,-16.561367735387737,-109.41666385305878,12.215461,10.918123,47.685123,32.61623,-23.341415,2.4760664,24.509706,-3.6531286,-1.825464,20.6284,-28.467138,4.4607453,-0.7516722,-3.5716217,2.2372673,-18.258617,20.550606,-16.618425,69.74776,-23.829428,3.3555996,2.9070096,-19.822676,-17.25016,21.877695,56.844322,25.330418,12.461154,-5.0968904
479,-88.31491088867188,-65.3291015625,75.40880584716797,3.10778859731622,-16.371582259493984,-109.65765835848305,12.43134,10.386183,47.880787,32.008427,-23.201797,2.4102347,24.062271,-4.0394745,-1.6747309,21.467148,-28.715265,4.608912,-0.5777462,-3.9500656,2.203647,-18.40134,20.527712,-16.698904,69.825386,-23.781565,3.4162142,2.9301863,-19.872616,-17.31254,22.08797,57.084633,25.665722,12.245521,-5.0341043
480,-88.34222412109375,-65.51893615722656,75.43461608886719,3.3624871510589944,-16.201060904528266,-109.86339654218315,12.651386,9.867316,48.042828,31.388731,-23.048094,2.343312,23.582891,-4.4074135,-1.534788,22.409061,-28.918047,4.7949557,-0.41948307,-4.3173094,2.1967475,-18.517002,20.502867,-16.738682,69.8636,-23.716475,3.492362,2.9782653,-19.92698,-17.379375,22.30213,57.29949,25.987753,12.063549,-4.9588995
481,-88.37150573730469,-65.69928741455078,75.46066284179688,3.586998142100319,-16.055973800950216,-110.03890833678057,12.879768,9.377591,48.171432,30.766998,-22.885124,2.273342,23.062912,-4.7432475,-1.4029942,23.480473,-29.075546,5.010285,-0.2731132,-4.665259,2.2275074,-18.593628,20.475996,-16.709139,69.835075,-23.603104,3.5890827,3.0745451,-19.983921,-17.448765,22.50841,57.479126,26.279871,11.920452,-4.871086
482,-88.39772033691406,-65.8739242553711,75.48810577392578,3.788293385779139,-15.925102483189955,-110.18185591063857,13.1050205,8.90199,48.26631,30.13359,-22.70676,2.2031343,22.498156,-5.0551004,-1.2881793,24.664722,-29.197561,5.2571797,-0.13636295,-5.0079527,2.2835226,-18.642628,20.452286,-16.629457,69.76194,-23.454111,3.6986463,3.207538,-20.046337,-17.509787,22.708214,57.63663,26.54368,11.804273,-4.7801614
483,-88.41858673095703,-66.03549194335938,75.5157470703125,3.982811603317378,-15.804523007571673,-110.28380064913362,13.327475,8.419523,48.32605,29.476742,-22.50786,2.135697,21.912693,-5.360013,-1.1942272,25.912916,-29.279188,5.562777,0.02291935,-5.3886,2.3560073,-18.725706,20.447182,-16.604591,69.71268,-23.334381,3.8188539,3.3341155,-20.096851,-17.529156,22.826872,57.79093,26.759747,11.71121,-4.6718044
484,-88.44308471679688,-66.19729614257812,75.54679870605469,4.1790422764719395,-15.69082298466787,-110.3353616784552,13.545654,7.914197,48.349575,28.7888,-22.28577,2.0738173,21.3308,-5.673146,-1.1234547,27.173716,-29.31451,5.952846,0.09372645,-5.7466645,2.4217625,-18.75748,20.444136,-16.5529,69.66344,-23.289362,3.9427457,3.4039812,-20.201824,-17.57559,23.08534,57.964527,27.058481,11.640156,-4.5585957
485,-88.46932220458984,-66.35467529296875,75.5771713256836,4.383969575878719,-15.582540362365572,-110.33445400131528,13.760541,7.376814,48.339287,28.062462,-22.037855,2.0212228,20.737316,-5.9950976,-1.0600973,28.481886,-29.317196,6.403684,0.15894884,-6.137899,2.4911976,-18.82603,20.459864,-16.606066,69.67391,-23.370275,4.072703,3.4004476,-20.298399,-17.61487,23.295649,58.123898,27.357735,11.59907,-4.400621
486,-88.49916076660156,-66.50293731689453,75.60960388183594,4.588749068363285,-15.482278911109383,-110.28535495189058,13.973813,6.8195763,48.29462,27.3025,-21.76546,1.9751916,20.124025,-6.314843,-1.0086665,29.854513,-29.28819,6.914468,0.21179563,-6.550038,2.5666313,-18.911371,20.49291,-16.728386,69.71714,-23.544361,4.210714,3.3505657,-20.391178,-17.648996,23.487331,58.26761,27.66407,11.586565,-4.213763
487,-88.53112030029297,-66.63347625732422,75.63629913330078,4.786601717921446,-15.393632498939434,-110.18902989154532,14.18574,6.256356,48.207973,26.523373,-21.473978,1.9290075,19.527594,-6.635082,-1.0022076,31.214148,-29.214039,7.54094,0.2584784,-6.981253,2.6594362,-19.002686,20.55158,-16.879622,69.757355,-23.744503,4.3590016,3.2749069,-20.469173,-17.687506,23.680626,58.388935,27.976704,11.594207,-4.0315514
488,-88.5654296875,-66.75621032714844,75.66303253173828,4.971333462641404,-15.320336958357466,-110.04586444758799,14.393822,5.7056885,48.071957,25.749792,-21.172882,1.875546,18.979673,-6.9606605,-1.0722046,32.49472,-29.08594,8.334686,0.3059385,-7.42822,2.7836266,-19.091162,20.631912,-17.003845,69.760574,-23.885729,4.518367,3.1983454,-20.52925,-17.727873,23.877832,58.492188,28.275322,11.613781,-3.8874485
489,-88.5987319946289,-66.87876892089844,75.6905288696289,5.150198156906035,-15.269160809986865,-109.85425533287102,14.609832,5.148982,47.88267,24.96031,-20.854517,1.8143214,18.495878,-7.303066,-1.2281648,33.698383,-28.873646,9.387204,0.3637499,-7.897144,2.9347153,-19.223803,20.691221,-17.099644,69.79679,-23.942524,4.683708,3.1289024,-20.599453,-17.755371,24.103971,58.62761,28.554594,11.650949,-3.807191
490,-88.63809967041016,-66.99378967285156,75.71733093261719,5.322454306843767,-15.237045493740684,-109.61391556976007,14.831605,4.589176,47.644005,24.156048,-20.518524,1.7486955,18.050657,-7.6542253,-1.4498543,34.86987,-28.601274,10.638721,0.4234506,-8.381546,3.1096454,-19.384697,20.74013,-17.184473,69.85324,-23.956251,4.85596,3.0541852,-20.67234,-17.777498,24.351915,58.774887,28.824917,11.707446,-3.7684405
491,-88.67646789550781,-67.1065902709961,75.74591827392578,5.466744226514242,-15.212459109036729,-109.32795162168662,15.039531,4.0668435,47.36096,23.376345,-20.184748,1.6788223,17.611658,-7.9962387,-1.7237476,36.008255,-28.33771,11.912326,0.4401436,-8.848126,3.2989964,-19.475033,20.833527,-17.217257,69.815605,-23.945179,5.0363936,2.9715216,-20.73902,-17.810423,24.6365,58.898624,29.114452,11.76093,-3.740786
492,-88.71597290039062,-67.2111587524414,75.77198028564453,5.563434333895725,-15.184376321204265,-109.0003870642233,15.215885,3.6189141,47.039757,22.65703,-19.871798,1.6052799,17.15211,-8.3137045,-2.038374,37.101048,-28.143934,13.032794,0.47707033,-9.268987,3.4805593,-19.597319,20.88428,-17.265162,69.797615,-23.898397,5.1983867,2.9136572,-20.769176,-17.823715,24.802181,59.037003,29.358109,11.784303,-3.6871707
493,-88.7582015991211,-67.31475830078125,75.80209350585938,5.611081044012141,-15.152287618373755,-108.62463267316133,15.352596,3.251848,46.673107,22.013885,-19.587622,1.5332493,16.671814,-8.602999,-2.3866146,38.148987,-28.029198,14.004939,0.49529994,-9.639566,3.657296,-19.691603,20.930815,-17.294924,69.72673,-23.811901,5.344064,2.865496,-20.761492,-17.828339,24.87698,59.178722,29.597311,11.775164,-3.5906038
494,-88.80550384521484,-67.41779327392578,75.83673858642578,5.600368020644446,-15.119354169089728,-108.20729191999902,15.443325,2.9928856,46.2671,21.482563,-19.348398,1.4554284,16.185043,-8.846279,-2.768521,39.13926,-27.94593,14.894157,0.50616944,-9.961771,3.8399556,-19.75048,20.991844,-17.31155,69.5858,-23.69229,5.4853454,2.8232496,-20.720264,-17.823023,24.879313,59.311604,29.825893,11.746885,-3.4719512
495,-88.87379455566406,-67.50982666015625,75.87982940673828,5.455576318456254,-15.074951545922568,-107.78401476060615,15.432864,3.0122685,45.860027,21.247171,-19.236652,1.3371313,15.680336,-8.863492,-3.135062,40.01189,-27.845371,15.000033,0.5437603,-10.153895,4.010604,-19.805468,21.044025,-17.323225,69.437294,-23.562557,5.6200786,2.8020885,-20.663406,-17.809479,24.844597,59.43752,30.016676,11.695249,-3.3579996
496,-88.94364166259766,-67.61250305175781,75.93125915527344,5.304603309428934,-15.023854954753222,-107.33785198392133,15.424798,3.02382,45.440308,20.973776,-19.102674,1.2079761,15.152158,-8.967923,-3.5872605,40.832745,-27.778494,15.000033,0.5833165,-10.315348,4.156242,-19.849506,21.051296,-17.32447,69.310974,-23.446968,5.746008,2.8238077,-20.611536,-17.806683,24.838676,59.55428,30.15978,11.619833,-3.2817926
497,-89.00110626220703,-67.71865844726562,75.98368835449219,5.172378717910163,-14.959205670788013,-106.86972131243803,15.436722,2.9687955,45.01197,20.585264,-18.907572,1.0715084,14.5717745,-9.220867,-4.1148224,41.646053,-27.770166,15.000033,0.63759524,-10.526007,4.299502,-19.898397,21.10718,-17.336863,69.15498,-23.36388,5.9097557,2.878886,-20.53257,-17.781937,24.803675,59.622967,30.214188,11.496719,-3.2470143
498,-89.07196807861328,-67.82084655761719,76.0390396118164,5.034729965403363,-14.889040654720537,-106.36979902997076,15.452542,2.9016259,44.562054,20.154047,-18.687292,0.92802054,13.967031,-9.574579,-4.7115726,42.423332,-27.8033,15.000033,0.67594784,-10.712721,4.4259715,-19.911087,21.142975,-17.323973,68.97051,-23.28845,6.080972,2.9750667,-20.453117,-17.760248,24.787786,59.686604,30.220167,11.337519,-3.2466033
499,-89.13990020751953,-67.92853546142578,76.09684753417969,4.892958345996176,-14.81132320284094,-105.84692075393795,15.467236,2.8297884,44.093002,19.696901,-18.453106,0.7799061,13.373296,-10.016154,-5.3833404,43.10139,-27.836588,15.000033,0.72002923,-10.888645,4.5357847,-19.920017,21.162989,-17.308039,68.818474,-23.21963,6.223396,3.086369,-20.377808,-17.745268,24.78008,59.722065,30.202053,11.180727,-3.2579725
500,-89.21011352539062,-68.03541564941406,76.15654754638672,4.7403305906633975,-14.72695411126171,-105.30845734262704,15.472765,2.7718458,43.606922,19.244886,-18.223225,0.628249,12.828107,-10.525737,-6.141657,43.617138,-27.828941,15.000033,0.7785835,-11.054954,4.6267643,-19.92275,21.175629,-17.296974,68.73001,-23.156559,6.2993555,3.1890802,-20.32938,-17.736006,24.785244,59.72326,30.185371,11.06592,-3.2595966
501,-89.27567291259766,-68.14777374267578,76.216552734375,4.564587372633079,-14.63397292567507,-104.75263615734386,15.460798,2.74997,43.09861,18.816551,-18.00698,0.46533975,12.344911,-11.093496,-7.019596,43.93997,-27.770369,15.000033,0.85709745,-11.202467,4.6983747,-19.920652,21.179602,-17.29631,68.73187,-23.081003,6.2807536,3.2869387,-20.3101,-17.7342,24.799582,59.670826,30.165321,11.012664,-3.2562325
502,-89.3481216430664,-68.25765991210938,76.2774658203125,4.385343131446195,-14.53264477747585,-104.17874357912808,15.452708,2.7213235,42.56979,18.350641,-17.77275,0.29512057,11.904999,-11.74259,-8.0004225,44.117905,-27.68946,15.000033,0.94053805,-11.35301,4.74779,-19.916204,21.184095,-17.299534,68.81002,-23.005047,6.1941085,3.3865738,-20.294235,-17.738272,24.842272,59.55355,30.145565,10.995933,-3.2623317
503,-89.42572021484375,-68.37429809570312,76.34095764160156,4.201854637571818,-14.427446799540922,-103.58630627603023,15.434287,2.7004898,42.02589,17.900938,-17.547174,0.12902568,11.5076275,-12.457367,-9.03698,44.17978,-27.589264,15.000033,1.0298014,-11.490278,4.787779,-19.892523,21.182257,-17.293095,68.89197,-22.953661,6.0841384,3.4741008,-20.304556,-17.753748,24.895506,59.42911,30.12739,10.9928465,-3.2496963
504,-89.50019073486328,-68.49290466308594,76.40251922607422,4.030698223733247,-14.323237370134596,-102.9805859684476,15.4078045,2.6728625,41.477646,17.477219,-17.335314,-0.01978264,11.145113,-13.233983,-10.075364,44.165504,-27.479239,15.000033,1.1382418,-11.63334,4.827221,-19.866564,21.180853,-17.289673,68.94404,-22.960737,5.9959154,3.5340388,-20.340271,-17.75918,24.919273,59.343548,30.09871,10.976397,-3.1971867
505,-89.56790161132812,-68.60480499267578,76.45829772949219,3.850075608333619,-14.20740379963734,-102.3739148589972,15.342735,2.6890483,40.942715,17.134422,-17.160034,-0.15623353,10.794864,-14.024091,-11.151788,44.075756,-27.356478,14.626658,1.2090838,-11.723404,4.8428855,-19.767347,21.174702,-17.202322,68.91222,-23.045322,5.929526,3.553999,-20.439293,-17.805016,25.045446,59.295227,30.142525,10.93879,-3.0885253
506,-89.6435546875,-68.71994018554688,76.5142822265625,3.6143054866254367,-14.075132074148058,-101.77971581535307,15.195274,2.8439116,40.430077,16.994238,-17.081074,-0.2991944,10.459943,-14.764473,-12.269242,43.869915,-27.209106,13.927669,1.3125061,-11.746453,4.846385,-19.64122,21.17464,-17.09284,68.83521,-23.184057,5.87059,3.5430472,-20.563343,-17.85664,25.157774,59.255035,30.184708,10.893991,-2.933179
507,-89.72552490234375,-68.83071899414062,76.56541442871094,3.38416062477456,-13.946645595261343,-101.17984410921848,15.043116,3.004043,39.911797,16.881458,-17.013826,-0.4361475,10.16478,-15.491431,-13.328189,43.555508,-27.050955,13.221588,1.4230607,-11.765146,4.8491654,-19.494385,21.180798,-16.973682,68.731026,-23.345478,5.821551,3.518533,-20.706596,-17.909763,25.283628,59.226208,30.227049,10.854324,-2.7739198
508,-89.8094482421875,-68.95294189453125,76.61883544921875,3.1662536184521715,-13.835566387543327,-100.57564064944823,14.913574,3.1498954,39.380222,16.764317,-16.941767,-0.5705919,9.917629,-16.143723,-14.20378,43.107353,-26.864086,12.631569,1.537764,-11.787695,4.8633075,-19.32857,21.192118,-16.852592,68.60461,-23.49231,5.786282,3.4974816,-20.854145,-17.965294,25.434551,59.19723,30.25997,10.833728,-2.652184
509,-89.89315795898438,-69.08257293701172,76.67280578613281,2.96456167953145,-13.75083768675375,-99.97076089374426,14.823946,3.2730193,38.83474,16.628164,-16.857847,-0.7053448,9.724933,-16.70179,-14.850096,42.489326,-26.634407,12.191453,1.6705955,-11.820139,4.893819,-19.150143,21.205688,-16.749126,68.4577,-23.62774,5.7705216,3.4698656,-21.007513,-18.011631,25.58413,59.184433,30.260427,10.832588,-2.5690026
510,-89.98411560058594,-69.20447540283203,76.71656799316406,2.7738533595302632,-13.683617400862587,-99.36302438259597,14.755293,3.3864574,38.279037,16.495909,-16.772564,-0.83786756,9.573279,-17.197865,-15.33659,41.7235,-26.369053,11.837993,1.8010818,-11.84881,4.9348445,-18.930325,21.22724,-16.625952,68.261826,-23.761293,5.772084,3.4294877,-21.179632,-18.062292,25.760984,59.18031,30.25041,10.8461,-2.506918
511,-90.06845092773438,-69.32625579833984,76.75800323486328,2.5874310022004465,-13.621525936367465,-98.74498192943803,14.684626,3.5010004,37.7119,16.383768,-16.697313,-0.9638914,9.43912,-17.641043,-15.70885,40.867184,-26.074339,11.545396,1.9397295,-11.883936,4.974333,-18.720705,21.248884,-16.51223,68.084206,-23.888237,5.7764187,3.408585,-21.354063,-18.106451,25.962875,59.180866,30.245316,10.872,-2.4761322
512,-90.14669036865234,-69.45513916015625,76.79838562011719,2.399971328919756,-13.55115638202753,-98.11005034524102,14.5822315,3.6315055,37.13123,16.323746,-16.6452,-1.0792128,9.3002,-18.04369,-16.011484,39.979645,-25.758287,11.287085,2.0691783,-11.922744,5.001326,-18.530876,21.266647,-16.388206,67.95161,-23.988966,5.770915,3.4360104,-21.527332,-18.151567,26.230644,59.171967,30.279856,10.910854,-2.4890695
513,-90.23321533203125,-69.59017181396484,76.83613586425781,2.210217479204984,-13.473339423848946,-97.45834251904533,14.445534,3.7856224,36.537094,16.32889,-16.623207,-1.1805578,9.157956,-18.394537,-16.224012,39.04485,-25.40314,11.071465,2.1678135,-11.951588,5.015956,-18.330458,21.277863,-16.208855,67.85327,-24.044899,5.7487793,3.5274282,-21.704775,-18.21736,26.621334,59.12312,30.370464,10.968016,-2.573832
514,-90.3259048461914,-69.72476959228516,76.87318420410156,2.0189909114263678,-13.394042465218828,-96.79211552665896,14.2888,3.9525046,35.929836,16.379078,-16.621042,-1.2711124,9.02029,-18.69161,-16.330992,38.0412,-25.008797,10.905569,2.312424,-12.003118,5.02201,-18.213558,21.27163,-16.094442,67.86474,-24.091413,5.713244,3.6734574,-21.85728,-18.26282,27.008562,59.068676,30.462008,11.036762,-2.7116516
515,-90.41973114013672,-69.857421875,76.90535736083984,1.832341576760178,-13.305876644153951,-96.11028227738001,14.10469,4.124595,35.308643,16.465157,-16.634459,-1.3566161,8.875742,-18.968616,-16.383429,37.02266,-24.612907,10.761449,2.4045298,-12.028777,5.0130315,-18.064064,21.251509,-15.91418,67.85628,-24.108067,5.678277,3.8385239,-22.037027,-18.328852,27.499437,59.026985,30.616274,11.116782,-2.8618546
516,-90.51458740234375,-69.98616790771484,76.93441772460938,1.6525758747278305,-13.202744638750278,-95.41071623395655,13.889826,4.2892027,34.672897,16.567093,-16.652716,-1.4426366,8.712806,-19.256968,-16.434238,36.042313,-24.252993,10.611645,2.5020823,-12.058388,4.9975424,-17.961554,21.227152,-15.776701,67.85553,-24.134375,5.655414,3.9989614,-22.197147,-18.398909,27.958399,59.01014,30.801956,11.20299,-2.967202
517,-90.61156463623047,-70.11553192138672,76.96173095703125,1.4852629218202926,-13.082921033581593,-94.69377126770496,13.647145,4.441124,34.024433,16.6728,-16.672089,-1.5338417,8.529592,-19.556162,-16.480503,35.0917,-23.953701,10.458157,2.5973067,-12.092393,4.974931,-17.895428,21.203732,-15.683915,67.85118,-24.197523,5.6437664,4.1697035,-22.35139,-18.476639,28.408072,59.02684,31.040094,11.310796,-3.015357
518,-90.71243286132812,-70.24275207519531,76.98908996582031,1.3253059725434562,-12.950108104988447,-93.96012508274075,13.377788,4.585778,33.36285,16.79278,-16.697124,-1.626331,8.331154,-19.850788,-16.499153,34.14864,-23.68917,10.312315,2.6924722,-12.132047,4.946428,-17.862036,21.183346,-15.627314,67.8529,-24.283796,5.6393437,4.356722,-22.497175,-18.561974,28.860878,59.060642,31.323744,11.437436,-3.0328522
519,-90.81404113769531,-70.37419891357422,77.01416778564453,1.1726203518915201,-12.805288530255448,-93.20934532505875,13.075635,4.727953,32.684124,16.943207,-16.73152,-1.7132069,8.115693,-20.155664,-16.511402,33.25133,-23.424994,10.161535,2.802034,-12.189076,4.9090433,-17.882324,21.1723,-15.61725,67.87349,-24.349522,5.64935,4.5205383,-22.61859,-18.621431,29.249369,59.12835,31.602905,11.547142,-3.0283313
520,-90.9118881225586,-70.49638366699219,77.03199768066406,1.0226084807011095,-12.649153123720955,-92.44085916455153,12.729601,4.8764553,31.984108,17.152607,-16.786047,-1.7873139,7.880525,-20.481123,-16.539488,32.438316,-23.127096,9.992431,2.8793182,-12.225706,4.8619075,-17.895983,21.156416,-15.554482,67.85367,-24.318197,5.6810694,4.6167,-22.705929,-18.692238,29.614521,59.19075,31.88168,11.612888,-3.0168815
521,-91.01695251464844,-70.61711120605469,77.04682922363281,0.882690253418973,-12.474583192588163,-91.65340857298604,12.330123,5.0221777,31.259502,17.420425,-16.856825,-1.8433068,7.6115437,-20.83081,-16.549927,31.709904,-22.798506,9.816421,2.9590924,-12.267521,4.8027625,-17.953386,21.138573,-15.482866,67.83176,-24.163073,5.738885,4.614384,-22.740051,-18.75526,29.888298,59.2621,32.125984,11.621305,-2.9774785
522,-91.12509155273438,-70.73676300048828,77.05863952636719,0.7531507516448247,-12.283978836430773,-90.84781597104849,11.886188,5.1618876,30.513731,17.731014,-16.938501,-1.8864502,7.3136644,-21.196995,-16.543283,31.048386,-22.452997,9.634272,3.0304565,-12.305659,4.731807,-18.04036,21.11463,-15.396786,67.80254,-23.916365,5.817235,4.5423546,-22.737036,-18.82256,30.112797,59.34303,32.364025,11.591345,-2.9125416
523,-91.2356185913086,-70.86335754394531,77.07210540771484,0.6205611810635688,-12.091214783881087,-90.0267482530081,11.413872,5.3115683,29.750216,18.089113,-17.03677,-1.9280708,7.0105596,-21.5836,-16.591524,30.47312,-22.077467,9.41693,3.1093054,-12.346337,4.6569586,-18.165949,21.09805,-15.343922,67.7777,-23.652096,5.9095745,4.454954,-22.696182,-18.862185,30.260834,59.4405,32.58172,11.532175,-2.8557959
524,-91.33189392089844,-70.99122619628906,77.08126831054688,0.46939998259874294,-11.91001917734537,-89.19309536965783,10.933365,5.486941,28.972872,18.489063,-17.15442,-1.9802033,6.724452,-21.991842,-16.767822,30.007889,-21.660471,9.134933,3.1622407,-12.348103,4.586905,-18.2778,21.07356,-15.279218,67.718346,-23.41365,6.0075803,4.4047494,-22.623857,-18.911615,30.400442,59.51504,32.813404,11.460801,-2.847304
525,-91.43514251708984,-71.1218032836914,77.08930206298828,0.292309068958054,-11.739136500493993,-88.34350226492131,10.429294,5.7049866,28.17652,18.964373,-17.302696,-2.0439024,6.4441867,-22.426497,-17.076448,29.682526,-21.155008,8.751689,3.2088177,-12.318369,4.5231304,-18.402056,21.05231,-15.247061,67.63596,-23.243986,6.1150656,4.406671,-22.502089,-18.951525,30.486933,59.57172,33.03792,11.374751,-2.9079614
526,-91.54220581054688,-71.25434875488281,77.09689331054688,0.0965488796098981,-11.572099459513854,-87.47788775666692,9.899985,5.9505687,27.3607,19.49852,-17.47369,-2.1150496,6.162812,-22.885712,-17.486076,29.481983,-20.585653,8.289171,3.249216,-12.247822,4.464478,-18.543335,21.011984,-15.225843,67.53586,-23.096525,6.2316403,4.433699,-22.314787,-19.023,30.53496,59.58128,33.269527,11.27334,-3.015341
527,-91.64952850341797,-71.37236022949219,77.09709167480469,-0.101812626096644,-11.414869825777075,-86.6035980357971,9.376626,6.1920586,26.536125,20.035873,-17.646654,-2.192546,5.9178214,-23.372215,-18.017899,29.35094,-20.050522,7.808779,3.2898078,-12.174626,4.4118958,-18.698647,20.977781,-15.223323,67.43095,-22.941391,6.35379,4.472477,-22.100222,-19.079203,30.533976,59.587536,33.494175,11.155076,-3.1297681
528,-91.7613296508789,-71.50059509277344,77.09809875488281,-0.284329558638719,-11.273867819296251,-85.72843926920787,8.890251,6.4020543,25.713724,20.524952,-17.802788,-2.2749324,5.749831,-23.881895,-18.693184,29.227594,-19.642805,7.3737097,3.3258488,-12.106198,4.369748,-18.853928,20.942768,-15.214558,67.32727,-22.732254,6.473741,4.5117464,-21.87856,-19.129633,30.510014,59.587032,33.723583,11.025924,-3.215493
529,-91.87421417236328,-71.63551330566406,77.10289001464844,-0.4500305912202583,-11.153211758187908,-84.85060159092711,8.44402,6.578413,24.894491,20.969006,-17.946978,-2.3599465,5.6937904,-24.432394,-19.569658,29.082582,-19.417534,7.010889,3.3634434,-12.03992,4.344379,-19.020018,20.895605,-15.196861,67.23335,-22.432228,6.5894914,4.5495157,-21.63398,-19.186405,30.450686,59.563953,33.961533,10.883036,-3.2652774
530,-91.98301696777344,-71.76634979248047,77.10205841064453,-0.6067846460845006,-11.048935305202809,-83.96682382218415,8.024329,6.7348785,24.073826,21.390512,-18.08655,-2.4491713,5.727364,-25.014847,-20.621965,28.949741,-19.313387,6.685991,3.3917875,-11.973061,4.3290806,-19.186558,20.848867,-15.170748,67.13433,-22.073483,6.7059126,4.5901356,-21.376991,-19.23338,30.364523,59.53825,34.206387,10.723426,-3.2986946
531,-92.09103393554688,-71.89620208740234,77.09526062011719,-0.7562343733803368,-10.956881571889202,-83.08241114627553,7.632284,6.8714237,23.2548,21.779316,-18.21359,-2.5463376,5.806536,-25.593582,-21.743547,28.860283,-19.246723,6.371414,3.420057,-11.901741,4.3193793,-19.359797,20.793013,-15.149987,67.04316,-21.709097,6.820264,4.6381965,-21.108105,-19.284704,30.25885,59.499126,34.450687,10.560472,-3.3162317
532,-92.20214080810547,-72.03324127197266,77.09021759033203,-0.8999068118674706,-10.872771400991486,-82.20218967820398,7.269301,6.988007,22.440092,22.122839,-18.31896,-2.654728,5.884564,-26.132273,-22.826715,28.844307,-19.132864,6.035272,3.4596078,-11.820743,4.3104644,-19.549618,20.715397,-15.152139,66.97648,-21.394049,6.929481,4.6992116,-20.823719,-19.3588,30.14014,59.431435,34.688087,10.407921,-3.3194199
533,-92.31553649902344,-72.17074584960938,77.0896224975586,-1.0316061523546072,-10.795650711003066,-81.32469985402307,6.939598,7.0781612,21.629053,22.408583,-18.397543,-2.7807813,5.9648647,-26.653624,-23.907946,28.919033,-19.031425,5.6482334,3.4754527,-11.747439,4.295345,-19.699238,20.659649,-15.141684,66.87132,-21.145136,7.0403056,4.771798,-20.560349,-19.41431,30.03306,59.36757,34.92928,10.256606,-3.3085425
534,-92.42508697509766,-72.31306457519531,77.09140014648438,-1.1550855821390704,-10.728038893969481,-80.44770006365499,6.641119,7.1453753,20.82114,22.648453,-18.456936,-2.9201229,6.070521,-27.169155,-25.02337,29.064589,-18.959213,5.2324314,3.4812796,-11.677136,4.2805724,-19.832253,20.609901,-15.128311,66.748604,-20.931145,7.1510186,4.855216,-20.297792,-19.466278,29.918587,59.29344,35.172226,10.10503,-3.282419
535,-92.53607177734375,-72.45642852783203,77.09024810791016,-1.273961425587132,-10.670801359610799,-79.57586018034634,6.3647356,7.2030225,20.018316,22.866217,-18.505003,-3.0597532,6.175185,-27.635437,-26.059856,29.26062,-18.769072,4.8292584,3.474081,-11.60672,4.2668295,-19.950296,20.573536,-15.119582,66.62915,-20.745947,7.262556,4.935779,-20.06074,-19.505796,29.822493,59.233253,35.399696,9.963698,-3.243703
536,-92.64598846435547,-72.60051727294922,77.09583282470703,-1.3948985684428858,-10.624287268089418,-78.71383859070359,6.1026597,7.2630486,19.223032,23.08221,-18.548082,-3.1866972,6.249005,-28.01465,-26.90233,29.488626,-18.313738,4.479412,3.4732003,-11.528711,4.261349,-20.08677,20.536331,-15.140416,66.56121,-20.57816,7.37231,5.0026383,-19.839455,-19.548986,29.741182,59.176018,35.586655,9.84799,-3.1941228
537,-92.75186157226562,-72.74320983886719,77.10147094726562,-1.5256449518211994,-10.585585142340802,-77.85546734641679,5.8404937,7.3354177,18.42751,23.314137,-18.590027,-3.2939887,6.2794256,-28.302864,-27.545372,29.763025,-17.5252,4.177059,3.484476,-11.434257,4.261726,-20.263824,20.488297,-15.211744,66.574844,-20.423042,7.4811707,5.058237,-19.623278,-19.608839,29.673895,59.107574,35.71507,9.769924,-3.1231432
538,-92.8614273071289,-72.89127349853516,77.10986328125,-1.6612512360525078,-10.554958205378584,-77.00032921274924,5.5867863,7.411112,17.63329,23.544832,-18.625051,-3.3893635,6.280116,-28.521948,-28.040607,30.083559,-16.486235,3.9065504,3.4698648,-11.3340225,4.260448,-20.420412,20.460642,-15.282467,66.60538,-20.28145,7.593411,5.102539,-19.457674,-19.64457,29.649887,59.074898,35.80213,9.714678,-3.0349169
539,-92.98250579833984,-73.03874206542969,77.11962890625,-1.7892570805892358,-10.538370822447446,-76.16199131950812,5.3615704,7.477936,16.855263,23.756582,-18.65197,-3.482266,6.254076,-28.664024,-28.355907,30.411686,-15.275932,3.6942592,3.4678972,-11.235682,4.2696013,-20.588203,20.433268,-15.377688,66.666985,-20.173859,7.700093,5.1344905,-19.303112,-19.681343,29.631834,59.047268,35.88122,9.668241,-2.9509475
540,-93.09892272949219,-73.17710876464844,77.12303161621094,-1.8982055474996693,-10.541406885073515,-75.35292162765826,5.187206,7.523419,16.108824,23.926191,-18.667051,-3.5817776,6.2054434,-28.718601,-28.458733,30.706371,-13.97308,3.5666797,3.4761965,-11.144389,4.2950816,-20.730303,20.410273,-15.467119,66.71054,-20.108799,7.7980037,5.1499596,-19.180643,-19.71543,29.628864,59.049747,35.9908,9.612183,-2.8920095
541,-93.21048736572266,-73.32464599609375,77.12676239013672,-1.9836144281290973,-10.56793985493798,-74.57263185560981,5.06795,7.5454726,15.396325,24.053215,-18.671515,-3.686938,6.0811467,-28.6284,-28.157473,30.945902,-12.418514,3.5531406,3.4762375,-11.061922,4.3425484,-20.80389,20.405993,-15.506325,66.6832,-20.073402,7.895861,5.1340275,-19.125673,-19.724352,29.65038,59.12103,36.15069,9.537266,-2.875991
542,-93.33208465576172,-73.47718048095703,77.13201904296875,-2.056877701136592,-10.613316073211378,-73.8155696909871,4.989134,7.55569,14.70954,24.15155,-18.668154,-3.7941015,5.897582,-28.40602,-27.52676,31.146757,-10.625381,3.6468956,3.4883058,-10.987098,4.401781,-20.879425,20.40452,-15.55143,66.671936,-20.079298,7.986945,5.0939026,-19.08901,-19.731026,29.6852,59.212395,36.34739,9.455034,-2.891507
543,-93.4518814086914,-73.63307189941406,77.13336181640625,-2.1183738224738455,-10.674571071956722,-73.08790421907794,4.948364,7.5577693,14.050789,24.22156,-18.656448,-3.9076087,5.7615952,-28.155186,-26.930864,31.335117,-8.936646,3.8050208,3.5132918,-10.913581,4.465378,-20.955112,20.404665,-15.628478,66.68392,-20.141459,8.062686,5.0554404,-19.067713,-19.741774,29.748085,59.311535,36.544502,9.372993,-2.9058814
544,-93.56965637207031,-73.78751373291016,77.13233947753906,-2.1661641104924527,-10.749345161975153,-72.3969043105088,4.9448457,7.5511374,13.422971,24.259752,-18.634106,-4.031134,5.77009,-27.993727,-26.73323,31.55096,-7.701077,3.964122,3.5429418,-10.84055,4.545505,-21.000172,20.407072,-15.68398,66.68713,-20.216383,8.113799,5.03679,-19.066898,-19.747412,29.79215,59.397064,36.64532,9.308833,-2.8792758
545,-93.68624877929688,-73.93983459472656,77.12720489501953,-2.218318228267327,-10.856371223286681,-71.739883405397,4.9996424,7.5569015,12.820035,24.266403,-18.602772,-4.170636,5.9909453,-27.930075,-27.07868,31.779867,-7.011019,4.1653366,3.5807235,-10.749459,4.6489315,-21.033451,20.416313,-15.774076,66.713936,-20.354507,8.129066,5.0473375,-19.086475,-19.756107,29.850721,59.471306,36.652054,9.264354,-2.7935474
546,-93.80477142333984,-74.08238983154297,77.1104965209961,-2.2687354063262832,-10.990222096206198,-71.11474014811809,5.1067514,7.5674076,12.243299,24.240372,-18.561897,-4.3219404,6.355798,-27.916063,-27.756086,32.020596,-6.685112,4.4091983,3.643452,-10.660441,4.7702317,-21.074041,20.4414,-15.924536,66.77475,-20.584015,8.116142,5.0764885,-19.100624,-19.76663,29.904425,59.522945,36.61109,9.231694,-2.6738005
547,-93.93407440185547,-74.23941802978516,77.12428283691406,-2.280834639749231,-11.117400035257932,-70.52372543910136,5.224853,7.5414367,11.700429,24.18643,-18.51067,-4.4737253,6.77017,-27.988031,-28.608873,32.32825,-6.660316,4.564792,3.6977909,-10.591348,4.8949704,-21.077196,20.454193,-15.996309,66.80702,-20.75619,8.094672,5.1097884,-19.147333,-19.76903,29.937193,59.574116,36.491585,9.209122,-2.5427296
548,-94.06082916259766,-74.4065933227539,77.12751007080078,-2.21638587392159,-11.202671392587446,-69.9690633000569,5.309979,7.437548,11.198687,24.110716,-18.448969,-4.6150627,7.1392655,-28.18294,-29.48124,32.75357,-6.87654,4.5043354,3.7713182,-10.613785,4.964575,-21.085278,20.496916,-16.125801,66.84892,-20.945885,8.08237,5.1441026,-19.170109,-19.769766,29.990366,59.59852,36.408306,9.17793,-2.4431136
549,-94.19464874267578,-74.56077575683594,77.09466552734375,-2.0431980940705974,-11.22514836116033,-69.4589235991352,5.3394876,7.2200527,10.7501,24.008045,-18.37184,-4.741492,7.4169607,-28.561594,-30.365889,33.3926,-7.4614706,4.08369,3.8425896,-10.736771,4.972346,-21.073845,20.529453,-16.19064,66.87995,-21.044167,8.078422,5.180356,-19.20219,-19.76639,30.051294,59.609535,36.311214,9.140171,-2.3788853
550,-94.33366394042969,-74.71479034423828,77.05551147460938,-1.7884155913844006,-11.208385617433795,-68.9900765181734,5.339521,6.921042,10.347266,23.878931,-18.281618,-4.8598337,7.668899,-29.0847,-31.330755,34.185616,-8.409546,3.4151587,3.9085948,-10.940871,4.931489,-21.030941,20.58089,-16.239916,66.89211,-21.122395,8.078076,5.220147,-19.246809,-19.75391,30.14566,59.611427,36.214287,9.097189,-2.3366454
551,-94.4760513305664,-74.87157440185547,77.01910400390625,-1.5085236664648916,-11.186344394651417,-68.54810463697689,5.3421664,6.6037464,9.968951,23.73827,-18.18819,-4.976385,7.9680343,-29.632849,-32.338715,34.941265,-9.448512,2.7533681,3.9620922,-11.160383,4.876948,-20.964823,20.636608,-16.254484,66.88962,-21.183043,8.082075,5.2551923,-19.30252,-19.732742,30.24697,59.611366,36.115067,9.055973,-2.306841
552,-94.61428833007812,-75.0267105102539,76.97845458984375,-1.2621803013915036,-11.191188727027022,-68.11788632459741,5.379229,6.3283954,9.593606,23.60106,-18.10213,-5.096804,8.381289,-30.0913,-33.3632,35.47527,-10.296235,2.3478487,4.005624,-11.334403,4.8395305,-20.898205,20.680979,-16.253689,66.89027,-21.25788,8.091111,5.279817,-19.35297,-19.71244,30.33324,59.605663,36.028053,9.022689,-2.2823064
553,-94.75364685058594,-75.1780014038086,76.93807220458984,-1.0612170040800482,-11.227811094630557,-67.69532342972367,5.448593,6.1096544,9.213645,23.47954,-18.029083,-5.222078,8.943549,-30.432852,-34.46164,35.72034,-10.856165,2.3033922,4.0287075,-11.452502,4.8247952,-20.814442,20.726,-16.225742,66.872986,-21.358437,8.111962,5.28722,-19.400064,-19.690708,30.408588,59.591015,35.96147,8.987931,-2.2624094
554,-94.88587951660156,-75.33492279052734,76.90261840820312,-0.8771339858440758,-11.279076702798806,-67.2877981039052,5.5363955,5.915136,8.840998,23.363504,-17.962872,-5.34908,9.610393,-30.714748,-35.633373,35.78378,-11.276138,2.4741294,4.0693417,-11.542878,4.8204737,-20.763947,20.74085,-16.207571,66.88939,-21.469494,8.136717,5.2896314,-19.419706,-19.684025,30.441742,59.55176,35.898518,8.954392,-2.248603
555,-95.01603698730469,-75.50055694580078,76.87390899658203,-0.6980486083141912,-11.34782988710321,-66.899910399061,5.6597414,5.7322493,8.483321,23.2262,-17.89174,-5.476904,10.325997,-30.944433,-36.771793,35.738358,-11.634085,2.7284014,4.044178,-11.6186075,4.8185377,-20.615044,20.806562,-16.11456,66.81472,-21.581087,8.170833,5.27549,-19.483004,-19.65588,30.53889,59.52763,35.85969,8.938059,-2.245574
556,-95.1496810913086,-75.67069244384766,76.85174560546875,-0.5157139597204745,-11.436335520915597,-66.53554383074915,5.833178,5.549666,8.148033,23.04816,-17.808205,-5.6046076,11.035822,-31.135487,-37.76779,35.656593,-12.012442,2.934197,4.041555,-11.689692,4.829095,-20.503199,20.855618,-16.05511,66.77984,-21.687012,8.19458,5.26407,-19.52036,-19.633121,30.590958,59.487556,35.8029,8.9643955,-2.245799
557,-95.27533721923828,-75.83892059326172,76.83232879638672,-0.3318938019966043,-11.558828288286803,-66.18630786611305,6.082509,5.364484,7.8275414,22.809008,-17.704473,-5.729315,11.748531,-31.286486,-38.60299,35.54786,-12.440879,3.022581,4.0410213,-11.750461,4.860239,-20.40239,20.895712,-16.009697,66.76812,-21.787199,8.200848,5.254404,-19.53873,-19.612862,30.6121,59.424023,35.722477,9.060412,-2.2602038
558,-95.39371490478516,-76.01876068115234,76.81063842773438,-0.15018013969600733,-11.709081910804963,-65.8536929155429,6.3918204,5.1835427,7.5206876,22.525043,-17.586733,-5.8522935,12.481697,-31.392357,-39.330406,35.37619,-12.874193,3.0721595,4.0543623,-11.791108,4.9036884,-20.339863,20.903715,-15.992724,66.80965,-21.890062,8.19182,5.248793,-19.531624,-19.607767,30.60524,59.33842,35.63553,9.207242,-2.2869306
559,-95.52294921875,-76.19534301757812,76.78809356689453,0.037618681699493034,-11.862140969183217,-65.55394529890184,6.7211986,5.0082107,7.2429004,22.22074,-17.462492,-5.9790707,13.198969,-31.464594,-39.94929,35.14644,-13.284473,3.1717901,4.0604796,-11.832242,4.94873,-20.249329,20.92931,-15.957568,66.81446,-21.974953,8.190843,5.2379794,-19.526762,-19.593494,30.5905,59.259052,35.546112,9.35756,-2.3058891
560,-95.65011596679688,-76.36267852783203,76.75973510742188,0.2398894193296131,-11.988053648320605,-65.30644287747273,7.025966,4.838653,7.013063,21.91939,-17.338367,-6.1146874,13.853496,-31.518368,-40.45485,34.86843,-13.645229,3.4122825,4.077967,-11.877641,4.9644485,-20.165617,20.95758,-15.940218,66.812874,-22.055155,8.210111,5.2274647,-19.540657,-19.576609,30.604187,59.230045,35.501766,9.4595375,-2.2996347
561,-95.78842163085938,-76.53311157226562,76.72877502441406,0.464769210466068,-12.079511628922399,-65.1167947124259,7.297033,4.6680565,6.8375983,21.624664,-17.216385,-6.2617617,14.445558,-31.567533,-40.862877,34.534706,-13.947435,3.8347228,4.1243014,-11.928371,4.9452915,-20.120607,20.96838,-15.9563,66.83536,-22.121502,8.252468,5.2175417,-19.558352,-19.569756,30.636225,59.24964,35.517998,9.492429,-2.2538495
562,-95.92841339111328,-76.70620727539062,76.69697570800781,0.7069211456161504,-12.151124573399557,-64.97493564896229,7.558944,4.496701,6.706687,21.317,-17.088413,-6.416852,14.993521,-31.604729,-41.171055,34.1433,-14.2064495,4.384029,4.1783066,-11.981742,4.8981543,-20.07395,20.978975,-15.993026,66.84758,-22.187548,8.313229,5.208322,-19.59114,-19.562605,30.698679,59.316036,35.587944,9.482595,-2.1833894
563,-96.07315063476562,-76.87186431884766,76.66169738769531,0.9517518251214675,-12.20833215950395,-64.87567416164933,7.8071976,4.3411856,6.6127615,21.018682,-16.965458,-6.576754,15.486525,-31.61047,-41.350388,33.70702,-14.431621,5.0091457,4.2335987,-12.031959,4.833243,-20.034615,20.992626,-16.02784,66.86793,-22.243153,8.379351,5.1997976,-19.628305,-19.54978,30.777544,59.40248,35.663105,9.461521,-2.111833
564,-96.2210464477539,-77.03833770751953,76.6262435913086,1.1861824015077278,-12.256645440997193,-64.81301676603792,8.038145,4.2167964,6.547639,20.746397,-16.85451,-6.738053,15.913744,-31.567083,-41.371796,33.237053,-14.630182,5.659412,4.284891,-12.065367,4.763985,-19.993574,21.001692,-16.030008,66.89016,-22.2782,8.439171,5.1952477,-19.6687,-19.533796,30.845482,59.491913,35.69318,9.461338,-2.0587347
565,-96.37699890136719,-77.20176696777344,76.58850860595703,1.409536411353438,-12.292377144189704,-64.79609669464412,8.248805,4.1268516,6.519711,20.505377,-16.758936,-6.898609,16.256584,-31.462616,-41.182102,32.72066,-14.794711,6.345054,4.3255987,-12.076263,4.68422,-19.937408,21.006065,-15.970939,66.90953,-22.280739,8.490477,5.197162,-19.731564,-19.504501,30.918318,59.605698,35.653767,9.492478,-2.036058
566,-96.54226684570312,-77.36402893066406,76.55070495605469,1.6289576935869483,-12.314723537858331,-64.82530512477074,8.442794,4.0628247,6.530628,20.284372,-16.67323,-7.060695,16.528378,-31.313574,-40.81162,32.157135,-14.925563,7.0846643,4.371507,-12.07431,4.594989,-19.889,21.002384,-15.881364,66.939926,-22.257069,8.538686,5.204416,-19.798237,-19.468658,30.984295,59.73156,35.568253,9.53867,-2.0301805
567,-96.72000885009766,-77.53108978271484,76.51509857177734,1.8410785446542777,-12.330885348565635,-64.87912030733393,8.623725,4.022023,6.5616837,20.082022,-16.595037,-7.2275887,16.764479,-31.13644,-40.357475,31.57528,-15.043484,7.839619,4.428239,-12.067243,4.509416,-19.865839,20.996922,-15.811055,66.98605,-22.230677,8.584357,5.2109327,-19.834024,-19.446915,31.016706,59.824768,35.471718,9.589215,-2.0241125
568,-96.90176391601562,-77.68814849853516,76.4749984741211,2.0410538464255192,-12.348422402754482,-64.93673904544158,8.801731,4.002363,6.5947266,19.885418,-16.515514,-7.402884,16.997988,-30.947203,-39.91258,31.003197,-15.166653,8.571361,4.4319367,-12.04371,4.4184813,-19.822561,20.984661,-15.701434,67.0276,-22.181488,8.625385,5.211436,-19.906517,-19.397453,31.074308,59.95096,35.40405,9.623503,-2.0083873
569,-97.08890533447266,-77.84465789794922,76.43272399902344,2.2310834535150144,-12.36816231812435,-64.99029824884778,8.96558,3.9988348,6.6223,19.714727,-16.44607,-7.585993,17.235315,-30.752007,-39.482895,30.444304,-15.297188,9.29286,4.421009,-12.024812,4.3351145,-19.801556,20.975193,-15.61951,67.08015,-22.134993,8.6680765,5.2045417,-19.953999,-19.346504,31.096098,60.051117,35.37065,9.633605,-1.966923
570,-97.29164123535156,-78.00533294677734,76.39391326904297,2.4126464724574808,-12.38662729387487,-65.05231732860373,9.123532,4.0130754,6.65624,19.550726,-16.376278,-7.7755065,17.460127,-30.539518,-39.02081,29.879126,-15.421117,10.015982,4.398927,-12.004945,4.2574177,-19.794674,20.968695,-15.548341,67.13628,-22.08395,8.711769,5.1919727,-19.980133,-19.29888,31.089056,60.125454,35.352673,9.631037,-1.910405
571,-97.49044036865234,-78.16490936279297,76.35517883300781,2.579944017946114,-12.404223572795619,-65.13041161981087,9.274592,4.0558157,6.702939,19.402306,-16.310171,-7.973781,17.66717,-30.30935,-38.55628,29.329067,-15.55092,10.70873,4.3666162,-11.974858,4.1835346,-19.797218,20.9666,-15.494319,67.20534,-22.03409,8.746739,5.174759,-20.001734,-19.246986,31.07181,60.18826,35.33894,9.633759,-1.8574892
572,-97.7084732055664,-78.32290649414062,76.31571960449219,2.7296927803579702,-12.422093304843314,-65.23267366177625,9.421119,4.1379633,6.7693205,19.271751,-16.248466,-8.183152,17.85027,-30.062004,-38.11658,28.816795,-15.700169,11.338106,4.330808,-11.928652,4.113419,-19.812536,20.973907,-15.47751,67.29962,-21.998978,8.764221,5.1541176,-20.02326,-19.189613,31.05806,60.238712,35.32154,9.660873,-1.8285248
573,-97.93257141113281,-78.47804260253906,76.27690124511719,2.8660598743447565,-12.436798488599049,-65.36405179829825,9.564303,4.2544374,6.8607764,19.15055,-16.18757,-8.400831,17.993292,-29.803562,-37.681877,28.355465,-15.876851,11.888974,4.294052,-11.866812,4.045938,-19.83764,20.989967,-15.499747,67.42168,-21.972486,8.754815,5.12999,-20.033985,-19.14012,31.043037,60.248405,35.303905,9.728719,-1.8236787
574,-98.171630859375,-78.63355255126953,76.24148559570312,2.9895135069445526,-12.448664353028782,-65.5189685476335,9.702467,4.4015894,6.972607,19.041143,-16.128975,-8.626582,18.103039,-29.530249,-37.245457,27.932306,-16.072756,12.381231,4.251642,-11.793188,3.9804308,-19.871565,21.015394,-15.552871,67.56518,-21.952747,8.726026,5.1012893,-20.039986,-19.09001,31.022102,60.23483,35.286602,9.822188,-1.8331339
575,-98.42138671875,-78.79256439208984,76.20906066894531,3.088458233436329,-12.465443725851836,-65.6909741563158,9.83552,4.5929995,7.09669,18.959515,-16.078638,-8.866796,18.209372,-29.230856,-36.854267,27.528494,-16.27504,12.835428,4.2049694,-11.711598,3.9238803,-19.91908,21.064154,-15.645254,67.72009,-21.958778,8.6953535,5.066553,-20.05255,-19.015305,31.001947,60.236404,35.260494,9.917099,-1.8632574
576,-98.67742156982422,-78.9403305053711,76.17106628417969,3.1511726852921824,-12.494061164943338,-65.87273541617564,9.960334,4.8426,7.224558,18.927011,-16.045591,-9.127647,18.34049,-28.891544,-36.55526,27.125238,-16.47121,13.271508,4.1385956,-11.617312,3.8819864,-19.96242,21.151505,-15.757871,67.85663,-22.002182,8.6812,5.022155,-20.093803,-18.89985,31.008593,60.29306,35.2191,9.990034,-1.9207702
577,-98.9435043334961,-79.09129333496094,76.13289642333984,3.1783404595252622,-12.538476439293392,-66.06611953451305,10.080279,5.1518426,7.35619,18.944328,-16.032372,-9.414903,18.513216,-28.507042,-36.384605,26.696795,-16.650034,13.719893,4.0519004,-11.4973135,3.8637886,-20.007603,21.263369,-15.869924,67.975525,-22.08528,8.684137,4.9549623,-20.162958,-18.767508,31.066406,60.399113,35.164448,10.033624,-2.0173967
578,-99.21987915039062,-79.2367172241211,76.09703826904297,3.1741792020322785,-12.593699555594114,-66.27337910388552,10.194703,5.5144134,7.495463,19.004671,-16.03573,-9.724055,18.70643,-28.083385,-36.30699,26.260134,-16.820786,14.1615925,3.9515119,-11.354798,3.8640294,-20.060484,21.393652,-15.994347,68.08952,-22.200726,8.69548,4.8711534,-20.246374,-18.624937,31.156572,60.531708,35.09872,10.061897,-2.146209
579,-99.51017761230469,-79.38748931884766,76.06787872314453,3.135043424807695,-12.656322040782396,-66.48999426009135,10.301411,5.931998,7.6406393,19.104511,-16.049713,-10.045574,18.895866,-27.623856,-36.263756,25.852406,-16.997711,14.542206,3.8353858,-11.190533,3.8725078,-20.109718,21.54273,-16.14778,68.19499,-22.332357,8.715661,4.799254,-20.334705,-18.468912,31.25608,60.67749,35.034306,10.087921,-2.2864873
580,-99.8190689086914,-79.53857421875,76.0407485961914,3.0585476233269633,-12.722910961623523,-66.71077622852007,10.395983,6.4080033,7.789289,19.245499,-16.070278,-10.370353,19.052654,-27.127634,-36.194466,25.517834,-17.199827,14.806188,3.7007272,-11.003288,3.8784177,-20.144867,21.709309,-16.346508,68.289314,-22.464027,8.744624,4.7678685,-20.417385,-18.297651,31.340523,60.82142,34.98058,10.124556,-2.4174447
581,-100.13115692138672,-79.6938705444336,76.01606750488281,2.939399417500724,-12.798787945231469,-66.94147022241334,10.482047,6.9529386,7.9438586,19.438599,-16.10452,-10.6982155,19.16697,-26.593016,-36.082695,25.28274,-17.445726,14.918681,3.5543551,-10.786646,3.8871856,-20.167585,21.896536,-16.611174,68.36231,-22.584759,8.793213,4.80078,-20.49102,-18.108358,31.405062,60.95936,34.94045,10.181255,-2.5360498
582,-100.44729614257812,-79.84508514404297,75.99232482910156,2.7775887842461837,-12.883640974083258,-67.18173402917097,10.562492,7.5627046,8.10416,19.678297,-16.151472,-11.033716,19.251143,-26.01737,-35.958466,25.119991,-17.721064,14.914592,3.395347,-10.544114,3.9016097,-20.18483,22.104773,-16.930416,68.41992,-22.7065,8.857925,4.877484,-20.562397,-17.900122,31.459993,61.102,34.90611,10.248822,-2.6523345
583,-100.77667236328125,-80.00318145751953,75.972900390625,2.58514074514435,-12.968244092605486,-67.41841610063511,10.634147,8.218085,8.263571,19.935999,-16.192896,-11.37488,19.316273,-25.404266,-35.833572,24.989298,-17.992176,14.844013,3.2110524,-10.287028,3.9083915,-20.19353,22.325392,-17.269932,68.48522,-22.845505,8.915867,4.9605055,-20.635761,-17.676367,31.506895,61.2553,34.8771,10.312104,-2.7654285
584,-101.10112762451172,-80.15973663330078,75.95809173583984,2.369843447259384,-13.041908731370638,-67.63835186259602,10.690883,8.899753,8.415113,20.18742,-16.212479,-11.719354,19.374352,-24.757767,-35.72006,24.849874,-18.225725,14.758047,2.9911978,-10.024978,3.8946962,-20.192295,22.544218,-17.59441,68.58392,-23.0151,8.943834,5.013119,-20.710457,-17.44318,31.543314,61.420322,34.85022,10.356828,-2.8746865
585,-101.43254852294922,-80.31924438476562,75.95135498046875,2.118948706310297,-13.100364560413151,-67.84180904146724,10.730092,9.621013,8.558596,20.427645,-16.211658,-12.073139,19.418152,-24.068102,-35.617603,24.707066,-18.409426,14.661704,2.7337506,-9.742215,3.8524437,-20.185125,22.750998,-17.913462,68.74965,-23.23444,8.914938,5.03366,-20.778456,-17.204964,31.571507,61.604355,34.83564,10.360134,-2.9884143
586,-101.76625061035156,-80.47334289550781,75.9483871459961,1.832721823658389,-13.149157228772664,-68.0342025549334,10.756713,10.386598,8.6963215,20.666666,-16.196033,-12.435559,19.445787,-23.333866,-35.521442,24.571957,-18.558523,14.531258,2.44891,-9.434995,3.7901158,-20.180653,22.944353,-18.2437,68.97166,-23.490448,8.846604,5.040926,-20.837713,-16.964056,31.589924,61.800014,34.83265,10.337309,-3.105212
587,-102.10795593261719,-80.6257553100586,75.9496841430664,1.5355722916736674,-13.19448869735794,-68.21123861044458,10.772043,11.164603,8.824605,20.908817,-16.157875,-12.793572,19.476547,-22.577856,-35.435986,24.422579,-18.688484,14.37521,2.144256,-9.130529,3.7197032,-20.18046,23.124258,-18.556158,69.2057,-23.744114,8.782075,5.028463,-20.897074,-16.724226,31.587626,61.99129,34.818565,10.327996,-3.2066395
588,-102.46349334716797,-80.77487182617188,75.95320892333984,1.2523443229511355,-13.241015042040797,-68.36793330112484,10.777336,11.922769,8.939801,21.155928,-16.087723,-13.134216,19.53294,-21.822897,-35.366,24.232628,-18.812687,14.201914,1.8244658,-8.856487,3.6515744,-20.184866,23.293743,-18.824821,69.407166,-23.962769,8.765059,4.9901104,-20.967218,-16.491747,31.558357,62.15868,34.772594,10.375408,-3.2769759
589,-102.81649780273438,-80.9201889038086,75.95800018310547,0.9882322791627189,-13.278755402573584,-68.49446584229918,10.757119,12.656174,9.037215,21.402916,-15.978655,-13.46035,19.608833,-21.07445,-35.318207,24.006971,-18.938042,14.008697,1.4811718,-8.622174,3.5781002,-20.191353,23.45206,-19.019922,69.55923,-24.118435,8.815237,4.9248824,-21.047638,-16.271378,31.49773,62.294155,34.684334,10.487384,-3.300944
590,-103.1879653930664,-81.07263946533203,75.96420288085938,0.7276958806840655,-13.307738376116047,-68.59597435711028,10.713946,13.380777,9.118686,21.649794,-15.835924,-13.776339,19.699228,-20.319109,-35.288208,23.752417,-19.055223,13.79337,1.1149031,-8.410866,3.4980574,-20.19849,23.599514,-19.163757,69.68428,-24.237125,8.907078,4.8356247,-21.130217,-16.064775,31.41155,62.400673,34.56842,10.643594,-3.2907205
591,-103.55220031738281,-81.22389221191406,75.97486114501953,0.4746817410054075,-13.35035702344763,-68.691710858599,10.67276,14.096031,9.190423,21.913385,-15.67258,-14.070741,19.827597,-19.555248,-35.263252,23.45093,-19.15634,13.565018,0.744218,-8.213603,3.432758,-20.20333,23.741304,-19.29776,69.78946,-24.3552,9.017233,4.721479,-21.211111,-15.872635,31.30326,62.472836,34.438404,10.843872,-3.2703679
592,-103.90923309326172,-81.37884521484375,75.99063110351562,0.23207022700081495,-13.42827218494875,-68.79983967677836,10.660522,14.801584,9.259868,22.207289,-15.499613,-14.332661,20.015839,-18.782505,-35.229675,23.086433,-19.234352,13.332333,0.3870574,-8.022877,3.403935,-20.203245,23.885857,-19.466665,69.88083,-24.513195,9.122934,4.5811706,-21.288351,-15.69556,31.178127,62.507168,34.30881,11.088044,-3.263958
593,-104.2749252319336,-81.53447723388672,76.00469970703125,0.0031464929811572317,-13.55620874728336,-68.91322091099897,10.692925,15.488934,9.322971,22.528368,-15.310153,-14.559508,20.289322,-18.001495,-35.19655,22.645882,-19.288494,13.09669,0.04033684,-7.85049,3.428026,-20.19982,24.041582,-19.682978,69.9475,-24.712545,9.233888,4.3986115,-21.359554,-15.53424,31.015154,62.48254,34.17776,11.411627,-3.275467
594,-104.64208984375,-81.68730926513672,76.01732635498047,-0.21127638994529813,-13.719936631741975,-69.02618570457635,10.752493,16.161205,9.378397,22.870384,-15.100724,-14.756529,20.63124,-17.211819,-35.165295,22.137362,-19.320606,12.854214,-0.30317727,-7.6992226,3.491189,-20.191051,24.209364,-19.923952,69.98341,-24.936901,9.358999,4.1784763,-21.424091,-15.389277,30.817034,62.402653,34.03864,11.8034315,-3.2918181
595,-105.01244354248047,-81.83979034423828,76.03150177001953,-0.42616659783833344,-13.895579046448681,-69.15829075483889,10.817296,16.835463,9.438261,23.2452,-14.890583,-14.925105,20.99905,-16.408598,-35.11181,21.576231,-19.32717,12.604848,-0.6325191,-7.5471177,3.5690098,-20.167433,24.38384,-20.178432,70.00245,-25.197887,9.473536,3.9506938,-21.482542,-15.259228,30.62408,62.300426,33.898846,12.193129,-3.3121414
596,-105.38056182861328,-81.99003601074219,76.04529571533203,-0.642378821164557,-14.06074883351585,-69.32898503192844,10.866738,17.514261,9.512396,23.657368,-14.694803,-15.000033,21.35046,-15.593075,-35.01545,20.980858,-19.305058,12.349843,-0.93786335,-7.3742023,3.6359758,-20.123922,24.556734,-20.442053,70.02429,-25.513447,9.55224,3.7464542,-21.538454,-15.140804,30.479328,62.214066,33.76874,12.510151,-3.3365238
597,-105.74141693115234,-82.14327239990234,76.06031036376953,-0.8530717759975172,-14.21585684273195,-69.53928811753303,10.913493,18.184835,9.59491,24.077618,-14.50136,-15.000033,21.683016,-14.776586,-34.878952,20.361698,-19.259283,12.088818,-1.2220364,-7.1858206,3.6856139,-20.06191,24.725826,-20.74648,70.0682,-25.936613,9.588625,3.5643353,-21.594479,-15.030106,30.403797,62.16955,33.653286,12.720079,-3.357542
598,-106.09748077392578,-82.29200744628906,76.07239532470703,-1.075052001008451,-14.372516095304631,-69.78523230540576,10.962259,18.878927,9.688873,24.52969,-14.317286,-15.000033,22.026384,-13.929054,-34.70557,19.682716,-19.178648,11.816134,-1.4827828,-6.969136,3.7312813,-19.99048,24.885931,-21.08611,70.13037,-26.443384,9.594478,3.3925111,-21.650003,-14.928851,30.373772,62.146427,33.547962,12.865528,-3.378639
599,-106.45726776123047,-82.4379653930664,76.08558654785156,-1.3011595675141114,-14.520124225079147,-70.06437338412597,10.988128,19.59461,9.809221,25.043194,-14.153599,-15.000033,22.363037,-13.065964,-34.493122,18.961855,-19.067318,11.5408745,-1.7205621,-6.738308,3.770649,-19.900318,25.041742,-21.390207,70.17805,-26.927496,9.574999,3.243621,-21.7095,-14.82945,30.35739,62.12265,33.438564,12.989033,-3.4158936
600,-106.8135986328125,-82.58439636230469,76.09922790527344,-1.527998846905325,-14.646857359019748,-70.37349137746457,10.962096,20.33362,9.968243,25.655626,-14.025923,-15.000033,22.674082,-12.201947,-34.23868,18.217882,-18.929604,11.27105,-1.9323179,-6.4677877,3.797813,-19.816084,25.123074,-21.573664,70.23569,-27.263939,9.520062,3.140398,-21.75942,-14.777352,30.347479,62.049595,33.329987,13.138976,-3.4880042
601,-107.16097259521484,-82.72602844238281,76.11113739013672,-1.7522863425601969,-14.751203210732966,-70.71737918563747,10.885842,21.091042,10.139959,26.352982,-13.925308,-15.000033,22.957058,-11.340675,-33.93721,17.44972,-18.761734,11.011526,-2.1071832,-6.2209916,3.816864,-19.704103,25.235723,-21.658945,70.23224,-27.457788,9.44234,3.0815542,-21.817858,-14.69664,30.297245,61.94917,33.19265,13.320663,-3.6103327
602,-107.499267578125,-82.8588638305664,76.12458038330078,-1.9783640280605945,-14.838097466652076,-71.0967960420759,10.7715845,21.869892,10.325115,27.121859,-13.847776,-15.000033,23.220085,-10.475675,-33.590645,16.652842,-18.562222,10.756255,-2.2670615,-5.946691,3.8245,-19.564856,25.312105,-21.6241,70.208954,-27.531706,9.329409,3.065412,-21.889696,-14.631567,30.269125,61.82913,33.051617,13.515478,-3.7736807
603,-107.8332748413086,-82.9915542602539,76.13492584228516,-2.176655169206377,-14.904988948368207,-71.49237385252613,10.608014,22.62534,10.569969,27.968384,-13.799215,-14.864955,23.449121,-9.660325,-33.22304,15.882515,-18.365799,10.507978,-2.4063878,-5.6784234,3.817723,-19.436026,25.346453,-21.540207,70.19449,-27.535036,9.1927395,3.073102,-21.946146,-14.594169,30.232126,61.681084,32.912605,13.710345,-3.9403079
604,-108.16127014160156,-83.10540771484375,76.14140319824219,-2.339520654727911,-14.950578584291145,-71.89130575925788,10.3857155,23.346794,10.927595,28.912907,-13.795261,-14.486101,23.62825,-8.920603,-32.84855,15.19047,-18.198011,10.2628565,-2.5371878,-5.436137,3.7929366,-19.328333,25.360876,-21.451803,70.19642,-27.518328,9.047592,3.0808554,-21.979477,-14.572228,30.182642,61.51193,32.788864,13.892445,-4.0785685
605,-108.47606658935547,-83.22305297851562,76.14984130859375,-2.4816875149211315,-14.971217900510359,-72.29436840656193,10.1066475,24.07766,11.413026,29.967672,-13.833409,-14.022069,23.765226,-8.227494,-32.46789,14.540555,-18.04553,10.016835,-2.6794257,-5.1970396,3.7569401,-19.177134,25.367386,-21.295301,70.13851,-27.44192,8.904095,3.0926409,-22.033773,-14.554244,30.115847,61.35857,32.657433,14.065103,-4.167108
606,-108.78392791748047,-83.32783508300781,76.15811920166016,-2.607517619114803,-14.968519513352792,-72.70869126948435,9.777812,24.823921,11.997955,31.122063,-13.917211,-13.464023,23.860672,-7.574335,-32.073112,13.928316,-17.902815,9.77098,-2.8182487,-4.966106,3.7063968,-19.01639,25.363476,-21.088226,70.06319,-27.308992,8.752045,3.1135979,-22.085194,-14.541926,30.040823,61.19319,32.53152,14.231953,-4.2319813
607,-109.08624267578125,-83.4295654296875,76.16668701171875,-2.7200626975650217,-14.955213298918594,-73.13791206117492,9.403765,25.581646,12.668759,32.386093,-14.091184,-12.701205,23.927166,-6.9588704,-31.65996,13.358568,-17.77201,9.520339,-2.9608734,-4.7296777,3.6515393,-18.832186,25.34799,-20.842123,69.96435,-27.158327,8.58656,3.1352615,-22.144258,-14.535033,29.978222,61.032894,32.412827,14.380981,-4.286973
608,-109.37383270263672,-83.53030395507812,76.17499542236328,-2.8184708329421544,-14.944037710567857,-73.58497318218838,8.990704,26.343546,13.412455,33.76784,-14.394124,-11.628205,23.975998,-6.378901,-31.22458,12.840731,-17.657837,9.260054,-3.0667996,-4.5000763,3.5939665,-18.672249,25.331078,-20.676538,69.88152,-27.074753,8.40519,3.148518,-22.169315,-14.5373535,29.911083,60.86211,32.315197,14.497709,-4.3466244
609,-109.65510559082031,-83.62615966796875,76.18097686767578,-2.908397838790137,-14.933311137894844,-74.0496125466238,8.497108,27.188469,14.339409,35.41883,-14.890107,-9.96147,24.002821,-5.82957,-30.764242,12.378241,-17.561394,8.979931,-3.16672,-4.2479634,3.5448549,-18.48992,25.299328,-20.518421,69.77909,-27.037745,8.196049,3.145862,-22.186972,-14.55525,29.853252,60.688633,32.213013,14.582416,-4.398829
610,-109.93120574951172,-83.72162628173828,76.18614196777344,-2.9892336271436806,-14.917628795120946,-74.52938414852127,7.9528575,28.098892,15.416773,37.272827,-15.557627,-7.838197,24.004917,-5.3097453,-30.283377,11.964352,-17.480207,8.685461,-3.2368646,-3.9964967,3.491207,-18.323746,25.263208,-20.418747,69.68626,-27.053066,7.965885,3.1331494,-22.1722,-14.587258,29.7832,60.497986,32.116974,14.638747,-4.442344
611,-110.19740295410156,-83.81929779052734,76.19242858886719,-3.056554806425009,-14.90461023299045,-75.02521015589893,7.457833,28.907415,16.419067,39.01656,-16.28485,-5.800164,23.997492,-4.8232775,-29.787819,11.591345,-17.411926,8.396221,-3.2783182,-3.7457247,3.4417143,-18.175512,25.215647,-20.350618,69.59116,-27.084826,7.7326436,3.124098,-22.133825,-14.642041,29.710651,60.29022,32.050335,14.674095,-4.4990067
612,-110.45782470703125,-83.91341400146484,76.19441986083984,-3.107324472250077,-14.902310130510234,-75.53819327474216,7.088522,29.435246,17.1229,40.352776,-16.931446,-4.400806,23.996601,-4.3756227,-29.28204,11.248863,-17.35292,8.131277,-3.2877772,-3.504104,3.4002686,-18.05642,25.155518,-20.310455,69.4935,-27.111889,7.514163,3.1323912,-22.077812,-14.724864,29.648281,60.070553,32.042953,14.693167,-4.5922136
613,-110.70816802978516,-84.01553344726562,76.19425964355469,-3.1428408166412085,-14.916180446989008,-76.0720474973886,6.8743796,29.642529,17.4992,41.198185,-17.47633,-3.8725774,24.003326,-3.966268,-28.76319,10.945613,-17.306383,7.900327,-3.2702494,-3.273409,3.369857,-17.94876,25.098278,-20.293665,69.36741,-27.123392,7.3132806,3.1636164,-22.02551,-14.814961,29.617472,59.860916,32.13081,14.686168,-4.7513313
614,-110.93991088867188,-84.10526275634766,76.19297790527344,-3.1655670262429823,-14.940776810029673,-76.6245135213489,6.7507257,29.611877,17.661348,41.729034,-17.972075,-3.902483,24.00958,-3.5929334,-28.230328,10.68468,-17.274242,7.691582,-3.2231693,-3.0427384,3.3500953,-17.858383,25.031176,-20.305307,69.22526,-27.133402,7.1195025,3.2106667,-21.957308,-14.934711,29.607826,59.634987,32.292767,14.6558485,-4.955905
615,-111.16702270507812,-84.20230102539062,76.19527435302734,-3.166653390592951,-14.968990580069981,-77.18822149840398,6.6388745,29.349266,17.600637,42.047665,-18.384258,-4.227276,24.009233,-3.2640696,-27.692123,10.465198,-17.257093,7.492401,-3.161872,-2.831034,3.3324661,-17.780205,24.963799,-20.321733,69.07957,-27.149986,6.9403353,3.2624981,-21.878132,-15.062197,29.59126,59.4105,32.456306,14.615411,-5.1573906
616,-111.38414001464844,-84.30082702636719,76.20335388183594,-3.1361357923068307,-14.99316718718091,-77.75568242721666,6.465881,28.860802,17.305708,42.249718,-18.675446,-4.5841208,23.99635,-2.987235,-27.157202,10.28594,-17.25629,7.29013,-3.0979936,-2.6497693,3.309663,-17.719076,24.896042,-20.329102,68.95199,-27.188755,6.7810254,3.3094358,-21.785301,-15.191649,29.54221,59.19349,32.553986,14.580236,-5.3071003
617,-111.5946273803711,-84.40416717529297,76.21920013427734,-3.066018122621361,-15.013578790049486,-78.32814315249607,6.212155,28.064425,16.651161,42.305447,-18.801714,-4.9839063,23.9667,-2.7755845,-26.625168,10.158398,-17.278105,7.0790343,-3.0324764,-2.5151894,3.2802975,-17.667776,24.831102,-20.301607,68.83535,-27.263344,6.6436133,3.3564842,-21.686258,-15.30637,29.447659,59.01096,32.563034,14.546638,-5.3871083
618,-111.79364776611328,-84.50706481933594,76.23613739013672,-2.963654707580451,-15.032370336115155,-78.90811402358078,5.9258566,26.98709,15.691629,42.179867,-18.805473,-5.540067,23.923393,-2.6190963,-26.092073,10.077924,-17.319014,6.8661575,-2.9643016,-2.4164555,3.2463365,-17.623163,24.769934,-20.252085,68.7223,-27.363995,6.5250554,3.4063544,-21.589317,-15.402764,29.32757,58.86569,32.520573,14.5074215,-5.4256263
619,-111.99609375,-84.60540771484375,76.25390625,-2.8471907044955937,-15.045718759773111,-79.49031851356159,5.6343775,25.796461,14.678648,41.954197,-18.764868,-6.1442595,23.874342,-2.4899552,-25.562922,10.013266,-17.36435,6.657652,-2.9224238,-2.339842,3.2000523,-17.56459,24.73771,-20.202408,68.609505,-27.466537,6.427602,3.4428847,-21.530542,-15.447779,29.2181,58.777584,32.443146,14.466662,-5.4461203
620,-112.185546875,-84.7096176147461,76.27593231201172,-2.734714759064021,-15.050455556537425,-80.06957005853735,5.353817,24.662117,13.856574,41.708874,-18.746872,-6.6878324,23.820423,-2.3626988,-25.04162,9.949407,-17.402924,6.4597406,-2.8791277,-2.2431912,3.1487424,-17.548199,24.690634,-20.214111,68.54953,-27.532967,6.3442073,3.4558105,-21.444506,-15.521374,29.101095,58.634193,32.345856,14.446602,-5.464682
621,-112.36878967285156,-84.8133773803711,76.29907989501953,-2.6289084739932775,-15.04046780786633,-80.6475745477305,5.0693016,23.5841,13.228402,41.44238,-18.747215,-7.1594725,23.759113,-2.2368157,-24.529137,9.87602,-17.42835,6.2730894,-2.8973365,-2.1325362,3.0746243,-17.49832,24.679516,-20.24211,68.49552,-27.528894,6.293489,3.431316,-21.417204,-15.541919,29.041843,58.529446,32.226437,14.439946,-5.490057
622,-112.539794921875,-84.91490173339844,76.32186126708984,-2.519620500995084,-15.019589444710242,-81.22749166783848,4.776092,22.492529,12.680854,41.115845,-18.732141,-7.6099205,23.690163,-2.1220303,-24.022089,9.802238,-17.445774,6.0942273,-2.8951719,-2.0249581,2.9938865,-17.504683,24.670572,-20.346613,68.495514,-27.481804,6.267851,3.3825014,-21.351126,-15.570713,28.935558,58.371502,32.055233,14.454384,-5.501136
623,-112.70999908447266,-85.02086639404297,76.34461212158203,-2.4130857592552712,-14.997529448382675,-81.80081308688415,4.4932,21.442795,12.275142,40.754475,-18.715885,-8.023636,23.622814,-2.0137036,-23.522615,9.738932,-17.467642,5.9250984,-2.8953142,-1.9186299,2.9122825,-17.534712,24.669636,-20.506208,68.52186,-27.4735,6.245164,3.3216093,-21.27817,-15.604934,28.832909,58.20073,31.887033,14.473629,-5.5090575
624,-112.88092041015625,-85.1186752319336,76.36132049560547,-2.314121244689645,-14.984330597823197,-82.3602600493835,4.238693,20.48999,12.073334,40.382786,-18.711521,-8.385781,23.564716,-1.9070696,-23.031532,9.696691,-17.504725,5.767439,-2.929422,-1.8078643,2.8406844,-17.539364,24.678852,-20.655941,68.53255,-27.55585,6.2022676,3.2618678,-21.242922,-15.627809,28.787163,58.065533,31.762283,14.483824,-5.5236893
625,-113.03986358642578,-85.22321319580078,76.37244415283203,-2.2197490442049284,-14.98477174969602,-82.90274101138003,4.0128474,19.63296,12.081279,39.999104,-18.719236,-8.685949,23.527168,-1.8044343,-22.550077,9.665682,-17.556505,5.630644,-2.971348,-1.7047987,2.7837126,-17.553488,24.701532,-20.855867,68.545586,-27.789705,6.1333966,3.2010689,-21.219114,-15.654927,28.780523,57.9436,31.690273,14.485623,-5.5428357
626,-113.19048309326172,-85.33365631103516,76.38317108154297,-2.1275016587370703,-14.993044631320407,-83.43285434415873,3.8029404,18.84659,12.266174,39.591763,-18.728825,-8.934692,23.504333,-1.7069073,-22.0772,9.639921,-17.615854,5.510916,-3.0162704,-1.6105286,2.7408657,-17.576202,24.749586,-21.111221,68.55298,-28.133673,6.0539165,3.1308765,-21.184885,-15.698567,28.792988,57.799202,31.649055,14.487289,-5.561549
627,-113.34414672851562,-85.44183349609375,76.38745880126953,-2.0454888458431006,-15.003404531318727,-83.95457026488126,3.6085715,18.148962,12.633102,39.168575,-18.735693,-9.148937,23.471916,-1.6110386,-21.61132,9.654677,-17.694801,5.390136,-3.0931056,-1.5036584,2.7024746,-17.577126,24.792404,-21.33202,68.55667,-28.491804,5.964001,3.0637143,-21.18239,-15.729421,28.839075,57.68188,31.62737,14.48422,-5.584609
628,-113.48637390136719,-85.54743194580078,76.3860855102539,-1.9790752676644943,-15.009979141098148,-84.47103843278275,3.4309428,17.556068,13.188226,38.73687,-18.73544,-9.345997,23.41362,-1.5101057,-21.151329,9.727344,-17.796305,5.250176,-3.155928,-1.4057827,2.6777146,-17.576723,24.861872,-21.556944,68.53905,-28.828817,5.877893,3.0022292,-21.136595,-15.7756,28.83301,57.502586,31.604046,14.483007,-5.604759
629,-113.62913513183594,-85.65609741210938,76.38291931152344,-1.9309775051658362,-15.011658675155093,-84.98380245896534,3.2772293,17.071749,13.948528,38.28258,-18.716791,-9.56042,23.315516,-1.4062872,-20.69887,9.884276,-17.929068,5.076455,-3.233468,-1.2955426,2.6571069,-17.561401,24.926502,-21.738785,68.52009,-29.124628,5.7908034,2.9438932,-21.095137,-15.814182,28.815733,57.319122,31.59065,14.476555,-5.621498
630,-113.76690673828125,-85.75518035888672,76.37427520751953,-1.8963799441132796,-15.011672931747022,-85.49111500413238,3.1475456,16.682116,14.906965,37.806473,-18.68342,-9.77503,23.189232,-1.3015425,-20.254177,10.109331,-18.0891,4.882083,-3.3177953,-1.1809514,2.640856,-17.544916,24.990915,-21.909395,68.50761,-29.415113,5.699882,2.887274,-21.052649,-15.848081,28.788736,57.129894,31.59068,14.465401,-5.6359262
631,-113.90245056152344,-85.85517883300781,76.3630142211914,-1.8728484649736983,-15.010915337525361,-85.99140785698923,3.0331292,16.37811,16.035135,37.34333,-18.656788,-9.929454,23.054565,-1.1903756,-19.813463,10.357616,-18.259464,4.691984,-3.417293,-1.056305,2.6241891,-17.521837,25.032331,-22.033445,68.50686,-29.654802,5.5971336,2.853836,-21.021517,-15.866926,28.751242,56.956577,31.578424,14.453317,-5.6622496
632,-114.03361511230469,-85.95720672607422,76.34815979003906,-1.8577492137635827,-15.010725531196446,-86.48285150054014,2.9257991,16.15075,17.304386,36.928436,-18.65946,-9.96352,22.929686,-1.068787,-19.373404,10.590152,-18.426931,4.5303445,-3.4978178,-0.94943607,2.624085,-17.492104,25.093237,-22.1348,68.468796,-29.826721,5.48959,2.854703,-20.940332,-15.894821,28.634073,56.719196,31.52017,14.452548,-5.703362
633,-114.15237426757812,-86.06778717041016,76.33340454101562,-1.8518977285085756,-15.007637196680937,-86.96393950429245,2.8380647,16.025274,18.799498,36.562065,-18.706654,-9.865824,22.814096,-0.93562496,-18.931608,10.795427,-18.587393,4.412119,-3.6056836,-0.82777876,2.623812,-17.436094,25.117,-22.134052,68.42751,-29.875181,5.3560295,2.9210045,-20.864073,-15.904445,28.483778,56.483204,31.409466,14.460512,-5.7822876
634,-114.27532196044922,-86.1668472290039,76.30807495117188,-1.8548060710995078,-15.003076943737018,-87.43592703330408,2.7808714,15.989306,20.509436,36.228912,-18.787014,-9.669946,22.69915,-0.7945929,-18.490978,10.998235,-18.750742,4.321566,-3.7054896,-0.71270806,2.6336062,-17.380068,25.134659,-22.09555,68.37632,-29.843204,5.208076,3.0329535,-20.754885,-15.911159,28.256983,56.205544,31.248766,14.478527,-5.881294
635,-114.39503479003906,-86.26531219482422,76.27851104736328,-1.8674536312008883,-15.004713985361366,-87.90032561989146,2.7357469,15.986482,22.2584,35.948833,-18.888464,-9.381295,22.59081,-0.64639395,-18.054953,11.211442,-18.920582,4.237519,-3.8092787,-0.5955584,2.6469305,-17.318552,25.137075,-22.020315,68.32406,-29.765402,5.058035,3.1533275,-20.65209,-15.91218,28.029066,55.943943,31.08154,14.495735,-5.984566
636,-114.51834106445312,-86.36783599853516,76.24134063720703,-1.8909435663893461,-15.020508611435295,-88.35959488666754,2.6758664,15.966131,23.867706,35.743305,-18.998343,-9.002541,22.500996,-0.48997757,-17.626633,11.432799,-19.097101,4.138555,-3.9047668,-0.48228773,2.664314,-17.26247,25.131758,-21.941803,68.272896,-29.68698,4.9224205,3.2422237,-20.567352,-15.911606,27.830393,55.725563,30.934605,14.504721,-6.0695577
637,-114.6332015991211,-86.4732666015625,76.2037124633789,-1.925791592171038,-15.056687253009406,-88.81281746416511,2.6054995,15.92581,25.33946,35.59366,-19.117722,-8.552338,22.427254,-0.32572556,-17.209461,11.683993,-19.288055,4.016315,-3.9821434,-0.376263,2.698176,-17.21651,25.11894,-21.843096,68.2145,-29.584095,4.810251,3.2874272,-20.494219,-15.9121065,27.642862,55.544323,30.792185,14.507346,-6.130083
638,-114.74229431152344,-86.57903289794922,76.16439819335938,-1.9736417898648269,-15.107818963616062,-89.25921732678682,2.5325487,15.892335,26.751368,35.500214,-19.256615,-8.021557,22.36601,-0.153574,-16.80103,11.955691,-19.489614,3.88337,-4.049476,-0.27272266,2.7459114,-17.173702,25.094547,-21.712225,68.1479,-29.442093,4.711249,3.3105145,-20.425371,-15.914733,27.455147,55.383045,30.644981,14.507441,-6.177278
639,-114.85736083984375,-86.68633270263672,76.12435150146484,-2.0283536599375935,-15.16417819692649,-89.70127050012209,2.4326231,15.866302,28.036102,35.50752,-19.410334,-7.368955,22.31763,0.026480658,-16.39558,12.222745,-19.691128,3.7486637,-4.114524,-0.17171185,2.7874665,-17.134703,25.065174,-21.600569,68.088135,-29.323444,4.614216,3.3219335,-20.371775,-15.920219,27.299755,55.25401,30.5274,14.500375,-6.212543
640,-114.97151947021484,-86.79873657226562,76.08460235595703,-2.0830379385991757,-15.21630204129513,-90.14208414107574,2.2813504,15.850857,29.126442,35.660133,-19.574041,-6.5524697,22.283592,0.21385491,-15.987254,12.458136,-19.881268,3.6212568,-4.1704226,-0.07544112,2.80726,-17.113955,25.031168,-21.561476,68.055305,-29.277222,4.508033,3.3321018,-20.330095,-15.932906,27.179237,55.1547,30.458431,14.485309,-6.2319093
641,-115.08136749267578,-86.91584777832031,76.04693603515625,-2.1451051701425787,-15.259765936072004,-90.57630279506253,2.0093443,15.806378,29.861855,35.99882,-19.731632,-5.5056148,22.264902,0.4167905,-15.577907,12.65028,-20.05422,3.4959111,-4.2348742,0.01955899,2.7999697,-17.096298,25.017168,-21.636606,68.03857,-29.355751,4.388586,3.3380086,-20.316956,-15.946795,27.124496,55.10032,30.467962,14.456896,-6.2318964
642,-115.18950653076172,-87.03804016113281,76.00436401367188,-2.2140262406803073,-15.300540482482168,-91.0041616036861,1.6465471,15.751095,30.326534,36.489986,-19.886494,-4.266393,22.264336,0.6337802,-15.169269,12.807584,-20.213358,3.3699324,-4.2730303,0.10355007,2.7756267,-17.119947,25.011667,-21.832684,68.05722,-29.528456,4.262362,3.3351004,-20.291655,-15.97681,27.080784,55.053722,30.527327,14.420967,-6.210357
643,-115.30017852783203,-87.16804504394531,75.9574203491211,-2.2788294069940744,-15.343764160171625,-91.43743526749797,1.3194069,15.772201,30.818901,37.071583,-20.07424,-2.9476554,22.272,0.84459347,-14.755222,12.964256,-20.3778,3.2563102,-4.2975025,0.17121576,2.7455437,-17.133556,25.01593,-22.028263,68.05454,-29.716173,4.142707,3.327321,-20.264057,-16.014545,27.050003,55.010185,30.600195,14.382783,-6.1786184
644,-115.4169692993164,-87.29856872558594,75.90951538085938,-2.326293758802557,-15.395080118479791,-91.88820056119854,1.1628969,15.956423,31.635624,37.68058,-20.342997,-1.6634781,22.284714,1.0315623,-14.329783,13.140381,-20.559156,3.1676211,-4.3045607,0.21110286,2.7156937,-17.11827,25.019943,-22.130234,68.009056,-29.843937,4.0400667,3.3205163,-20.234985,-16.04805,27.015951,54.96846,30.645752,14.34677,-6.1476436
645,-115.53514099121094,-87.44241333007812,75.86444091796875,-2.353606805306029,-15.457127622780055,-92.35744714721399,1.2311313,16.381609,32.964035,38.383797,-20.746532,-0.32077765,22.305775,1.1922892,-13.892545,13.334276,-20.758148,3.1180105,-4.2833586,0.21478766,2.6871226,-17.081274,25.01708,-22.11826,67.91815,-29.894207,3.9524348,3.3174682,-20.200352,-16.07533,26.96739,54.93344,30.655386,14.314763,-6.1188917
646,-115.63826751708984,-87.58284759521484,75.81536865234375,-2.3681497881757125,-15.526512673028817,-92.83935003955865,1.4705367,16.978502,34.612614,39.181473,-21.271082,1.1017425,22.337742,1.3369056,-13.445917,13.532405,-20.966745,3.0966752,-4.240202,0.1941238,2.6570222,-17.030289,25.006687,-22.034595,67.796974,-29.901,3.8745193,3.3154595,-20.161957,-16.104122,26.917362,54.904022,30.650335,14.284813,-6.087296
647,-115.74053955078125,-87.7320785522461,75.7667465209961,-2.3682255427560683,-15.599753350461873,-93.3366016049578,1.8408369,17.610485,36.305424,39.92198,-21.860018,2.3828132,22.367886,1.4628514,-12.990341,13.755814,-21.193655,3.080733,-4.188302,0.1606794,2.6199622,-16.961855,24.989023,-21.905266,67.66386,-29.879272,3.8117347,3.3135314,-20.125929,-16.134333,26.876814,54.877335,30.632372,14.25288,-6.0541143
648,-115.84429931640625,-87.88764190673828,75.71752166748047,-2.356581646364108,-15.673053454209063,-93.85057993634821,2.2804923,18.143044,37.76352,40.453068,-22.42524,3.2975109,22.384478,1.566974,-12.525071,14.023062,-21.445547,3.046951,-4.131024,0.11523975,2.5681763,-16.883297,24.973225,-21.780209,67.543175,-29.854841,3.7712114,3.3104787,-20.093426,-16.15416,26.843218,54.8533,30.600985,14.213586,-6.0202036
649,-115.94373321533203,-88.04995727539062,75.66714477539062,-2.3323510429753975,-15.74207417486745,-94.39009742986306,2.779142,18.567429,38.9476,40.726437,-22.948185,3.7685726,22.36745,1.6490546,-12.044173,14.367273,-21.738472,2.9780426,-4.07054,0.065906376,2.4992058,-16.78106,24.957594,-21.641188,67.419914,-29.809464,3.7622764,3.3058186,-20.060757,-16.170315,26.818232,54.822903,30.551014,14.161455,-5.9838533
650,-116.04341125488281,-88.22014617919922,75.62056732177734,-2.295813330907453,-15.809338816834378,-94.95101827498455,3.3543928,18.944885,39.996822,40.824493,-23.447277,3.9152088,22.329369,1.7102456,-11.549762,14.76737,-22.062704,2.8905787,-3.9996612,0.0026455533,2.4149125,-16.66251,24.9437,-21.48644,67.29262,-29.744684,3.7794714,3.300013,-20.026878,-16.181057,26.796963,54.79222,30.484505,14.099628,-5.945505
651,-116.13218688964844,-88.39537048339844,75.5728988647461,-2.2439505209080357,-15.881242930167483,-95.51874489769538,3.9658122,19.258413,40.89511,40.809116,-23.883219,3.8099036,22.303404,1.7502633,-11.053367,15.166412,-22.389881,2.8109946,-3.9337122,-0.07359455,2.3298512,-16.52512,24.92979,-21.312029,67.167274,-29.678577,3.8060625,3.2921286,-20.002512,-16.188519,26.790138,54.75869,30.408749,14.042325,-5.9067364
652,-116.23333740234375,-88.58027648925781,75.52754974365234,-2.171071834092619,-15.96451308942012,-96.07873255636503,4.575576,19.491734,41.623875,40.73999,-24.221205,3.5284228,22.324436,1.7687963,-10.566644,15.50501,-22.691917,2.7656271,-3.8684657,-0.17323826,2.2529008,-16.39093,24.918425,-21.15589,67.06978,-29.645527,3.8258765,3.281891,-19.983418,-16.190601,26.789013,54.71693,30.330578,14.002236,-5.8691998
653,-116.3269271850586,-88.76717376708984,75.48307037353516,-2.0769882045256796,-16.06747558302488,-96.63630029221561,5.188156,19.629974,42.11101,40.589684,-24.421467,2.9587462,22.404745,1.7644975,-10.085451,15.777703,-22.96726,2.7663643,-3.8059905,-0.2959183,2.1911743,-16.255234,24.908451,-21.011362,67.00657,-29.662205,3.8327937,3.267943,-19.972069,-16.188074,26.802277,54.65626,30.245913,13.976832,-5.841934
654,-116.41786193847656,-88.95659637451172,75.4415512084961,-1.9648764605417526,-16.183771005091394,-97.19641008822575,5.812998,19.692226,42.38841,40.34272,-24.506527,2.1085541,22.525984,1.7385708,-9.60621,16.010582,-23.2289,2.7968671,-3.7406912,-0.4396393,2.137004,-16.117887,24.900059,-20.879293,66.96994,-29.71492,3.836172,3.2513082,-19.963593,-16.181185,26.82296,54.58047,30.152063,13.961194,-5.8209977
655,-116.51518249511719,-89.15511322021484,75.40426635742188,-1.83487504448352,-16.298447343408938,-97.74365848402168,6.421564,19.712242,42.589664,40.080532,-24.544764,1.2345445,22.673359,1.6927373,-9.14125,16.20031,-23.47129,2.8416317,-3.6815162,-0.59961396,2.0842175,-15.976599,24.8916,-20.747225,66.94114,-29.761328,3.8425255,3.233898,-19.965103,-16.170372,26.845676,54.512753,30.059992,13.965432,-5.7881594
656,-116.60026550292969,-89.35850524902344,75.37712097167969,-1.6932980980119698,-16.397509788209472,-98.26122053769419,6.9873285,19.719435,42.84723,39.882397,-24.60601,0.5920545,22.83019,1.6269321,-8.7028055,16.347574,-23.691133,2.8858237,-3.6401107,-0.7688322,2.0262222,-15.825167,24.88028,-20.602016,66.89889,-29.760351,3.8579016,3.2186782,-19.987785,-16.153187,26.865358,54.482807,29.977873,13.999316,-5.725636
657,-116.68114471435547,-89.56967163085938,75.35408782958984,-1.538178790833633,-16.481472029307692,-98.7485809698536,7.5041404,19.724783,43.18933,39.787426,-24.712776,0.25976822,23.008337,1.540313,-8.290837,16.431076,-23.879492,2.9302194,-3.5953093,-0.9588462,1.9578773,-15.684097,24.870602,-20.493656,66.86017,-29.72641,3.8761523,3.20091,-19.992952,-16.140894,26.834963,54.450794,29.881683,14.082251,-5.607873
658,-116.75965881347656,-89.77816772460938,75.33756256103516,-1.3677398091581112,-16.556495357636194,-99.21322480213003,7.987512,19.709764,43.545815,39.74569,-24.831032,0.09831901,23.209349,1.4317249,-7.8997393,16.46188,-24.04351,2.98108,-3.5678034,-1.1590502,1.8894268,-15.525685,24.857054,-20.36914,66.81076,-29.653223,3.8959162,3.18055,-20.010494,-16.124207,26.784563,54.430847,29.76876,14.204269,-5.4503665
659,-116.83746337890625,-89.97806549072266,75.32949829101562,-1.1860886789469374,-16.617032389922638,-99.65090481640841,8.442064,19.659018,43.899876,39.70411,-24.944754,0.034085132,23.408192,1.301079,-7.533267,16.473408,-24.194395,3.0319319,-3.5475833,-1.3674788,1.8198876,-15.375688,24.832874,-20.2293,66.75965,-29.536472,3.9323502,3.1699955,-20.060316,-16.098606,26.752884,54.470554,29.693369,14.32976,-5.295035
660,-116.90767669677734,-90.1806411743164,75.32853698730469,-0.9949150838481771,-16.656876416090807,-100.05856259073617,8.871575,19.557648,44.23546,39.610916,-25.037447,-0.0065976204,23.57438,1.1473967,-7.194863,16.509336,-24.348722,3.0769198,-3.5121422,-1.5853993,1.7505759,-15.269586,24.79774,-20.09748,66.71556,-29.383818,4.002214,3.1803362,-20.135185,-16.078135,26.77235,54.584,29.718777,14.425386,-5.1846504
661,-116.96957397460938,-90.38236236572266,75.33081817626953,-0.7947932137095194,-16.670361156931936,-100.4273651179705,9.265657,19.400202,44.53828,39.46039,-25.097918,-0.032179628,23.712818,0.9729144,-6.8897333,16.547478,-24.49744,3.1112313,-3.4728432,-1.8075525,1.6785586,-15.2076235,24.74237,-19.953495,66.67413,-29.18679,4.1229844,3.2250059,-20.246058,-16.067238,26.860268,54.783943,29.86843,14.486798,-5.1382585
662,-117.01573181152344,-90.5860366821289,75.33426666259766,-0.5870181849929788,-16.662083108713052,-100.76078188007448,9.62465,19.19738,44.818577,39.28054,-25.139793,-0.0075984993,23.834988,0.7786424,-6.614558,16.573912,-24.634827,3.139856,-3.425203,-2.0383968,1.6067501,-15.182028,24.675827,-19.809952,66.63198,-28.950735,4.283207,3.2931514,-20.373867,-16.07043,26.985136,55.037636,30.108938,14.532147,-5.129409
663,-117.06280517578125,-90.78178405761719,75.33907318115234,-0.3679822486514777,-16.64102884046229,-101.07595828948452,9.972649,18.952106,45.099663,39.05882,-25.177076,0.05764646,23.918848,0.55937773,-6.3594007,16.649792,-24.785975,3.1711135,-3.370136,-2.257369,1.5422442,-15.182577,24.577799,-19.650322,66.60152,-28.666975,4.446256,3.3647184,-20.526936,-16.090385,27.163807,55.3456,30.418037,14.560665,-5.137735
664,-117.10103607177734,-90.97600555419922,75.3432846069336,-0.13694954690833103,-16.61625144654551,-101.38976086304311,10.331119,18.66814,45.404457,38.786785,-25.225206,0.15434818,23.943083,0.3103097,-6.1140094,16.83706,-24.977093,3.2128665,-3.2820423,-2.4575157,1.494616,-15.22245,24.437,-19.4936,66.603004,-28.3341,4.5778203,3.4190574,-20.685238,-16.140102,27.377232,55.683758,30.766293,14.573927,-5.137966
665,-117.13394927978516,-91.16639709472656,75.34674835205078,0.10357694625294157,-16.58657138429636,-101.70270762716554,10.698207,18.346506,45.744083,38.46459,-25.30546,0.31995618,23.909254,0.03445382,-5.8816104,17.134037,-25.209766,3.2673907,-3.1441126,-2.6580522,1.4763824,-15.294094,24.30147,-19.35459,66.6014,-27.934868,4.6699257,3.436972,-20.83853,-16.21062,27.602167,56.039074,31.152105,14.575816,-5.1320195
666,-117.1580810546875,-91.34939575195312,75.34939575195312,0.3525669474990686,-16.548117420000793,-102.00742899247614,11.063204,17.983133,46.10444,38.09492,-25.404001,0.5468479,23.828962,-0.26638263,-5.664686,17.508894,-25.46924,3.3305864,-2.97545,-2.8385124,1.4779973,-15.400602,24.131586,-19.20611,66.61524,-27.464718,4.7352495,3.437221,-20.996422,-16.320627,27.871748,56.418816,31.59878,14.566224,-5.1321793
667,-117.17913055419922,-91.53226470947266,75.35333251953125,0.623916261153717,-16.50484574805402,-102.30948907175976,11.434778,17.5695,46.47102,37.66917,-25.48007,0.75918067,23.69447,-0.60242665,-5.4523706,17.983528,-25.762403,3.4009018,-2.7765272,-3.026929,1.4981112,-15.531641,23.954742,-19.081373,66.62773,-27.00428,4.802461,3.4347873,-21.142107,-16.4548,28.1502,56.799828,32.06921,14.539742,-5.112851
668,-117.19432067871094,-91.70598602294922,75.35619354248047,0.9251771018085628,-16.46107185700951,-102.61383746741046,11.822798,17.096825,46.829773,37.17677,-25.492453,0.88038754,23.491255,-0.9836156,-5.233351,18.594095,-26.098303,3.4770103,-2.5585752,-3.237558,1.5331194,-15.672789,23.780844,-18.996746,66.62904,-26.628735,4.8971453,3.4466002,-21.26925,-16.6051,28.424957,57.166553,32.5357,14.491275,-5.0511727
669,-117.20854949951172,-91.87794494628906,75.35843658447266,1.2682986018065843,-16.418358796452207,-102.93406680870527,12.240329,16.553354,47.18828,36.605835,-25.430685,0.8788506,23.225182,-1.4170147,-4.997004,19.335636,-26.493559,3.5560553,-2.3131247,-3.4741433,1.5861683,-15.815099,23.617205,-18.966263,66.603096,-26.37114,5.0288525,3.4771461,-21.388535,-16.767845,28.709309,57.53891,33.00695,14.413739,-4.928503
670,-117.21827697753906,-92.04380798339844,75.36112213134766,1.6445825502469906,-16.373218137889882,-103.2638770180725,12.67774,15.94321,47.549747,35.958874,-25.313347,0.80014586,22.90395,-1.8944939,-4.7507358,20.188944,-26.9355,3.6415267,-2.0415208,-3.7325974,1.6580487,-15.960474,23.464533,-18.973866,66.552284,-26.187946,5.184409,3.5163698,-21.50617,-16.941896,29.00813,57.92307,33.492493,14.31203,-4.760814
671,-117.23694610595703,-92.20317840576172,75.36396026611328,2.041638487371986,-16.321345183099027,-103.5788697058389,13.11212,15.281406,47.893833,35.247913,-25.1433,0.68264514,22.526236,-2.4019783,-4.5103936,21.146278,-27.382065,3.7424052,-1.7654166,-4.0170655,1.7427282,-16.112888,23.323824,-18.995443,66.49359,-26.040876,5.355821,3.5590904,-21.600983,-17.119085,29.287205,58.27696,33.962124,14.199193,-4.577119
672,-117.24832153320312,-92.35636901855469,75.3675765991211,2.4448770633739745,-16.259209367183534,-103.85459303446815,13.520558,14.585587,48.200764,34.49011,-24.92552,0.5643751,22.087217,-2.9264169,-4.2918878,22.20659,-27.794823,3.8684964,-1.5075133,-4.3334613,1.8325694,-16.275309,23.19636,-19.004625,66.44515,-25.8886,5.535049,3.5998874,-21.656258,-17.288172,29.513779,58.565548,34.386246,14.086599,-4.4070582
673,-117.25897979736328,-92.49759674072266,75.37609100341797,2.868247882877562,-16.18048480321381,-104.09709481891278,13.903808,13.836938,48.478622,33.666405,-24.641893,0.43547714,21.576263,-3.4792616,-4.096487,23.376139,-28.188524,4.016121,-1.26538,-4.6966095,1.9218973,-16.444094,23.08377,-18.988873,66.39982,-25.727816,5.7272043,3.6378973,-21.671968,-17.440138,29.683084,58.7903,34.760468,13.967058,-4.251454
674,-117.27783966064453,-92.63432312011719,75.39307403564453,3.3119333008484837,-16.089096536225966,-104.31476492386435,14.2737255,13.032924,48.732853,32.77205,-24.29407,0.28179634,21.003332,-4.0597706,-3.9162297,24.646486,-28.572744,4.1859326,-1.0381315,-5.1060953,2.01256,-16.608303,22.997753,-18.959545,66.34526,-25.580229,5.935735,3.6747847,-21.67457,-17.558517,29.814758,58.994568,35.09415,13.833863,-4.0976806
675,-117.29901123046875,-92.76592254638672,75.4178237915039,3.74493297412707,-15.998027110387964,-104.48623340554151,14.626926,12.215758,48.94057,31.84081,-23.91404,0.13481946,20.397577,-4.6357646,-3.7545052,25.987894,-28.897562,4.3946743,-0.8421322,-5.5312023,2.1116326,-16.774313,22.93355,-18.928621,66.302345,-25.437016,6.1474247,3.7109518,-21.664742,-17.647772,29.91307,59.17427,35.388805,13.702966,-3.9551318
676,-117.31610107421875,-92.89420318603516,75.44207000732422,4.13752220738375,-15.92061029955045,-104.59114002569376,14.961123,11.4290695,49.07991,30.908316,-23.535,0.026049525,19.787138,-5.1755857,-3.6160803,27.372883,-29.115011,4.660017,-0.69304365,-5.943669,2.2252913,-16.948992,22.887648,-18.909266,66.2924,-25.288393,6.349065,3.7467158,-21.642286,-17.711695,29.979433,59.325497,35.644016,13.590381,-3.8338873
677,-117.33442687988281,-93.01313781738281,75.47196960449219,4.477959162673531,-15.860619296745202,-104.62377330291088,15.277416,10.6860075,49.14946,29.981567,-23.16446,-0.034956258,19.165476,-5.664651,-3.507786,28.823011,-29.218712,4.9679103,-0.59681606,-6.3281894,2.3556163,-17.138922,22.852295,-18.895813,66.33589,-25.12638,6.5292783,3.781537,-21.591383,-17.758053,30.000114,59.42079,35.845104,13.501932,-3.7467816
678,-117.36062622070312,-93.12530517578125,75.50537109375,4.782353240096891,-15.81237689611169,-104.59518952219612,15.578868,9.966771,49.160347,29.044933,-22.786612,-0.06520962,18.520145,-6.1173754,-3.4274936,30.349062,-29.234865,5.321704,-0.54046893,-6.700977,2.4984174,-17.345793,22.825727,-18.88717,66.42313,-24.95502,6.69687,3.816129,-21.510923,-17.788261,29.974499,59.465298,35.996326,13.429037,-3.6855004
679,-117.3829345703125,-93.23213958740234,75.54232788085938,5.0604629688652345,-15.776473232487614,-104.5088072135202,15.8636875,9.268399,49.109703,28.109552,-22.405064,-0.07246753,17.876125,-6.544315,-3.3681483,31.894892,-29.168636,5.76399,-0.5241096,-7.0715685,2.6493192,-17.549475,22.817104,-18.89395,66.51354,-24.79163,6.8697205,3.8532856,-21.43842,-17.79718,29.946241,59.514446,36.13522,13.364668,-3.6279407
680,-117.40133666992188,-93.33279418945312,75.58009338378906,5.319369117240791,-15.75348917152022,-104.36862423533792,16.132652,8.587304,48.99558,27.182175,-22.020788,-0.06560094,17.256973,-6.956255,-3.3210843,33.408764,-29.027145,6.3342776,-0.52133614,-7.451494,2.8099647,-17.778786,22.816341,-18.953285,66.60945,-24.649927,7.0619063,3.8954341,-21.371387,-17.80022,29.91972,59.581936,36.285965,13.3069725,-3.5505111
681,-117.42491912841797,-93.4311752319336,75.61793518066406,5.55908607292691,-15.751535256494268,-104.15105026381569,16.385225,7.916193,48.793133,26.259205,-21.63007,-0.036556583,16.659355,-7.3543015,-3.2895474,34.92749,-28.800793,7.0234585,-0.5421968,-7.8533425,2.9849558,-18.053478,22.831148,-19.109373,66.71638,-24.531488,7.2875214,3.9448535,-21.308266,-17.797306,29.89953,59.686172,36.477573,13.280137,-3.4429529
682,-117.45367431640625,-93.51536560058594,75.65153503417969,5.774028569012296,-15.768554973124578,-103.8619722203174,16.625692,7.260204,48.51286,25.336107,-21.234806,0.01503478,16.072649,-7.727533,-3.276665,36.465717,-28.497555,7.8210487,-0.6163302,-8.252136,3.1752288,-18.327494,22.855322,-19.283926,66.808914,-24.407644,7.5352545,3.997596,-21.264196,-17.790342,29.90595,59.81096,36.693775,13.279697,-3.3202376
683,-117.4901351928711,-93.5946044921875,75.68743133544922,5.969345348818986,-15.788907597835456,-103.54941070940916,16.85364,6.638346,48.203747,24.437124,-20.843956,0.06860272,15.499402,-8.073083,-3.2707582,37.956783,-28.159882,8.75793,-0.66036195,-8.667453,3.36295,-18.61931,22.90658,-19.533358,66.90543,-24.351004,7.7870965,4.0546136,-21.200363,-17.772203,29.878105,59.92236,36.886776,13.249983,-3.1921961
684,-117.54129028320312,-93.66954803466797,75.7235107421875,6.147661504650971,-15.797438435821123,-103.26102913640769,17.066908,6.070856,47.91422,23.586664,-20.468435,0.10439819,14.942248,-8.394305,-3.258082,39.336704,-27.828947,9.858048,-0.66373646,-9.076351,3.5404787,-18.85229,22.986864,-19.756275,66.94553,-24.36344,8.025508,4.113132,-21.14679,-17.739716,29.833176,60.01292,37.01598,13.139841,-3.0701895
685,-117.5954818725586,-93.74208068847656,75.75631713867188,6.311414588302716,-15.788729389931166,-103.00917991773088,17.258224,5.5661044,47.652477,22.798592,-20.113028,0.117347874,14.393991,-8.689242,-3.2195382,40.61413,-27.47739,11.2397785,-0.6355618,-9.447752,3.6952107,-19.032616,23.050453,-19.927273,66.95195,-24.4523,8.269355,4.1805387,-21.115904,-17.712475,29.817629,60.10905,37.092903,12.906292,-2.9564989
686,-117.6519546508789,-93.81368255615234,75.78697204589844,6.459411292882419,-15.77161064496535,-102.76808752340301,17.429676,5.113222,47.394318,22.059711,-19.772566,0.118301354,13.847601,-8.959815,-3.1636841,41.835472,-27.107862,12.843308,-0.5669433,-9.825398,3.8432124,-19.187836,23.150318,-20.125416,66.920654,-24.6295,8.526988,4.2518716,-21.083519,-17.66576,29.777205,60.20159,37.118134,12.585512,-2.8414745
687,-117.72136688232422,-93.87715148925781,75.81627655029297,6.585683455627086,-15.751569820129607,-102.52862156052221,17.589558,4.7082143,47.13933,21.361273,-19.447313,0.111886054,13.308891,-9.218764,-3.119532,42.980305,-26.791758,14.421734,-0.48735473,-10.163942,3.9824495,-19.286844,23.224945,-20.252401,66.87243,-24.814985,8.726067,4.3318963,-21.074873,-17.630533,29.75583,60.26425,37.110275,12.247109,-2.7404554
688,-117.80921173095703,-93.93769836425781,75.8450698852539,6.540231541424809,-15.722887203973569,-102.322250428223,17.639782,4.6726484,46.930725,21.06048,-19.301853,0.056367446,12.788302,-9.186663,-3.0760026,43.92496,-26.518463,15.000033,-0.35971922,-10.323633,4.116582,-19.297535,23.295658,-20.280888,66.78685,-24.971647,8.807978,4.416629,-21.093527,-17.598125,29.730783,60.260918,37.059563,11.9566345,-2.6612966
689,-117.9014892578125,-94.00003051757812,75.87379455566406,6.461204141796807,-15.695614169697683,-102.121302112899,17.678238,4.705634,46.74532,20.828085,-19.188742,-0.010857448,12.285723,-9.114921,-3.069079,44.745193,-26.38238,15.000033,-0.21184312,-10.444173,4.2536664,-19.211771,23.357897,-20.17497,66.68673,-25.0815,8.73129,4.5102124,-21.144737,-17.573872,29.697613,60.156982,36.95591,11.729644,-2.6046166
690,-117.98723602294922,-94.06735229492188,75.90467071533203,6.399393578648511,-15.670687163827036,-101.91438903783359,17.732206,4.701291,46.56594,20.553366,-19.05806,-0.07408849,11.798582,-9.129464,-3.0998273,45.479603,-26.35648,15.000033,-0.06352908,-10.570471,4.390719,-19.034212,23.414917,-19.949444,66.557396,-25.167458,8.538208,4.610509,-21.230509,-17.557957,29.675179,59.980396,36.808617,11.531725,-2.5669587
691,-118.07083892822266,-94.13391876220703,75.93607330322266,6.345361559360884,-15.646457400399969,-101.68767105823049,17.795063,4.668745,46.368763,20.236294,-18.90807,-0.12633519,11.33098,-9.251492,-3.201729,46.113697,-26.374264,15.000033,0.08876115,-10.692594,4.5185747,-18.802258,23.453915,-19.674593,66.38305,-25.244925,8.289379,4.7085757,-21.32772,-17.554161,29.657621,59.77847,36.637222,11.358177,-2.550124
692,-118.15901947021484,-94.2015609741211,75.97425079345703,6.2868702399394225,-15.621998531003026,-101.42656022525388,17.85682,4.619231,46.129566,19.884527,-18.740543,-0.16040824,10.885991,-9.501092,-3.4104495,46.633877,-26.370209,15.000033,0.23539856,-10.804061,4.6287394,-18.533707,23.480076,-19.406593,66.13101,-25.33079,8.043744,4.790064,-21.424507,-17.558132,29.650042,59.60285,36.461723,11.203446,-2.5559876
693,-118.24266052246094,-94.27928161621094,76.02027893066406,6.221891001368921,-15.598113449944435,-101.12312871479081,17.91694,4.5531564,45.832993,19.494436,-18.55517,-0.16931349,10.4679785,-9.898747,-3.7456605,47.03267,-26.33887,15.000033,0.32169324,-10.8892355,4.7264285,-18.124758,23.523579,-19.060905,65.68639,-25.415539,7.8016534,4.8357635,-21.565275,-17.573051,29.71682,59.464367,36.282127,11.077084,-2.606736
694,-118.31442260742188,-94.36216735839844,76.07042694091797,6.155043303274569,-15.575214441067457,-100.78458646346691,17.981674,4.4626384,45.493206,19.057898,-18.347319,-0.15881778,10.078894,-10.429803,-4.1776667,47.313675,-26.307646,15.000033,0.38314736,-10.968836,4.8140793,-17.619263,23.58176,-18.672504,65.113785,-25.510958,7.537063,4.8563476,-21.72256,-17.599367,29.817581,59.323727,36.088108,10.9781,-2.693297
695,-118.39197540283203,-94.43624877929688,76.11812591552734,6.093081146853274,-15.549602005539334,-100.42121674695396,18.049036,4.3511333,45.12994,18.585318,-18.119999,-0.13861819,9.716333,-11.0592785,-4.671552,47.48424,-26.264208,15.000033,0.47924712,-11.057874,4.885196,-17.151299,23.61318,-18.340893,64.54766,-25.610218,7.278837,4.884702,-21.851229,-17.621532,29.866312,59.20075,35.887146,10.887925,-2.7710295
696,-118.47691345214844,-94.50945281982422,76.16873168945312,6.038252337194198,-15.517544103545653,-100.04335092715472,18.117792,4.222393,44.76431,18.084513,-17.874802,-0.11954063,9.37745,-11.755719,-5.1933575,47.5511,-26.195765,15.000033,0.5469593,-11.14346,4.948126,-16.650208,23.64917,-17.959112,63.912857,-25.660536,7.072973,4.931288,-21.971775,-17.650194,29.921856,59.084656,35.729824,10.794464,-2.8000293
697,-118.56367492675781,-94.59019470214844,76.2236099243164,5.9908074446595725,-15.4741423300015,-99.6540455947985,18.192617,4.0713434,44.40819,17.536312,-17.602154,-0.1030547,9.057584,-12.524286,-5.752638,47.505325,-26.099089,15.000033,0.6048415,-11.232805,4.9955287,-16.124208,23.692402,-17.563822,63.191227,-25.682499,6.9267907,5.013859,-22.06542,-17.683084,29.950552,58.976814,35.61607,10.683171,-2.7614553
698,-118.6494140625,-94.68019104003906,76.2778091430664,5.947528913409678,-15.423303169098633,-99.24643616287094,18.27317,3.901026,44.046722,16.946342,-17.306576,-0.08256294,8.762681,-13.374693,-6.367983,47.34961,-25.98831,15.000033,0.6676804,-11.328069,5.027767,-15.590589,23.73365,-17.18185,62.410667,-25.691519,6.81859,5.120597,-22.133902,-17.714884,29.943926,58.8822,35.52614,10.564153,-2.6794436
699,-118.7419662475586,-94.77245330810547,76.33096313476562,5.911890033773731,-15.374044527507063,-98.81713324563435,18.35804,3.7185566,43.661255,16.337805,-16.997475,-0.0596688,8.503407,-14.275595,-7.0202084,47.103306,-25.869497,15.000033,0.7503953,-11.436164,5.0550165,-15.121761,23.753885,-16.834278,61.69172,-25.662907,6.7423873,5.2300944,-22.175985,-17.738432,29.897816,58.802544,35.449745,10.457429,-2.5745928
700,-118.8364028930664,-94.85675811767578,76.38011932373047,5.884430353408804,-15.335073539382364,-98.36303662366727,18.436708,3.538413,43.23368,15.758171,-16.695715,-0.035345748,8.287092,-15.195877,-7.6872954,46.7875,-25.746302,15.000033,0.8249854,-11.555556,5.0969715,-14.712346,23.762392,-16.46492,61.069355,-25.55579,6.7004495,5.3106246,-22.209248,-17.765215,29.859304,58.715355,35.395298,10.387281,-2.467852
701,-118.93531036376953,-94.94930267333984,76.43010711669922,5.86893442382283,-15.311769595367444,-97.8837907936694,18.524876,3.344897,42.7557,15.177325,-16.384377,-0.007675969,8.129752,-16.163849,-8.409911,46.390804,-25.616865,15.000033,0.90505874,-11.69618,5.1589384,-14.390283,23.750994,-16.076328,60.586773,-25.34706,6.688652,5.3434978,-22.218678,-17.795824,29.802456,58.604435,35.358433,10.366628,-2.3474894
702,-119.05342102050781,-95.03376770019531,76.47848510742188,5.786437092579278,-15.286193462606997,-97.41958384542409,18.539595,3.3280706,42.279366,14.830152,-16.173977,-0.005681727,8.001184,-16.998636,-9.172566,45.86498,-25.449259,14.4564495,1.0217386,-11.766978,5.223427,-14.1321945,23.714417,-15.670328,60.196148,-25.053967,6.709251,5.3496647,-22.205881,-17.835154,29.730078,58.47865,35.340714,10.381015,-2.2089798
703,-119.169189453125,-95.11962127685547,76.52577209472656,5.701313095858155,-15.26087411290725,-96.93651468278041,18.530212,3.3354166,41.781193,14.538781,-15.986827,-0.0062822714,7.8917437,-17.80309,-9.904072,45.274113,-25.275558,13.9213295,1.1523198,-11.834335,5.289608,-13.955543,23.6589,-15.300815,59.90182,-24.730606,6.75986,5.3587527,-22.17569,-17.877684,29.661392,58.361977,35.344788,10.41172,-2.081129
704,-119.29452514648438,-95.20149993896484,76.56330108642578,5.619383939706779,-15.22997455550743,-96.42818981161786,18.487076,3.3590276,41.266354,14.30505,-15.827373,-0.008667716,7.7756233,-18.541206,-10.519443,44.649628,-25.098373,13.45631,1.272291,-11.886494,5.3538218,-13.842776,23.5797,-14.97225,59.677135,-24.412912,6.8397155,5.3992667,-22.144417,-17.934275,29.646383,58.269154,35.37966,10.442054,-1.9949344
705,-119.41715240478516,-95.28839874267578,76.59857177734375,5.538156704325759,-15.19886514109237,-95.89177895409696,18.417757,3.397396,40.733902,14.120872,-15.693281,-0.0123709375,7.6580834,-19.196432,-10.991403,43.97112,-24.90543,13.080675,1.4026078,-11.951621,5.423093,-13.817226,23.51494,-14.723654,59.529964,-24.122053,6.964596,5.4819036,-22.107244,-17.97734,29.672491,58.20964,35.44747,10.469177,-1.9624773
706,-119.54940795898438,-95.37101745605469,76.6308822631836,5.459728986546719,-15.168835308419707,-95.32922968766378,18.325045,3.447667,40.17942,13.983745,-15.582157,-0.017091537,7.5461273,-19.799772,-11.364167,43.234756,-24.69731,12.770278,1.5160892,-12.007825,5.496879,-13.844406,23.434881,-14.483291,59.445236,-23.811377,7.12904,5.5883384,-22.077356,-18.02923,29.763344,58.172474,35.555553,10.50369,-1.9684899
707,-119.68360900878906,-95.453369140625,76.65795135498047,5.386305933354741,-15.126632817011641,-94.7443881837121,18.1879,3.51169,39.608086,13.910449,-15.497913,-0.02455237,7.4154205,-20.372135,-11.656015,42.483402,-24.486105,12.494152,1.6148382,-12.052679,5.5610523,-13.916335,23.342636,-14.287576,59.415382,-23.510397,7.3097253,5.7044406,-22.043581,-18.088491,29.87678,58.15702,35.67696,10.538928,-1.9930884
708,-119.82693481445312,-95.53495788574219,76.67935943603516,5.3210406322986685,-15.05872943084948,-94.14075272141714,17.991732,3.585865,39.02518,13.900181,-15.436191,-0.03573744,7.2410436,-20.92992,-11.886429,41.76029,-24.285963,12.22147,1.7009195,-12.084584,5.6028175,-14.022115,23.245113,-14.171622,59.42735,-23.249052,7.48428,5.815417,-21.994976,-18.15228,29.968615,58.16125,35.78366,10.568591,-2.015533
709,-119.97101593017578,-95.6125259399414,76.69396209716797,5.268591178727401,-14.957656020645455,-93.51287466716246,17.72099,3.6674848,38.424683,13.965025,-15.401505,-0.052913334,7.0054374,-21.470478,-12.02723,41.068504,-24.097956,11.964344,1.7672038,-12.123935,5.616582,-14.151663,23.179474,-14.167973,59.463623,-23.049656,7.654275,5.9188843,-21.935286,-18.196375,30.021896,58.203835,35.860928,10.589818,-2.0280535
710,-120.11691284179688,-95.69164276123047,76.7062759399414,5.2271663598079785,-14.832106267056114,-92.86073712630852,17.390457,3.7540793,37.806023,14.090944,-15.389105,-0.07460711,6.7230973,-21.987682,-12.076343,40.387997,-23.914345,11.730633,1.7978369,-12.1743555,5.6130886,-14.272271,23.157616,-14.22443,59.487995,-22.889559,7.8357153,6.016849,-21.888166,-18.21103,30.067642,58.292015,35.9191,10.605673,-2.0399454
711,-120.26456451416016,-95.77400970458984,76.7153549194336,5.188483217638711,-14.69230781816557,-92.19755777683272,17.017452,3.8549478,37.181892,14.272041,-15.3958025,-0.10238048,6.419968,-22.495358,-12.093053,39.722298,-23.735516,11.484894,1.8190604,-12.219274,5.5954595,-14.424886,23.144262,-14.324916,59.555748,-22.761507,8.018693,6.1052723,-21.833591,-18.218264,30.111414,58.392357,35.981148,10.6152935,-2.0616663
712,-120.4128646850586,-95.84934997558594,76.7201156616211,5.144675524592875,-14.548677854175473,-91.53522291340131,16.621675,3.9749432,36.563583,14.496171,-15.415497,-0.135751,6.1209226,-23.009748,-12.139345,39.0795,-23.564829,11.1938715,1.8566902,-12.256054,5.5782547,-14.59929,23.132046,-14.450946,59.6454,-22.660898,8.205607,6.1798415,-21.766481,-18.220339,30.132217,58.483715,36.04383,10.618231,-2.0946283
713,-120.56330108642578,-95.92957305908203,76.7258071899414,5.100368997474452,-14.396595840287107,-90.88043461330604,16.197475,4.11459,35.95781,14.768504,-15.449799,-0.16683617,5.809663,-23.525633,-12.185198,38.46803,-23.412436,10.863081,1.8733587,-12.2752,5.573387,-14.725877,23.132162,-14.512273,59.679436,-22.553724,8.406202,6.2217073,-21.719732,-18.21825,30.155003,58.56585,36.103745,10.617081,-2.1448858
714,-120.7283706665039,-96.00498962402344,76.73065948486328,5.054804300418502,-14.231825892798538,-90.22359223601185,15.728943,4.2782087,35.35508,15.109818,-15.509525,-0.1992361,5.478197,-24.030605,-12.2165,37.880035,-23.27456,10.506274,1.9209146,-12.296523,5.5489383,-14.939528,23.138613,-14.681025,59.809845,-22.513784,8.60923,6.2515674,-21.640862,-18.20381,30.16261,58.653248,36.187794,10.600677,-2.2179186
715,-120.89191436767578,-96.07766723632812,76.73164367675781,5.0024025418774185,-14.068586740209687,-89.56021124176436,15.252544,4.4508853,34.749096,15.462636,-15.567076,-0.24972633,5.166566,-24.541012,-12.313079,37.302128,-23.136583,10.105263,1.9585699,-12.306209,5.5315523,-15.134529,23.15096,-14.822309,59.924694,-22.473476,8.81185,6.273509,-21.568485,-18.183174,30.153078,58.733246,36.254417,10.5854,-2.285271
716,-121.05622100830078,-96.14879608154297,76.72866821289062,4.936974787970233,-13.918902996717401,-88.88274966160448,14.784413,4.6356196,34.13048,15.816299,-15.619467,-0.335588,4.914094,-25.067865,-12.55987,36.7246,-22.986515,9.640173,1.9879487,-12.302271,5.5193276,-15.307466,23.166294,-14.938945,60.02937,-22.437004,9.004971,6.30554,-21.498962,-18.15651,30.13505,58.798923,36.30895,10.574579,-2.3326516
717,-121.22864532470703,-96.22632598876953,76.72598266601562,4.86103148398261,-13.780540987723679,-88.19250652249802,14.329571,4.8232408,33.49945,16.153206,-15.660199,-0.4637788,4.732482,-25.630066,-12.975642,36.1302,-22.828852,9.137398,1.9944822,-12.275235,5.512631,-15.431958,23.174273,-14.992004,60.10105,-22.377863,9.192742,6.3527517,-21.42796,-18.139397,30.118212,58.82837,36.345753,10.566435,-2.354624
718,-121.39530181884766,-96.30057525634766,76.71863555908203,4.777555289603851,-13.648779424532293,-87.49233925412739,13.878179,5.0161695,32.86002,16.486856,-15.694777,-0.62512875,4.599991,-26.215954,-13.519306,35.536976,-22.674566,8.599176,2.0151546,-12.248168,5.5038705,-15.576541,23.184834,-15.064384,60.204918,-22.330767,9.375187,6.410357,-21.343306,-18.10335,30.061796,58.85087,36.35801,10.554107,-2.3596945
719,-121.5642318725586,-96.38713836669922,76.71619415283203,4.67471274649137,-13.531845796658533,-86.77729941809298,13.433248,5.2287917,32.20801,16.828472,-15.725422,-0.81057554,4.5166845,-26.795727,-14.190358,34.977333,-22.517483,7.968403,2.0145733,-12.1908455,5.5050015,-15.688406,23.190132,-15.098373,60.28752,-22.295618,9.542679,6.467911,-21.275032,-18.077871,30.030972,58.861195,36.38397,10.554689,-2.3580215
720,-121.73245239257812,-96.47504425048828,76.71530151367188,4.547802126652717,-13.438334400853837,-86.04342026915597,13.001862,5.472115,31.53934,17.178837,-15.749034,-1.0125278,4.4814034,-27.3452,-14.987514,34.48901,-22.354942,7.1863704,2.009966,-12.106756,5.520178,-15.807342,23.194952,-15.137715,60.387585,-22.308676,9.681992,6.518328,-21.234465,-18.056263,30.024366,58.88764,36.438927,10.575955,-2.3527803
721,-121.90618896484375,-96.56385040283203,76.71747589111328,4.391248340996077,-13.373377721088362,-85.28652008813798,12.589912,5.7488046,30.850996,17.542315,-15.766036,-1.2315416,4.4945955,-27.895351,-15.958477,34.10868,-22.216146,6.1081533,1.9964924,-11.990846,5.5607877,-15.912943,23.199152,-15.161395,60.491936,-22.39218,9.797465,6.565513,-21.226776,-18.045956,30.045242,58.91171,36.525837,10.634905,-2.3466632
722,-122.09123229980469,-96.64849853515625,76.72189331054688,4.205946390740098,-13.33017540226955,-84.50850948820504,12.189857,6.056645,30.143385,17.920832,-15.78025,-1.4727294,4.556631,-28.449903,-17.09536,33.8269,-22.111385,4.806491,1.9751952,-11.853892,5.6076727,-16.042528,23.208258,-15.201046,60.64787,-22.550522,9.891214,6.611229,-21.244572,-18.029253,30.102627,58.947834,36.65332,10.714061,-2.3422863
723,-122.27386474609375,-96.74195861816406,76.7306137084961,3.997743365636197,-13.30016165745737,-83.71624168609188,11.800195,6.3873434,29.422998,18.29223,-15.785574,-1.7300142,4.6745105,-28.949537,-18.307981,33.590675,-21.997355,3.5490236,1.9459374,-11.686146,5.666483,-16.148067,23.217001,-15.232057,60.7662,-22.70219,9.955565,6.647085,-21.279142,-18.021933,30.172594,58.9948,36.793633,10.798963,-2.3295481
724,-122.45353698730469,-96.83182525634766,76.74241638183594,3.7647526502906317,-13.274021890495094,-82.91445766095558,11.410589,6.740711,28.693523,18.653599,-15.785494,-1.9973688,4.850238,-29.329142,-19.500032,33.343117,-21.810179,2.600712,1.9084061,-11.490574,5.7187967,-16.240904,23.231546,-15.289148,60.837982,-22.811913,9.980598,6.6656485,-21.319004,-18.017344,30.27484,59.07272,36.963722,10.862646,-2.3122497
725,-122.63872528076172,-96.92949676513672,76.76760864257812,3.484357879393162,-13.260868084847848,-82.09240194320772,11.029525,7.143875,27.94803,19.004963,-15.78155,-2.286801,5.1334467,-29.570578,-20.748436,33.0285,-21.510048,2.0500386,1.8638021,-11.242797,5.778993,-16.324968,23.248207,-15.391457,60.858913,-22.858355,9.941092,6.657914,-21.374004,-18.018593,30.401892,59.19737,37.163296,10.916479,-2.2807295
726,-122.83204650878906,-97.02013397216797,76.78677368164062,3.1623310683898262,-13.260613152656214,-81.25043317545449,10.656076,7.5910473,27.184427,19.356853,-15.776811,-2.597723,5.511241,-29.703903,-22.066694,32.676167,-21.117992,1.7454445,1.8149737,-10.950406,5.855816,-16.401482,23.26204,-15.509424,60.83697,-22.85332,9.851117,6.6292024,-21.445065,-18.02297,30.528826,59.353386,37.370556,10.970287,-2.235119
727,-123.03121948242188,-97.1143569946289,76.8003921508789,2.8482050810687665,-13.250814181088446,-80.41085719410653,10.278281,8.021419,26.416807,19.687311,-15.761953,-2.903313,5.884238,-29.738197,-23.255276,32.351147,-20.654308,1.5903722,1.7705134,-10.66908,5.895657,-16.492455,23.292736,-15.691288,60.820892,-22.883572,9.750298,6.599792,-21.493029,-18.035852,30.716478,59.51707,37.64012,10.985079,-2.201402
728,-123.23646545410156,-97.20784759521484,76.81087493896484,2.594918088989475,-13.211466992773962,-79.59714913179435,9.881013,8.37521,25.660845,19.983463,-15.730699,-3.1761844,6.1539197,-29.690687,-24.115372,32.11583,-20.140919,1.4880745,1.7484502,-10.446254,5.9177995,-16.572624,23.323074,-15.809612,60.753647,-22.874496,9.688238,6.573378,-21.503498,-18.05183,30.836773,59.64565,37.85501,10.950288,-2.1702037
729,-123.44229125976562,-97.29998016357422,76.8138427734375,2.421889433712596,-13.125556600820325,-78.81592589132188,9.442272,8.630803,24.920506,20.243889,-15.679785,-3.4013863,6.2365894,-29.52525,-24.453176,32.002377,-19.521214,1.4099374,1.754131,-10.297564,5.8904824,-16.658115,23.343313,-15.8754,60.653202,-22.83858,9.670728,6.555119,-21.471613,-18.06446,30.907331,59.760807,38.027313,10.839694,-2.149655
730,-123.66487884521484,-97.39171600341797,76.81305694580078,2.3007076958982906,-13.009025864311758,-78.05560105456237,8.976824,8.820647,24.19,20.472256,-15.612068,-3.5954053,6.2017126,-29.25044,-24.417742,31.963293,-18.797626,1.4113007,1.7792645,-10.196695,5.824517,-16.746258,23.354244,-15.913013,60.52228,-22.77988,9.676551,6.5420475,-21.410145,-18.072107,30.950577,59.87438,38.179615,10.670733,-2.1376565
731,-123.8981704711914,-97.48760223388672,76.81090545654297,2.2156147057658724,-12.892745957922259,-77.3122306823232,8.516991,8.970095,23.469524,20.680336,-15.532697,-3.7772946,6.180796,-28.953125,-24.326038,31.945023,-18.085548,1.5204301,1.8136822,-10.125737,5.7477317,-16.835026,23.367113,-15.941277,60.388233,-22.71611,9.698096,6.533291,-21.326088,-18.08363,30.987108,59.96571,38.3277,10.475511,-2.1298962
732,-124.1362075805664,-97.57189178466797,76.79499816894531,2.147992700949882,-12.807363058090576,-76.58171410955457,8.106366,9.096076,22.762062,20.857668,-15.44123,-3.965395,6.3014226,-28.727695,-24.488308,31.902365,-17.504494,1.7575145,1.8492572,-10.06424,5.7007036,-16.906519,23.371786,-15.939678,60.253883,-22.631737,9.728491,6.5328007,-21.246473,-18.088581,30.997715,60.032238,38.451324,10.291989,-2.119614
733,-124.37374877929688,-97.66219329833984,76.77548217773438,2.0929006311146168,-12.755105203914434,-75.85994055404018,7.7339764,9.209415,22.061485,21.028816,-15.348508,-4.161963,6.611952,-28.591484,-25.022856,31.819643,-17.048956,2.2014508,1.8772569,-10.014838,5.685537,-16.966284,23.379787,-15.887386,60.123363,-22.50408,9.777576,6.539362,-21.137077,-18.108,30.995369,60.021164,38.562717,10.111684,-2.1116712
734,-124.6249771118164,-97.74889373779297,76.74409484863281,2.0663445255325166,-12.723841921191807,-75.1530866288969,7.3941054,9.2888565,21.37452,21.17421,-15.243996,-4.3564916,7.036179,-28.50383,-25.743126,31.732224,-16.666914,2.812415,1.9078912,-9.98445,5.6930447,-16.998161,23.379587,-15.7801895,59.96425,-22.33123,9.844911,6.556613,-21.019783,-18.131266,30.967201,59.971203,38.649868,9.924809,-2.1038814
735,-124.87633514404297,-97.84393310546875,76.72777557373047,2.0540803648522417,-12.7167203114696,-74.4569511433689,7.0946684,9.348832,20.699215,21.289816,-15.127702,-4.5526037,7.5268083,-28.436077,-26.5308,31.654165,-16.40229,3.4247785,1.9342943,-9.959637,5.711113,-17.031677,23.37474,-15.682231,59.833595,-22.185356,9.910966,6.572473,-20.90837,-18.14856,30.936687,59.916706,38.73007,9.751609,-2.0956154
736,-125.12960815429688,-97.94927215576172,76.71957397460938,2.0438652785840308,-12.73713761327015,-73.76862258691672,6.846241,9.401531,20.03499,21.368847,-14.9991,-4.753603,8.036531,-28.361048,-27.2679,31.595747,-16.304379,3.8775985,1.9423327,-9.921283,5.7428484,-17.058088,23.37164,-15.620626,59.735508,-22.118015,9.960282,6.572367,-20.819326,-18.161116,30.922274,59.869923,38.811684,9.619474,-2.083424
737,-125.38066101074219,-98.04463958740234,76.69244384765625,2.031528405154086,-12.795220448144415,-73.08646229633031,6.6585536,9.449699,19.377932,21.413391,-14.858356,-4.954801,8.554866,-28.279762,-27.922997,31.59466,-16.460142,4.059874,1.9240485,-9.862498,5.8045936,-17.059572,23.37248,-15.574239,59.6497,-22.14373,9.99457,6.542444,-20.750437,-18.183155,30.927813,59.810814,38.899174,9.537159,-2.063529
738,-125.63516998291016,-98.14293670654297,76.66635131835938,2.025124533296372,-12.886158890757084,-72.41255049375648,6.523142,9.488692,18.730127,21.426886,-14.706185,-5.155901,9.108223,-28.204756,-28.560429,31.62923,-16.820322,4.085398,1.8933772,-9.79772,5.8873634,-17.050625,23.382395,-15.5569105,59.584335,-22.249706,10.020386,6.4946623,-20.689877,-18.21203,30.945595,59.738377,38.99508,9.48818,-2.038074
739,-125.88782501220703,-98.25519561767578,76.65162658691406,2.021657524514097,-12.990701295380815,-71.7485587559386,6.420721,9.523106,18.097504,21.411238,-14.546321,-5.367966,9.708468,-28.122377,-29.20973,31.612476,-17.228865,4.1316476,1.8513081,-9.72773,5.9706683,-17.040802,23.395332,-15.573709,59.551556,-22.392418,10.032177,6.4475026,-20.644753,-18.231762,30.965149,59.67456,39.07596,9.470323,-2.0149496
740,-126.14303588867188,-98.3744125366211,76.63850402832031,2.020778036419125,-13.089735494321129,-71.09693540581114,6.3323517,9.556373,17.486708,21.366508,-14.381822,-5.601558,10.364921,-28.017809,-29.90203,31.458952,-17.525291,4.372908,1.8034027,-9.657911,6.041599,-17.036057,23.42833,-15.652885,59.54379,-22.561506,10.028215,6.411863,-20.57845,-18.26917,30.991653,59.56784,39.153492,9.486192,-1.9997032
741,-126.39237976074219,-98.49456787109375,76.61587524414062,2.029213038492491,-13.186390325461677,-70.4553129048576,6.2703137,9.577539,16.900734,21.276213,-14.209983,-5.8658514,11.10874,-27.889547,-30.662083,31.113894,-17.660206,4.8964305,1.7337288,-9.58063,6.092688,-17.037928,23.452328,-15.771339,59.59182,-22.730772,9.995771,6.3904843,-20.551968,-18.289156,31.024906,59.497715,39.17559,9.550728,-1.9871036
742,-126.64532470703125,-98.61114501953125,76.58916473388672,2.0477031010082536,-13.287681466511792,-69.8234343945674,6.2389874,9.588563,16.335817,21.144947,-14.030352,-6.152402,11.923065,-27.740196,-31.469584,30.630077,-17.71665,5.594819,1.6920279,-9.523913,6.1405783,-17.084745,23.516397,-16.030548,59.696827,-22.97977,9.945066,6.3757567,-20.472418,-18.335445,31.026081,59.359615,39.17769,9.662472,-1.9756882
743,-126.8971939086914,-98.73422241210938,76.56214141845703,2.0565666350775063,-13.381986994395076,-69.20613243718154,6.2077184,9.614488,15.787304,21.008198,-13.850911,-6.446469,12.747994,-27.555037,-32.28856,30.081148,-17.731771,6.347929,1.621706,-9.443568,6.170463,-17.116894,23.563314,-16.263391,59.821266,-23.195648,9.8839655,6.373083,-20.434229,-18.364988,31.048477,59.269524,39.18626,9.776595,-1.9720435
744,-127.14706420898438,-98.86244201660156,76.53614044189453,2.0455045390927995,-13.45790229494425,-68.60924506251794,6.1468544,9.677629,15.251171,20.897806,-13.677661,-6.73319,13.523112,-27.326023,-33.081463,29.543667,-17.745846,7.036026,1.5417418,-9.337953,6.174436,-17.15702,23.596153,-16.470453,59.969105,-23.359327,9.824438,6.3896976,-20.410622,-18.383085,31.080624,59.223083,39.250004,9.852152,-1.9834087
745,-127.39175415039062,-98.98943328857422,76.51268768310547,2.011087948364055,-13.507953373403478,-68.02565262483132,6.041331,9.780077,14.722824,20.826712,-13.517157,-7.010961,14.249309,-27.050856,-33.85799,29.009796,-17.756811,7.6638303,1.4610466,-9.213543,6.1457405,-17.220167,23.624367,-16.686514,60.151608,-23.481834,9.762927,6.4371805,-20.385653,-18.396864,31.116404,59.214638,39.427475,9.862393,-2.0173383
746,-127.64836883544922,-99.11568450927734,76.49376678466797,1.9605658994791269,-13.538864083710262,-67.45510382736207,5.91076,9.909481,14.20549,20.771538,-13.361975,-7.2868423,14.951318,-26.734715,-34.630234,28.446806,-17.750122,8.28199,1.4065074,-9.087262,6.0874033,-17.33809,23.662737,-16.988352,60.396107,-23.614569,9.695315,6.512571,-20.330359,-18.414936,31.13432,59.214725,39.68864,9.833352,-2.0681353
747,-127.90843200683594,-99.24522399902344,76.47816467285156,1.8942401578858008,-13.560701625923347,-66.91370517389078,5.7710786,10.069642,13.705629,20.725204,-13.204972,-7.5596743,15.604713,-26.379498,-35.362175,27.894272,-17.746496,8.839766,1.3557712,-8.939895,6.021202,-17.464949,23.69208,-17.261898,60.65327,-23.70278,9.634878,6.589989,-20.273077,-18.430147,31.137037,59.22214,39.91895,9.808454,-2.1197748
748,-128.1710205078125,-99.37604522705078,76.46692657470703,1.8043648508615113,-13.580796220609813,-66.41489417543623,5.636684,10.265918,13.22776,20.681,-13.038353,-7.8285394,16.186047,-25.985043,-36.02054,27.39304,-17.767033,9.287033,1.2901706,-8.748517,5.9547973,-17.546309,23.701893,-17.438122,60.869064,-23.727083,9.595138,6.6508408,-20.251291,-18.435434,31.154902,59.26212,40.033466,9.825603,-2.1560888
749,-128.42910766601562,-99.50382995605469,76.45661163330078,1.6906095282903044,-13.591577169617883,-65.96429798584596,5.4923725,10.503542,12.771672,20.651823,-12.864164,-8.089408,16.674625,-25.554722,-36.59089,26.959963,-17.819174,9.6122875,1.233651,-8.520631,5.885298,-17.601795,23.699648,-17.528715,61.05098,-23.673067,9.5862,6.6906047,-20.245285,-18.43528,31.175058,59.325455,39.98952,9.908223,-2.1718004
750,-128.6888427734375,-99.62726593017578,76.45313262939453,1.550596880083311,-13.592183604758542,-65.55224686196634,5.3372626,10.782199,12.332387,20.633596,-12.685656,-8.344943,17.091162,-25.081802,-37.09544,26.566584,-17.889917,9.840763,1.2066336,-8.266609,5.7949343,-17.704557,23.679708,-17.625072,61.288467,-23.591558,9.593057,6.725134,-20.225124,-18.429361,31.190262,59.40992,39.860558,10.025278,-2.179157
751,-128.95631408691406,-99.7508544921875,76.4511947631836,1.3983072552792952,-13.600461591106887,-65.17671383972102,5.2061462,11.084126,11.916574,20.59815,-12.492193,-8.600631,17.464037,-24.586634,-37.543674,26.210144,-17.976906,9.982408,1.1867954,-7.98727,5.7076135,-17.8273,23.629036,-17.701157,61.56073,-23.489056,9.599077,6.7519765,-20.210524,-18.412434,31.174673,59.504837,39.668545,10.149932,-2.1789832
752,-129.22268676757812,-99.87139892578125,76.45428466796875,1.2428553827725202,-13.636620459603634,-64.83351279541071,5.1305294,11.397838,11.526717,20.524986,-12.278607,-8.863069,17.824495,-24.081257,-37.948967,25.88701,-18.078377,10.045896,1.1422484,-7.690382,5.6495132,-17.905737,23.57982,-17.751534,61.796734,-23.414333,9.594315,6.769927,-20.20119,-18.391445,31.124737,59.563972,39.461357,10.254194,-2.1785874
753,-129.4990234375,-99.99374389648438,76.46104431152344,1.079856489023214,-13.703220019853223,-64.52637498943916,5.117205,11.7265215,11.163333,20.407589,-12.041405,-9.131014,18.1702,-23.564594,-38.304985,25.607288,-18.198795,10.006093,1.0900617,-7.3770905,5.6215954,-17.971987,23.525997,-17.79825,62.030796,-23.366997,9.570715,6.781421,-20.173841,-18.360458,30.99676,59.571377,39.22616,10.320719,-2.1837072
754,-129.7741241455078,-100.11003875732422,76.46620178222656,0.9075078476882622,-13.791777810366224,-64.25605710938926,5.1498637,12.075262,10.82486,20.25647,-11.783584,-9.402021,18.490314,-23.031347,-38.60835,25.371408,-18.339258,9.867977,1.0441107,-7.04833,5.6125135,-18.043129,23.4612,-17.847198,62.277756,-23.331072,9.536863,6.7878656,-20.132397,-18.31314,30.794504,59.55316,38.93972,10.367372,-2.1888444
755,-130.05931091308594,-100.22624969482422,76.47210693359375,0.7335695910281151,-13.902049134030111,-64.01187863857974,5.2237167,12.434097,10.512161,20.080492,-11.510067,-9.679841,18.806992,-22.491863,-38.875763,25.15245,-18.488419,9.686728,0.9795656,-6.7182455,5.62683,-18.089315,23.413786,-17.897667,62.50307,-23.342327,9.502178,6.778695,-20.098904,-18.266424,30.592659,59.510963,38.65449,10.417742,-2.1839268
756,-130.33262634277344,-100.33829498291016,76.47532653808594,0.5661719914475964,-14.033393115959054,-63.78340285946167,5.336189,12.792962,10.226808,19.884388,-11.224557,-9.9685,19.137852,-21.955818,-39.122944,24.927767,-18.635555,9.517009,0.8995588,-6.404272,5.661836,-18.132298,23.38486,-17.988825,62.72905,-23.43798,9.471051,6.7499332,-20.087553,-18.220613,30.426155,59.467857,38.404293,10.492884,-2.15681
757,-130.62435913085938,-100.46055603027344,76.48051452636719,0.4142901316163628,-14.196669717598354,-63.572265191876774,5.512777,13.143904,9.978779,19.64126,-10.911747,-10.278651,19.48793,-21.430038,-39.345318,24.706352,-18.788065,9.351861,0.79508394,-6.1111875,5.727278,-18.156416,23.379929,-18.11495,62.938545,-23.63428,9.451365,6.703258,-20.106157,-18.183893,30.315615,59.419296,38.20448,10.60141,-2.0957098
758,-130.90875244140625,-100.56802368164062,76.47990417480469,0.2690326977848664,-14.388222571671474,-63.382172425563574,5.7466636,13.493976,9.764904,19.357035,-10.574165,-10.604909,19.848036,-20.910795,-39.53698,24.496138,-18.948305,9.169081,0.6588413,-5.8225756,5.8231,-18.148933,23.390244,-18.239283,63.122417,-23.898905,9.4380665,6.6379724,-20.149971,-18.161394,30.249506,59.352947,38.037426,10.732278,-2.0095935
759,-131.1980438232422,-100.68061065673828,76.47687530517578,0.12282093634898616,-14.58885083824618,-63.20768599437059,5.985215,13.854573,9.566122,19.08988,-10.244719,-10.927034,20.210537,-20.383892,-39.712185,24.274437,-19.099329,8.999549,0.55416507,-5.5702963,5.927069,-18.19388,23.43302,-18.480253,63.34903,-24.252293,9.420411,6.5534444,-20.17674,-18.116993,30.138542,59.280792,37.86894,10.872338,-1.9157424
760,-131.48638916015625,-100.79318237304688,76.4693603515625,-0.036177364466810774,-14.778462530350073,-63.04282533726767,6.175989,14.239957,9.363111,18.897024,-9.956411,-11.224979,20.570086,-19.831387,-39.88606,24.010021,-19.219769,8.873793,0.42225623,-5.3176546,6.028826,-18.21845,23.503801,-18.726221,63.561947,-24.63297,9.388869,6.4363036,-20.22433,-18.066715,30.05917,59.212265,37.713703,11.016376,-1.8399743
761,-131.776123046875,-100.90540313720703,76.4593276977539,-0.2085306308680604,-14.960333346388236,-62.88287558023524,6.3218794,14.648851,9.153415,18.775898,-9.707992,-11.502722,20.939472,-19.251461,-40.07172,23.688307,-19.298893,8.814994,0.25754896,-5.055609,6.1283984,-18.234589,23.585037,-18.985632,63.7888,-25.05967,9.332608,6.266558,-20.29642,-18.024328,30.02828,59.1429,37.57983,11.171413,-1.7780784
762,-132.0779266357422,-101.01618957519531,76.44564819335938,-0.38747685829721745,-15.142740557601762,-62.73213164105445,6.4459987,15.07623,8.946661,18.700338,-9.484463,-11.767888,21.31652,-18.650314,-40.257893,23.324217,-19.34759,8.801178,0.06442022,-4.779817,6.2316527,-18.250412,23.657598,-19.252712,64.03807,-25.527336,9.257095,6.056602,-20.392204,-17.996246,30.041147,59.07248,37.467834,11.340006,-1.7223977
763,-132.37149047851562,-101.11942291259766,76.42813110351562,-0.5776310022099752,-15.309693037822313,-62.59795073053242,6.525927,15.52623,8.741887,18.690023,-9.297528,-12.005812,21.67015,-18.02753,-40.42356,22.939125,-19.38022,8.795867,-0.10096055,-4.551408,6.3321095,-18.275908,23.817152,-19.612621,64.25781,-26.046574,9.189974,5.8411655,-20.458082,-17.936144,30.004135,58.98553,37.350224,11.50272,-1.6847425
764,-132.67221069335938,-101.22235870361328,76.4107666015625,-0.7866417430331656,-15.447386615016505,-62.48800326637822,6.535411,16.008303,8.536405,18.772406,-9.162608,-12.201852,21.971994,-17.37869,-40.547073,22.550432,-19.40888,8.762535,-0.29601142,-4.2995577,6.418083,-18.24835,23.976542,-19.885778,64.414825,-26.478315,9.1305,5.6678367,-20.543026,-17.86929,29.989693,58.922817,37.232098,11.648369,-1.6904163
765,-132.96131896972656,-101.3268814086914,76.39407348632812,-1.0233940978907412,-15.547166056173445,-62.399538767105966,6.457434,16.534815,8.320606,18.953281,-9.082924,-12.363345,22.212433,-16.687609,-40.624794,22.153196,-19.430384,8.696102,-0.49775496,-4.0150356,6.4761095,-18.21726,24.113241,-20.124949,64.56417,-26.834782,9.072086,5.5489354,-20.62615,-17.799088,29.974348,58.885918,37.118492,11.769082,-1.7566969
766,-133.25257873535156,-101.4256591796875,76.37434387207031,-1.282804931075631,-15.61799361451773,-62.33040333303684,6.30936,17.09803,8.097875,19.215193,-9.0486145,-12.494162,22.408669,-15.960538,-40.66811,21.738255,-19.43871,8.61419,-0.7013239,-3.6934822,6.510852,-18.20636,24.203934,-20.349037,64.74145,-27.139334,9.0053,5.466562,-20.702295,-17.743578,29.965462,58.86078,37.016247,11.875588,-1.870327
767,-133.54965209960938,-101.52542877197266,76.35550689697266,-1.5442604590667335,-15.671965838049761,-62.28888681132941,6.117143,17.673897,7.8852763,19.546663,-9.053339,-12.574512,22.56915,-15.230002,-40.678677,21.328213,-19.447357,8.5145855,-0.8860341,-3.3922355,6.532068,-18.19548,24.312626,-20.573196,64.89682,-27.399187,8.944952,5.4159,-20.77177,-17.661041,29.927643,58.857784,36.89465,11.972241,-2.0006967
768,-133.84445190429688,-101.62368774414062,76.33592224121094,-1.7908335799362993,-15.721495803952505,-62.28307917118448,5.90486,18.241482,7.6996965,19.942188,-9.094162,-12.584257,22.705332,-14.528132,-40.658676,20.941582,-19.467318,8.39581,-1.0616897,-3.1022336,6.5457706,-18.166775,24.398348,-20.729057,65.02409,-27.566816,8.889241,5.4016576,-20.842844,-17.578873,29.897724,58.87056,36.756916,12.070121,-2.1245058
769,-134.1211395263672,-101.72500610351562,76.31499481201172,-2.026407109722303,-15.763635826297403,-62.31369493767054,5.668645,18.807207,7.5318284,20.400747,-9.176534,-12.5283785,22.816246,-13.843944,-40.61185,20.573242,-19.499836,8.252618,-1.2204767,-2.824567,6.549763,-18.123175,24.461815,-20.811054,65.11802,-27.607918,8.843601,5.4472103,-20.908724,-17.492907,29.863552,58.903786,36.586735,12.167164,-2.2380059
770,-134.40142822265625,-101.82193756103516,76.29447937011719,-2.258069607234169,-15.79494937806569,-62.3770161259908,5.3989387,19.379448,7.3762197,20.92353,-9.300241,-12.413354,22.898556,-13.169414,-40.53646,20.219477,-19.541092,8.087982,-1.3666927,-2.549236,6.541016,-18.072548,24.499725,-20.835636,65.19293,-27.544992,8.803291,5.544969,-20.969055,-17.407753,29.827442,58.954548,36.39424,12.26077,-2.3540194
771,-134.67832946777344,-101.9203872680664,76.27642822265625,-2.4722309558722184,-15.824913590708576,-62.474053411542556,5.113704,19.941137,7.2566776,21.50572,-9.451122,-12.221519,22.960539,-12.526852,-40.42882,19.894009,-19.591505,7.910734,-1.4935757,-2.282672,6.5288863,-18.024733,24.513536,-20.836199,65.261734,-27.450077,8.759931,5.647997,-21.008242,-17.347551,29.788273,58.981766,36.204906,12.360855,-2.4693289
772,-134.9491424560547,-102.01815032958984,76.2570571899414,-2.650620445680558,-15.86571512073833,-62.60630663734099,4.8323455,20.475483,7.197713,22.143448,-9.616344,-11.935728,23.009918,-11.940165,-40.285244,19.611403,-19.65218,7.7299433,-1.6064483,-2.0510452,6.509974,-17.980923,24.524017,-20.84637,65.34192,-27.39869,8.706368,5.7103596,-21.06563,-17.263714,29.74886,59.032303,36.031204,12.466458,-2.5816905
773,-135.2100372314453,-102.11541748046875,76.24137115478516,-2.7899041458866494,-15.922390491761844,-62.77813142044763,4.5461807,20.96689,7.140309,22.85925,-9.817252,-11.508889,23.046204,-11.418686,-40.100346,19.387094,-19.727722,7.547257,-1.6986283,-1.8490645,6.49671,-17.935463,24.529144,-20.857038,65.41754,-27.39612,8.644536,5.719471,-21.112255,-17.196661,29.708986,59.0505,35.876873,12.59463,-2.6920578
774,-135.46401977539062,-102.2110824584961,76.22959899902344,-2.8993750028887906,-15.988378588230887,-62.98721073114236,4.252414,21.430134,7.093423,23.644175,-10.052973,-10.964224,23.066408,-10.947794,-39.87875,19.211254,-19.817385,7.357966,-1.7702074,-1.664777,6.491172,-17.88193,24.529234,-20.85446,65.46984,-27.410027,8.579507,5.697567,-21.126032,-17.175007,29.67521,59.004887,35.74754,12.742879,-2.8012419
775,-135.71278381347656,-102.30642700195312,76.21697998046875,-2.9854349455074245,-16.056507820296435,-63.22436778693921,3.976156,21.8973,7.1826186,24.457607,-10.281294,-10.388388,23.073378,-10.5150585,-39.630424,19.06372,-19.915524,7.1615014,-1.8311213,-1.5018232,6.480934,-17.828587,24.528664,-20.862116,65.51832,-27.452784,8.504244,5.653338,-21.14051,-17.149855,29.628809,58.960423,35.628616,12.885779,-2.9030254
776,-135.95787048339844,-102.4062271118164,76.21269989013672,-3.0533215826746947,-16.118957575909054,-63.48078429553263,3.7439642,22.401695,7.535563,25.261524,-10.461898,-9.866994,23.068314,-10.110439,-39.36475,18.928,-20.018282,6.957419,-1.8827908,-1.3641126,6.4505,-17.802488,24.530464,-20.930313,65.59903,-27.554401,8.4115,5.5947957,-21.165619,-17.09615,29.566027,58.95209,35.530243,12.998019,-2.9951434
777,-136.19638061523438,-102.50231170654297,76.21060943603516,-3.09902120685747,-16.172881611088055,-63.75913037424139,3.5911937,22.964626,8.250491,26.014688,-10.544963,-9.504167,23.043514,-9.738473,-39.078278,18.81268,-20.131683,6.7461696,-1.940478,-1.2378968,6.401046,-17.776512,24.540127,-21.061049,65.68275,-27.745504,8.296592,5.5163765,-21.18481,-17.05396,29.518467,58.940533,35.497784,13.069844,-3.0761476
778,-136.42520141601562,-102.59964752197266,76.20819854736328,-3.122816614831511,-16.22264919765623,-64.06255861727539,3.4995673,23.569633,9.240447,26.757782,-10.570725,-9.222678,23.001745,-9.401047,-38.768612,18.720991,-20.25467,6.5276246,-1.9945496,-1.127222,6.34097,-17.749128,24.557243,-21.235498,65.75776,-28.004152,8.167664,5.416763,-21.19417,-17.026592,29.474499,58.915276,35.513462,13.116464,-3.1470213
779,-136.64874267578125,-102.69539642333984,76.21009063720703,-3.128987063651816,-16.27202908579895,-64.38372185210251,3.4132004,24.195044,10.354482,27.575346,-10.638532,-8.836585,22.955591,-9.087503,-38.44469,18.637066,-20.377842,6.30063,-2.037016,-1.0375774,6.2794094,-17.73887,24.581427,-21.425789,65.842445,-28.278557,8.031456,5.3006887,-21.18759,-17.005814,29.418198,58.868618,35.527424,13.1594,-3.2138336
780,-136.86424255371094,-102.79022216796875,76.21406555175781,-3.1277291347368696,-16.32455763703712,-64.7146232287821,3.2778199,24.819958,11.44074,28.539467,-10.845845,-8.163689,22.920303,-8.783556,-38.117023,18.537577,-20.487425,6.0642548,-2.083522,-0.95809,6.2286367,-17.734861,24.602713,-21.5568,65.93286,-28.49766,7.895204,5.174192,-21.17818,-16.99385,29.370625,58.79761,35.504173,13.221537,-3.2846375
781,-137.08554077148438,-102.87984466552734,76.22235870361328,-3.115393304896609,-16.385881511488403,-65.05438192104464,3.0561316,25.465841,12.504766,29.749266,-11.256253,-6.998943,22.902563,-8.493648,-37.79193,18.42425,-20.583553,5.813228,-2.1343293,-0.8932979,6.1943207,-17.738451,24.616817,-21.607225,66.023384,-28.637268,7.7644453,5.036187,-21.16858,-16.987225,29.33128,58.699482,35.414112,13.326194,-3.3682065
782,-137.28932189941406,-102.9688491821289,76.23654174804688,-3.0876778826412563,-16.452688466646773,-65.4074381828937,2.797505,26.13641,13.612299,31.124842,-11.808372,-5.4911885,22.893972,-8.222012,-37.462616,18.305119,-20.671257,5.549632,-2.1895473,-0.84125054,6.1659665,-17.748459,24.622435,-21.60804,66.119736,-28.735619,7.6328583,4.886366,-21.162365,-16.984573,29.30755,58.588787,35.2901,13.453764,-3.4593663
783,-137.4836883544922,-103.05535888671875,76.25431823730469,-3.0579448966490443,-16.514049790101776,-65.77178293142748,2.5639145,26.781078,14.695322,32.474735,-12.406945,-3.9948046,22.883226,-7.952756,-37.120472,18.173176,-20.748009,5.282516,-2.2439375,-0.7950204,6.135838,-17.773354,24.628895,-21.595068,66.242935,-28.819574,7.490942,4.7282653,-21.1499,-16.98205,29.279947,58.46822,35.164024,13.566241,-3.5421672
784,-137.6821746826172,-103.14398193359375,76.27336883544922,-3.0285515389043476,-16.559472233471734,-66.14797328663529,2.409599,27.338923,15.692109,33.618443,-12.951159,-2.8660843,22.851868,-7.684768,-36.754665,18.044167,-20.822771,5.0226197,-2.3034074,-0.74490535,6.0937123,-17.808409,24.635323,-21.58532,66.41103,-28.913042,7.3275394,4.5669937,-21.139277,-16.98145,29.265787,58.355263,35.089577,13.622757,-3.6033792
785,-137.8641357421875,-103.23516082763672,76.29419708251953,-3.002998753332723,-16.581704986922308,-66.53373920096497,2.3394756,27.802576,16.614595,34.522724,-13.420336,-2.2145202,22.786583,-7.4176884,-36.35823,17.925217,-20.900257,4.767504,-2.369133,-0.68945855,6.027564,-17.857021,24.637293,-21.584253,66.64057,-29.019949,7.1337085,4.3999996,-21.124207,-16.984005,29.272028,58.252106,35.103336,13.600972,-3.6349611
786,-138.0351104736328,-103.3193359375,76.31059265136719,-2.97542743401067,-16.587685703894376,-66.9293849027495,2.315031,28.193533,17.486605,35.293636,-13.862812,-1.8490145,22.698977,-7.155739,-35.93878,17.811373,-20.976862,4.513392,-2.4359596,-0.6355503,5.9462724,-17.913023,24.636591,-21.582125,66.909706,-29.127539,6.9170623,4.2275267,-21.107738,-16.986826,29.28372,58.156433,35.167255,13.527127,-3.6436646
787,-138.21429443359375,-103.40766906738281,76.32250213623047,-2.948128094009878,-16.588674311422,-67.3393138377879,2.3161597,28.499176,18.263817,35.964733,-14.277715,-1.6763796,22.61126,-6.895161,-35.507343,17.686863,-21.042156,4.268788,-2.507599,-0.57499546,5.8574276,-18.00789,24.626076,-21.601816,67.248856,-29.258078,6.688051,4.0543284,-21.083462,-17.000046,29.330261,58.0526,35.25734,13.426298,-3.6535068
788,-138.3740692138672,-103.49632263183594,76.33283233642578,-2.918626206703386,-16.595991225003008,-67.76738929301251,2.3245974,28.703205,18.901863,36.5644,-14.665087,-1.6028045,22.541143,-6.6400027,-35.075077,17.549446,-21.09335,4.042842,-2.5775685,-0.49886814,5.77658,-18.092024,24.61149,-21.65115,67.58678,-29.422438,6.458662,3.900731,-21.077377,-17.016468,29.38581,57.964672,35.305496,13.332188,-3.6724226
789,-138.53326416015625,-103.58876037597656,76.34764862060547,-2.8925449764288502,-16.611241615684442,-68.21576244025431,2.3374586,28.801619,19.388449,37.094364,-15.03019,-1.6412114,22.497765,-6.38224,-34.64426,17.383873,-21.12353,3.836459,-2.651973,-0.4049944,5.7087584,-18.16969,24.599998,-21.741993,67.936775,-29.642603,6.2227483,3.7679825,-21.100544,-17.031454,29.463099,57.90074,35.29332,13.242771,-3.7050197
790,-138.67893981933594,-103.68241119384766,76.35829162597656,-2.867178971837552,-16.628468251275823,-68.6827527722191,2.3552191,28.800352,19.7484,37.543312,-15.373415,-1.8305359,22.467487,-6.124525,-34.20878,17.201237,-21.138985,3.6453295,-2.70762,-0.29816404,5.6273355,-18.299776,24.570475,-21.93326,68.37372,-29.94365,5.9716644,3.6520848,-21.106388,-17.06442,29.572136,57.833878,35.2842,13.140727,-3.7525668
791,-138.81336975097656,-103.78557586669922,76.37135314941406,-2.836919225147001,-16.64828795633276,-69.16366321427817,2.3680375,28.701427,19.990728,37.920406,-15.682079,-2.11605,22.447918,-5.876899,-33.76925,17.010128,-21.142763,3.471044,-2.762568,-0.18711428,5.5580487,-18.41441,24.542603,-22.10812,68.785446,-30.226202,5.732918,3.542861,-21.12374,-17.095377,29.664549,57.770782,35.244778,13.044903,-3.797887
792,-138.94960021972656,-103.8782730102539,76.38408660888672,-2.7971315973511213,-16.669714760825023,-69.65454856778184,2.3654518,28.51004,20.122242,38.23597,-15.942387,-2.4427059,22.431393,-5.650514,-33.325794,16.827564,-21.140514,3.3146746,-2.8086586,-0.07786613,5.4937963,-18.519749,24.509283,-22.256,69.156715,-30.459831,5.525094,3.4364393,-21.130749,-17.128931,29.727468,57.69366,35.202446,12.96579,-3.840561
793,-139.08175659179688,-103.96743774414062,76.39442443847656,-2.7447967754056015,-16.696025653849894,-70.15610537858807,2.3559499,28.213366,20.126043,38.47496,-16.140957,-2.8355615,22.424854,-5.44825,-32.879112,16.647215,-21.131393,3.1804779,-2.8559685,0.02561157,5.440596,-18.594524,24.4788,-22.341805,69.46586,-30.619514,5.353366,3.3357108,-21.140022,-17.15573,29.756762,57.604248,35.152645,12.913064,-3.8760672
794,-139.19564819335938,-104.07530975341797,76.4098129272461,-2.681711555249591,-16.726683386421737,-70.6704436750412,2.3414483,27.815525,20.005116,38.637268,-16.290577,-3.3105314,22.428041,-5.264155,-32.428898,16.464622,-21.112192,3.0664852,-2.9035265,0.12793759,5.3947697,-18.650455,24.44927,-22.394768,69.73802,-30.737144,5.2065105,3.2427633,-21.153725,-17.17798,29.76725,57.510536,35.093235,12.877333,-3.9088407
795,-139.3052520751953,-104.17840576171875,76.4230728149414,-2.6166229920195576,-16.75415991343544,-71.19370747743858,2.3051999,27.34916,19.795647,38.75352,-16.41301,-3.7991252,22.430897,-5.0915585,-31.97393,16.284773,-21.08609,2.9647603,-2.9521253,0.23225121,5.3516173,-18.685167,24.426535,-22.429068,69.95982,-30.830587,5.085397,3.1486895,-21.172543,-17.193396,29.773657,57.42641,35.033134,12.841847,-3.944221
796,-139.4102783203125,-104.27689361572266,76.43511199951172,-2.552490806374818,-16.77254191628457,-71.72287887356651,2.2306697,26.84552,19.533726,38.85231,-16.52728,-4.232874,22.424858,-4.921982,-31.513391,16.107128,-21.052685,2.867275,-3.0007637,0.34172502,5.3068123,-18.69736,24.412659,-22.45465,70.11901,-30.911037,4.9907336,3.0452669,-21.19572,-17.203278,29.786642,57.36452,34.97757,12.790788,-3.987111
797,-139.51158142089844,-104.38035583496094,76.45101165771484,-2.48919601557148,-16.780589576820283,-72.25815662611035,2.1025681,26.29412,19.180054,38.946693,-16.639366,-4.577658,22.406136,-4.7561717,-31.046467,15.93558,-21.010454,2.7721684,-3.0418935,0.4600394,5.2524137,-18.722094,24.398064,-22.509342,70.25329,-30.997728,4.9236164,2.9188545,-21.211773,-17.215412,29.818531,57.322002,34.943462,12.716244,-4.0489073
798,-139.61146545410156,-104.47533416748047,76.4642562866211,-2.426378995192124,-16.779752792346613,-72.7971650271643,1.9328868,25.682014,18.729445,39.01828,-16.736275,-4.8744583,22.38337,-4.596374,-30.577953,15.75911,-20.958233,2.684395,-3.0887318,0.5801812,5.205651,-18.722366,24.395578,-22.535362,70.31498,-31.050909,4.8885384,2.7785928,-21.233412,-17.218752,29.836191,57.290287,34.89371,12.633103,-4.116631
799,-139.70518493652344,-104.57500457763672,76.47855377197266,-2.367383541155108,-16.77534040873235,-73.3489015543051,1.7612473,25.050844,18.282877,39.04931,-16.811611,-5.1713843,22.3589,-4.4354095,-30.097425,15.579864,-20.899298,2.60276,-3.114471,0.7091222,5.140446,-18.728857,24.38654,-22.608788,70.36883,-31.134035,4.8662596,2.6457794,-21.238777,-17.232424,29.887054,57.27306,34.890656,12.536635,-4.1917863
800,-139.78736877441406,-104.67781066894531,76.49091339111328,-2.311922662563286,-16.76253900380355,-73.9035415574027,1.6004473,24.430786,17.91954,39.02666,-16.858778,-5.5118556,22.329502,-4.2731237,-29.614264,15.402016,-20.844467,2.5291886,-3.1374178,0.83528745,5.082133,-18.710264,24.381918,-22.626617,70.36919,-31.180836,4.853048,2.5429614,-21.23721,-17.240221,29.902533,57.25302,34.86907,12.445062,-4.244292
801,-139.8727569580078,-104.7768325805664,76.50218963623047,-2.2662267660321165,-16.739785440450685,-74.46592705659162,1.4473605,23.835442,17.647463,38.952377,-16.87474,-5.9008417,22.299633,-4.098082,-29.1223,15.205878,-20.78588,2.4601378,-3.1516907,0.97349465,5.015958,-18.666178,24.36889,-22.598045,70.32362,-31.207361,4.851492,2.470536,-21.213865,-17.262632,29.917433,57.222694,34.86535,12.354434,-4.2771525
802,-139.9555206298828,-104.88072967529297,76.51226806640625,-2.2278524954251493,-16.707957811082515,-75.03533960722815,1.2937754,23.24502,17.424414,38.83054,-16.8627,-6.3161073,22.267166,-3.9170117,-28.622639,15.000768,-20.724726,2.3965912,-3.151565,1.1079856,4.943671,-18.613646,24.363249,-22.5535,70.24025,-31.222374,4.867311,2.4160874,-21.182573,-17.270746,29.911442,57.2079,34.861675,12.259414,-4.2943654
803,-140.02264404296875,-104.99059295654297,76.52131652832031,-2.1915335205027446,-16.67382284776501,-75.60857721522028,1.15873,22.65287,17.2675,38.647385,-16.826254,-6.7635155,22.234135,-3.7414293,-28.121037,14.802464,-20.665922,2.344211,-3.1626642,1.2505059,4.8816285,-18.526335,24.34993,-22.45547,70.11178,-31.204958,4.8794456,2.3904893,-21.154661,-17.28955,29.907242,57.18894,34.855988,12.169152,-4.3033714
804,-140.09765625,-105.10466003417969,76.52779388427734,-2.147707982749729,-16.6436944891296,-76.18225105099408,1.060358,22.050795,17.193563,38.390133,-16.770275,-7.248187,22.199223,-3.5855346,-27.622965,14.634357,-20.618637,2.3088665,-3.1823318,1.3846195,4.833203,-18.42001,24.337063,-22.356665,69.96484,-31.184149,4.870938,2.4029748,-21.133774,-17.310652,29.899755,57.16905,34.8461,12.085349,-4.31219
805,-140.16152954101562,-105.21044921875,76.52994537353516,-2.0968054236900127,-16.61959244390616,-76.7540727013369,1.0005404,21.434162,17.202667,38.04998,-16.693895,-7.763044,22.165407,-3.4536273,-27.130083,14.49707,-20.582588,2.2938936,-3.1975174,1.4981314,4.7980003,-18.318699,24.322607,-22.283262,69.81664,-31.164143,4.8308825,2.4758408,-21.099802,-17.327957,29.856592,57.139263,34.816822,12.002499,-4.3124175
806,-140.227783203125,-105.32747650146484,76.53137969970703,-2.04022379340199,-16.59808735159474,-77.3268997948313,0.9690408,20.808498,17.285229,37.633163,-16.594738,-8.307336,22.131413,-3.3377957,-26.639431,14.381122,-20.5548,2.2955148,-3.2114062,1.6009791,4.7735806,-18.20231,24.306715,-22.209724,69.64185,-31.134876,4.7712493,2.5998077,-21.06084,-17.34346,29.786232,57.107357,34.77146,11.92127,-4.302947
807,-140.2911376953125,-105.4449462890625,76.5325927734375,-1.9835989928227078,-16.57655518522743,-77.90287641242801,0.9659266,20.18089,17.442724,37.1457,-16.4733,-8.896147,22.093233,-3.2325108,-26.149492,14.286067,-20.534746,2.3083386,-3.2218325,1.6928896,4.750996,-18.101315,24.291605,-22.16156,69.492905,-31.119091,4.7067275,2.7252624,-21.031055,-17.35518,29.725447,57.087013,34.74297,11.848611,-4.304029
808,-140.3457489013672,-105.56658172607422,76.53289794921875,-1.929124976329881,-16.552808497004083,-78.48551372532906,0.99125326,19.558783,17.67712,36.59339,-16.330893,-9.544657,22.047684,-3.1309023,-25.657915,14.2100525,-20.520962,2.3269596,-3.2241335,1.7828115,4.7348423,-18.012945,24.275831,-22.126526,69.37334,-31.102139,4.6523314,2.8106232,-21.022306,-17.367895,29.679977,57.07695,34.726627,11.800099,-4.327357
809,-140.39990234375,-105.68502044677734,76.53005981445312,-1.8772423603762611,-16.52601191419368,-79.07854108599297,1.0460123,18.937805,17.999336,35.96227,-16.154966,-10.265931,21.99411,-3.0356143,-25.164352,14.151675,-20.512484,2.35352,-3.2166529,1.8708065,4.718224,-17.958103,24.253069,-22.125372,69.32415,-31.10645,4.610795,2.8327377,-21.045454,-17.389446,29.685333,57.09119,34.7678,11.77517,-4.3967323
810,-140.4554901123047,-105.80620574951172,76.52641296386719,-1.826210191734022,-16.49740251622205,-79.67946181585874,1.1270947,18.31674,18.402369,35.25118,-15.949958,-11.048082,21.93538,-2.9460814,-24.669395,14.107872,-20.507915,2.3894644,-3.2023318,1.9575552,4.7007823,-17.92925,24.222832,-22.155468,69.329475,-31.127745,4.572817,2.8198934,-21.083755,-17.42053,29.73197,57.114033,34.854626,11.768763,-4.5007343
811,-140.50692749023438,-105.9332046508789,76.51871490478516,-1.7816156839818431,-16.466961039570908,-80.2805581774328,1.228887,17.703835,18.861637,34.48432,-15.741981,-11.868549,21.868303,-2.8582008,-24.175005,14.088695,-20.513758,2.4294927,-3.1884634,2.0419004,4.6850147,-17.910555,24.194706,-22.20034,69.35191,-31.159334,4.538784,2.7954154,-21.135128,-17.451271,29.787296,57.145775,34.94196,11.775793,-4.6013274
812,-140.55575561523438,-106.05789184570312,76.508544921875,-1.7488423273743858,-16.43491314530954,-80.87427290693907,1.3461988,17.109007,19.353395,33.688347,-15.556834,-12.705443,21.79284,-2.7641497,-23.683134,14.095332,-20.53139,2.4673903,-3.1775799,2.132098,4.6694317,-17.904823,24.157692,-22.249054,69.380714,-31.192003,4.5044165,2.7839885,-21.178473,-17.492182,29.82784,57.16453,34.99741,11.793603,-4.664835
813,-140.59783935546875,-106.182373046875,76.49420166015625,-1.7294257253312117,-16.39858709048674,-81.46352334130884,1.5000981,16.522808,19.912687,32.80752,-15.385885,-13.6392,21.700008,-2.6639519,-23.1905,14.138178,-20.565475,2.5060463,-3.1699367,2.2261968,4.653242,-17.907068,24.122673,-22.30295,69.40631,-31.241076,4.4718394,2.7919643,-21.224087,-17.532322,29.842537,57.183033,34.990913,11.823678,-4.6737385
814,-140.6442108154297,-106.31419372558594,76.47633361816406,-1.7217964960934384,-16.358635893824932,-82.05054692781452,1.6860086,15.942875,20.538147,31.843248,-15.218202,-14.651956,21.594719,-2.5582118,-22.6976,14.207315,-20.610157,2.547081,-3.1650012,2.3223727,4.637179,-17.915874,24.091316,-22.363392,69.43535,-31.303083,4.442451,2.8058522,-21.27669,-17.569544,29.845701,57.205326,34.94678,11.866871,-4.649275
815,-140.67337036132812,-106.43507385253906,76.45619201660156,-1.6589870418187986,-16.295259734016486,-82.56347111923421,1.8293687,15.206096,21.132513,30.822412,-15.022454,-15.000033,21.401197,-2.5777447,-22.28309,14.470352,-20.753521,2.6153262,-3.2224011,2.3408806,4.5985184,-17.935417,24.058308,-22.431719,69.46934,-31.354382,4.412873,2.8204618,-21.321934,-17.610964,29.841043,57.21545,34.903206,11.917118,-4.612427
816,-140.70619201660156,-106.55946350097656,76.43482208251953,-1.5959037478290563,-16.23513696246892,-83.0467991519203,1.9145991,14.483841,21.631338,29.945965,-14.866286,-15.000033,21.20607,-2.6111012,-21.89499,14.76875,-20.918795,2.6773913,-3.3075254,2.3372226,4.562459,-17.949675,24.032246,-22.491232,69.490875,-31.365477,4.383547,2.827874,-21.362919,-17.64717,29.840525,57.215664,34.89757,11.967776,-4.58369
817,-140.73756408691406,-106.6884536743164,76.40791320800781,-1.5727656106640076,-16.19760440527712,-83.54523692293428,1.9423821,13.8942995,22.014467,29.32223,-14.78616,-15.000033,21.060265,-2.5768912,-21.484707,15.005831,-21.05307,2.7052283,-3.3850777,2.3624208,4.548678,-17.955795,24.013252,-22.542677,69.496994,-31.312494,4.3581624,2.8301039,-21.40409,-17.678562,29.846905,57.205963,34.941917,12.023696,-4.5573015
818,-140.77259826660156,-106.82281494140625,76.3781509399414,-1.5788373707634717,-16.17659968337618,-84.05241847510172,1.9345754,13.403246,22.330357,28.878284,-14.765432,-15.000033,20.946772,-2.4967325,-21.060404,15.210221,-21.17029,2.7096088,-3.4599304,2.4054713,4.5522137,-17.956276,24.00058,-22.586721,69.49111,-31.213505,4.3361344,2.829297,-21.446888,-17.705265,29.856945,57.18907,35.01636,12.0862465,-4.526313
819,-140.81361389160156,-106.961669921875,76.350830078125,-1.6125546893305776,-16.174734008819566,-84.56201992258934,1.9180825,13.02588,22.637856,28.599167,-14.822744,-15.000033,20.88523,-2.3698196,-20.627607,15.352012,-21.26352,2.7037861,-3.51642,2.462844,4.5737777,-17.975145,23.983759,-22.641678,69.49339,-31.118774,4.308156,2.8196013,-21.456398,-17.752975,29.860186,57.13274,35.112705,12.147598,-4.5085497
820,-140.86175537109375,-107.10417938232422,76.31700897216797,-1.6691237127803666,-16.194462167665137,-85.06787953327911,1.9219906,12.775378,22.994526,28.466274,-14.975836,-15.000033,20.894588,-2.1961052,-20.191536,15.404043,-21.326994,2.7007322,-3.5766983,2.5202389,4.610266,-17.98773,23.981768,-22.678885,69.490974,-31.067234,4.268657,2.7934735,-21.478254,-17.76692,29.872446,57.107227,35.20656,12.189334,-4.52191
821,-140.90969848632812,-107.25846099853516,76.2783432006836,-1.7564450615898324,-16.243398390016317,-85.55859062665344,1.9513096,12.666492,23.40648,28.501661,-15.25795,-15.000033,21.00036,-1.9631467,-19.761116,15.334013,-21.350548,2.7029924,-3.6086657,2.582979,4.6690946,-18.046381,23.981749,-22.767593,69.52356,-31.120832,4.2034802,2.7386985,-21.439512,-17.809046,29.881817,57.029366,35.332485,12.213616,-4.5873647
822,-140.96131896972656,-107.41700744628906,76.23705291748047,-1.8705483101658626,-16.319036082227562,-86.04167344083942,1.997039,12.686977,23.85033,28.70793,-15.653704,-15.000033,21.184336,-1.6809798,-19.329506,15.17127,-21.343227,2.7041643,-3.636696,2.6517377,4.7508793,-18.117308,23.98741,-22.856726,69.5665,-31.224936,4.1206255,2.662157,-21.390995,-17.84195,29.897509,56.950336,35.47528,12.2238245,-4.689218
823,-141.00914001464844,-107.59207916259766,76.19927978515625,-1.9932395656043358,-16.40757506090513,-86.53882516421665,2.0641496,12.811425,24.337332,29.039894,-16.1113,-15.000033,21.4039,-1.3782862,-18.878363,14.968353,-21.321575,2.7034001,-3.6422455,2.7178001,4.8393936,-18.188812,23.997702,-22.94071,69.5964,-31.324287,4.043808,2.587108,-21.321478,-17.876863,29.895012,56.854027,35.604324,12.225566,-4.7921934
824,-141.05783081054688,-107.75495910644531,76.15685272216797,-2.059222654128227,-16.468898752205686,-87.01407290502851,2.1256218,12.85531,24.837803,29.357382,-16.521818,-14.528066,21.539341,-1.1815692,-18.4556,14.915748,-21.375017,2.7255485,-3.6716974,2.715973,4.894843,-18.23541,24.010618,-22.987507,69.58085,-31.350826,3.9954495,2.5373807,-21.23716,-17.909618,29.854584,56.740776,35.680347,12.22409,-4.861547
825,-141.10411071777344,-107.9239730834961,76.11592864990234,-2.090055320502986,-16.51271298620575,-87.49558364533708,2.188543,12.901024,25.389166,29.727383,-16.917547,-13.749781,21.61519,-1.0410582,-18.029057,14.964814,-21.476574,2.755942,-3.6996367,2.6776931,4.928281,-18.257822,24.027832,-23.008104,69.509224,-31.277725,3.9827342,2.527774,-21.13455,-17.939947,29.75904,56.60767,35.6892,12.218262,-4.892021
826,-141.1483154296875,-108.10375213623047,76.07767486572266,-2.113945743014891,-16.554853860173093,-87.99316261314075,2.266539,13.015153,25.991886,30.194479,-17.344784,-12.857786,21.683846,-0.9080508,-17.584955,15.031588,-21.587358,2.786794,-3.743252,2.638746,4.938784,-18.252851,24.031883,-22.990582,69.42162,-31.146442,3.987151,2.5459118,-21.061264,-17.943384,29.692778,56.520462,35.682228,12.196388,-4.9109797
827,-141.1960906982422,-108.28597259521484,76.03929901123047,-2.1243398608119044,-16.59448587774509,-88.509071595715,2.3697479,13.169049,26.599663,30.698942,-17.778463,-11.921386,21.745739,-0.79381067,-17.12585,15.115266,-21.708725,2.8227592,-3.7361765,2.5636232,4.955626,-18.24889,24.04865,-22.944048,69.29611,-30.97169,4.013415,2.5650952,-20.941782,-17.950752,29.519068,56.3812,35.59314,12.183101,-4.8921494
828,-141.23947143554688,-108.48011779785156,76.00311279296875,-2.1136028457249365,-16.629922516489632,-89.04626021006223,2.5039477,13.33499,27.1664,31.184956,-18.191835,-11.009945,21.79988,-0.70844805,-16.654697,15.215376,-21.839891,2.8682313,-3.723454,2.4637518,4.9486756,-18.219557,24.060928,-22.8407,69.17507,-30.821161,4.048628,2.5665605,-20.837708,-17.953197,29.390846,56.264824,35.509346,12.167881,-4.8522515
829,-141.2787628173828,-108.67911529541016,75.97293853759766,-2.082138744147621,-16.65496843897785,-89.60824876106912,2.6621072,13.519842,27.67911,31.665432,-18.59271,-10.090019,21.84188,-0.651691,-16.16997,15.328733,-21.982927,2.9196465,-3.69645,2.3360043,4.9203815,-18.15923,24.069613,-22.64353,69.044,-30.68408,4.094088,2.5416033,-20.739588,-17.951822,29.27723,56.15466,35.40283,12.1551285,-4.77335
830,-141.3140106201172,-108.88795471191406,75.94207000732422,-2.0326052499932223,-16.671990047559788,-90.19284563272784,2.8433816,13.735011,28.163158,32.161144,-18.991558,-9.141231,21.871672,-0.6183463,-15.671064,15.459926,-22.137295,2.975836,-3.6700919,2.1896725,4.878428,-18.052925,24.076399,-22.342993,68.88177,-30.531075,4.1528296,2.50203,-20.65632,-17.945288,29.181261,56.05362,35.26841,12.143084,-4.661254
831,-141.34886169433594,-109.10750579833984,75.91315460205078,-1.9643841529454122,-16.692307318925582,-90.7938864699028,3.0632958,13.956515,28.632174,32.62545,-19.360464,-8.253359,21.910295,-0.6092375,-15.161492,15.589904,-22.295223,3.0460775,-3.6669888,2.029539,4.8364296,-17.88073,24.087317,-21.95298,68.67584,-30.360018,4.223481,2.456128,-20.617643,-17.926477,29.138496,55.986973,35.13399,12.1320505,-4.5418334
832,-141.39614868164062,-109.3309555053711,75.88624572753906,-1.8726095214866554,-16.727164323264056,-91.40688611711826,3.338342,14.159674,29.101044,33.010902,-19.668764,-7.5168047,21.977856,-0.6259512,-14.644876,15.700984,-22.44954,3.1389124,-3.6275256,1.8315747,4.792158,-17.748848,24.091618,-21.633596,68.52257,-30.216974,4.3003316,2.41327,-20.563553,-17.906519,29.087004,55.922886,35.009365,12.124259,-4.4371057
833,-141.43887329101562,-109.55635070800781,75.8613052368164,-1.7505765565296791,-16.78184371918341,-92.0355366667776,3.691837,14.340306,29.575626,33.277695,-19.887232,-7.014142,22.08576,-0.6755875,-14.11944,15.784015,-22.600653,3.259728,-3.6144278,1.6076562,4.763088,-17.556316,24.10362,-21.26347,68.3385,-30.064558,4.3882103,2.366563,-20.567352,-17.865221,29.099125,55.90684,34.89969,12.119323,-4.3480806
834,-141.47537231445312,-109.79170989990234,75.84217834472656,-1.6015702344172884,-16.84869311260032,-92.68149826635282,4.1073656,14.510901,30.04907,33.461445,-20.034105,-6.678026,22.220463,-0.7561729,-13.584359,15.85201,-22.753288,3.402345,-3.5709348,1.3423517,4.7324963,-17.378357,24.11415,-20.926493,68.18198,-29.93515,4.4856844,2.3156636,-20.56556,-17.819952,29.109001,55.895992,34.791035,12.117405,-4.26175
835,-141.5085906982422,-110.03689575195312,75.82305908203125,-1.4388989534370265,-16.920509766431486,-93.33427657688343,4.5431876,14.671505,30.516779,33.62747,-20.150333,-6.3728757,22.370087,-0.854686,-13.044439,15.909759,-22.902449,3.5596557,-3.5367208,1.0618114,4.7053256,-17.180235,24.127453,-20.572563,68.019264,-29.794092,4.5906196,2.2716289,-20.593618,-17.75808,29.143442,55.918964,34.687695,12.117928,-4.189115
836,-141.54672241210938,-110.283935546875,75.80339813232422,-1.276066680429028,-16.990631913402506,-93.98354865965689,4.95728,14.822725,30.973326,33.84265,-20.280241,-5.963135,22.52037,-0.95721114,-12.504442,15.966528,-23.043259,3.7239325,-3.4914193,0.7790271,4.680623,-17.005806,24.134811,-20.248713,67.87487,-29.635838,4.6988516,2.2475243,-20.61779,-17.700348,29.161781,55.947437,34.58748,12.124944,-4.1360073
837,-141.58163452148438,-110.5294189453125,75.7828140258789,-1.114020936935113,-17.061688047676707,-94.63161716058853,5.333127,14.968941,31.406721,34.150875,-20.427608,-5.3854547,22.671722,-1.0640463,-11.962009,16.027351,-23.175837,3.9031904,-3.451075,0.49853197,4.6631007,-16.839567,24.137844,-19.931276,67.74158,-29.444128,4.8205914,2.2575023,-20.65511,-17.63791,29.174244,55.99175,34.476513,12.138222,-4.109871
838,-141.6075897216797,-110.77478790283203,75.76183319091797,-0.9460943927549409,-17.135912006031905,-95.28203510686542,5.6949296,15.108265,31.824001,34.50817,-20.571981,-4.720097,22.833973,-1.18029,-11.415458,16.078865,-23.29995,4.0978155,-3.4060068,0.21120638,4.651049,-16.684637,24.135935,-19.628,67.62376,-29.23297,4.9537606,2.2915409,-20.6989,-17.574408,29.180746,56.046875,34.359207,12.157496,-4.104512
839,-141.64024353027344,-111.02442932128906,75.74701690673828,-0.7762405255986912,-17.20513085578488,-95.9286406779327,6.0623336,15.229766,32.247963,34.847267,-20.721333,-4.047638,22.994001,-1.3042169,-10.871161,16.129875,-23.421236,4.290621,-3.355002,-0.07743861,4.6379976,-16.53984,24.128242,-19.342056,67.51129,-29.016687,5.0770397,2.3239598,-20.745794,-17.515919,29.19418,56.11552,34.270153,12.182181,-4.1105328
840,-141.6690673828125,-111.28063201904297,75.73052978515625,-0.6110519263140857,-17.261807322608462,-96.56325158824787,6.4558578,15.32221,32.700466,35.09875,-20.882622,-3.4496202,23.140415,-1.4317534,-10.334847,16.187237,-23.541227,4.4633718,-3.3143873,-0.3579884,4.6156883,-16.38602,24.113106,-19.05099,67.3869,-28.800058,5.1682386,2.3296003,-20.815691,-17.45452,29.24895,56.225918,34.24677,12.208568,-4.1208653
841,-141.6848602294922,-111.5369644165039,75.71649169921875,-0.4545290957819067,-17.300690322127036,-97.18009859707782,6.868265,15.387299,33.181812,35.26145,-21.061647,-2.9231007,23.279427,-1.5562271,-9.8109,16.228584,-23.650404,4.612959,-3.2850513,-0.6260969,4.577142,-16.221079,24.087711,-18.75803,67.24789,-28.585033,5.208077,2.2850912,-20.90282,-17.395262,29.34628,56.3746,34.308155,12.239435,-4.1418486
842,-141.69564819335938,-111.79667663574219,75.70134735107422,-0.30412114394162304,-17.327315294515355,-97.78401935956406,7.2927275,15.427306,33.681362,35.364902,-21.251186,-2.4352636,23.414635,-1.6814065,-9.295115,16.25745,-23.749275,4.748518,-3.247788,-0.8885696,4.531307,-16.065702,24.054668,-18.488096,67.10576,-28.373915,5.213174,2.2095428,-20.980585,-17.35437,29.456156,56.52599,34.43143,12.278122,-4.173086
843,-141.71739196777344,-112.05550384521484,75.69068908691406,-0.15094756927825997,-17.348616103513276,-98.38396573891187,7.746641,15.435402,34.204136,35.395435,-21.443953,-2.0190296,23.536762,-1.817851,-8.78071,16.304592,-23.855148,4.8702083,-3.2036664,-1.1479913,4.487502,-15.926298,24.011747,-18.234547,66.96925,-28.166916,5.2127495,2.1420336,-21.061852,-17.326847,29.586678,56.692364,34.591038,12.318112,-4.1995683
844,-141.73118591308594,-112.31422424316406,75.68029022216797,0.01598555679371099,-17.37152815708341,-98.98949687612487,8.249614,15.401992,34.75599,35.3323,-21.627998,-1.7091819,23.635008,-1.9769729,-8.260891,16.402044,-23.985678,4.9786696,-3.1329205,-1.4158543,4.4571743,-15.829576,23.96305,-18.02143,66.85508,-27.97445,5.2379827,2.121243,-21.135426,-17.31448,29.719395,56.862232,34.75902,12.355208,-4.2046514
845,-141.73951721191406,-112.56864166259766,75.66912841796875,0.19147533855322063,-17.39995602065544,-99.59944353602232,8.813553,15.329278,35.342304,35.166397,-21.814203,-1.5345829,23.71799,-2.1526592,-7.7347336,16.543623,-24.141577,5.0675864,-3.0455468,-1.6811529,4.441206,-15.780239,23.899519,-17.84844,66.77722,-27.809309,5.287271,2.1675851,-21.216179,-17.316566,29.878185,57.05127,34.944878,12.39119,-4.1835623
846,-141.74403381347656,-112.82303619384766,75.6627197265625,0.3718810821907401,-17.429459553942728,-100.2101345104048,9.426101,15.217273,35.958733,34.905792,-21.999435,-1.4719125,23.788261,-2.342164,-7.205402,16.713945,-24.312681,5.1392965,-2.9335365,-1.948429,4.435763,-15.778763,23.826159,-17.724218,66.73007,-27.668547,5.3483224,2.2567997,-21.289879,-17.33653,30.045284,57.24657,35.154747,12.4286785,-4.1436954
847,-141.74330139160156,-113.07780456542969,75.66117095947266,0.573162597345839,-17.45267690002557,-100.82681314382886,10.066259,15.052815,36.59612,34.561825,-22.15385,-1.4751229,23.823914,-2.561281,-6.6717534,16.9341,-24.501741,5.2078,-2.7972164,-2.225012,4.437178,-15.806544,23.740133,-17.617964,66.69438,-27.51617,5.430351,2.363992,-21.355543,-17.37326,30.210018,57.445248,35.367943,12.46038,-4.0930347
848,-141.74000549316406,-113.32257080078125,75.66231536865234,0.8084078521303992,-17.462468826863745,-101.45462237332382,10.713556,14.822635,37.24467,34.145752,-22.248468,-1.4983364,23.804955,-2.8261607,-6.132712,17.225273,-24.712557,5.2871075,-2.626987,-2.5428302,4.445867,-15.840985,23.677557,-17.522192,66.629974,-27.332186,5.5499406,2.4586432,-21.405334,-17.404375,30.331789,57.642,35.5498,12.478383,-4.0357957
849,-141.7323760986328,-113.56330871582031,75.66753387451172,1.0921097019834443,-17.45863717595743,-102.10283746912107,11.37936,14.5032215,37.913876,33.633743,-22.263758,-1.5475378,23.724197,-3.1543179,-5.5813904,17.602951,-24.95286,5.380952,-2.4395442,-2.8756237,4.4569364,-15.870745,23.570948,-17.358147,66.546165,-27.044708,5.7147965,2.5587704,-21.461704,-17.456438,30.46202,57.86116,35.711647,12.473558,-3.9747396
850,-141.73248291015625,-113.80583190917969,75.67683410644531,1.4156038574644318,-17.44258314975061,-102.7667933917937,12.067856,14.10322,38.603462,33.023125,-22.215084,-1.6411135,23.592894,-3.5323062,-5.0195284,18.052534,-25.218592,5.482368,-2.2119484,-3.2396662,4.473886,-15.926409,23.451502,-17.194061,66.45888,-26.703026,5.9196563,2.668707,-21.504688,-17.514553,30.561068,58.0909,35.84928,12.452367,-3.9030797
851,-141.7215576171875,-114.03994750976562,75.69207000732422,1.7509978176567278,-17.41052426929526,-103.42902825625566,12.7484455,13.661205,39.289413,32.358322,-22.128271,-1.7514793,23.426064,-3.926302,-4.4581532,18.53119,-25.485205,5.589849,-1.9726181,-3.630382,4.494449,-15.982919,23.371105,-17.065815,66.35677,-26.3885,6.136822,2.7531717,-21.547052,-17.554136,30.640593,58.32458,35.97447,12.42808,-3.830462
852,-141.709228515625,-114.26931762695312,75.70890045166016,2.068174969446481,-17.35947318872025,-104.07222341108222,13.389882,13.22272,39.949024,31.69049,-22.032564,-1.8513274,23.24431,-4.2996044,-3.9087374,18.98639,-25.725769,5.701349,-1.7631502,-3.9720817,4.5031505,-16.049805,23.255836,-16.959782,66.308266,-26.135946,6.3147616,2.7958903,-21.604452,-17.61504,30.77014,58.552776,36.125496,12.418911,-3.775634
853,-141.6961212158203,-114.49699401855469,75.72926330566406,2.363858009786993,-17.292964790611478,-104.6960683888898,13.998028,12.78768,40.5818,31.015009,-21.926857,-1.9426486,23.062754,-4.6496296,-3.3724337,19.396269,-25.933838,5.814007,-1.5639752,-4.293957,4.50411,-16.131218,23.161388,-16.945278,66.302086,-26.00027,6.4426665,2.7623377,-21.65892,-17.676647,30.911335,58.762054,36.293213,12.428536,-3.7416337
854,-141.68724060058594,-114.7170639038086,75.75012969970703,2.6520651671259077,-17.21159084675888,-105.30757277902904,14.585515,12.336362,41.19823,30.309362,-21.797262,-2.0375888,22.869297,-4.992858,-2.8437607,19.789585,-26.124226,5.92977,-1.3779435,-4.6171393,4.5041986,-16.20071,23.108187,-16.98254,66.29375,-25.942139,6.547999,2.6700683,-21.722414,-17.722809,31.061806,58.968346,36.46603,12.44734,-3.7203543
855,-141.67623901367188,-114.92942810058594,75.77145385742188,2.927370072141911,-17.109518881018996,-105.90110824891167,15.132603,11.8826275,41.793106,29.597868,-21.65516,-2.123471,22.6297,-5.32544,-2.324711,20.2219,-26.30831,6.0549417,-1.2064314,-4.9394894,4.5016184,-16.264563,23.083227,-17.035463,66.28083,-25.924055,6.657168,2.567923,-21.797434,-17.75227,31.212631,59.172874,36.63611,12.47091,-3.6979945
856,-141.6724853515625,-115.12751770019531,75.7900161743164,3.1867741360119846,-16.98058002807107,-106.47104881746964,15.618521,11.442341,42.36188,28.908186,-21.513771,-2.1869404,22.308146,-5.641851,-1.817059,20.749168,-26.497503,6.196499,-1.051778,-5.2499557,4.492119,-16.334053,23.060575,-17.06971,66.27146,-25.910013,6.793959,2.5068514,-21.87674,-17.78323,31.372778,59.362038,36.81216,12.495942,-3.664534
857,-141.66114807128906,-115.31226348876953,75.8109359741211,3.423234766510776,-16.814771323614323,-107.01684769365438,16.025398,11.026192,42.909096,28.256062,-21.381361,-2.2208447,21.892977,-5.933447,-1.3124472,21.366652,-26.702406,6.3400626,-0.90660566,-5.5487905,4.4680824,-16.4245,23.042667,-17.08923,66.27152,-25.925444,6.978409,2.496696,-21.962187,-17.811089,31.535114,59.535465,36.991768,12.528099,-3.6157858
858,-141.65402221679688,-115.49784851074219,75.83358001708984,3.641842907226973,-16.61839026330122,-107.54111744316155,16.368956,10.625728,43.43655,27.62546,-21.250607,-2.23289,21.406101,-6.2031035,-0.8133394,22.047815,-26.91308,6.4896317,-0.772733,-5.8356004,4.4313755,-16.531328,23.029224,-17.106508,66.28588,-25.975338,7.1912684,2.5136476,-22.056824,-17.836334,31.705778,59.700527,37.177387,12.5667715,-3.5584357
859,-141.64276123046875,-115.6693115234375,75.85613250732422,3.8474464778329276,-16.412970758848576,-108.04060815590697,16.674938,10.231552,43.934685,27.00643,-21.115604,-2.2322443,20.86298,-6.46293,-0.33887076,22.813068,-27.109653,6.682445,-0.65868354,-6.112223,4.400719,-16.62798,23.016897,-17.108055,66.29475,-25.996862,7.4026446,2.5531578,-22.150616,-17.8615,31.874073,59.850307,37.36036,12.601369,-3.4950478
860,-141.6313934326172,-115.82556915283203,75.87677764892578,4.042749723859242,-16.221228145323035,-108.51114634585709,16.974775,9.831116,44.39286,26.374987,-20.967613,-2.2285264,20.28283,-6.7232146,0.09033233,23.678135,-27.2707,6.955764,-0.5411008,-6.399906,4.40495,-16.711718,23.012356,-17.107107,66.281586,-25.918718,7.587329,2.6108012,-22.216711,-17.872309,31.953388,59.977806,37.48275,12.622124,-3.4159148
861,-141.62059020996094,-115.97518920898438,75.90194702148438,4.235041980566122,-16.04224456805909,-108.95458402997232,17.268848,9.413777,44.80746,25.72031,-20.800182,-2.2176917,19.63701,-6.98475,0.489733,24.700104,-27.409946,7.3031282,-0.45555466,-6.685676,4.4341598,-16.77099,23.004503,-17.068977,66.264275,-25.678026,7.731559,2.70005,-22.278461,-17.882866,32.024445,60.098312,37.61737,12.615795,-3.3216746
862,-141.6096954345703,-116.1119613647461,75.92494201660156,4.409078910038141,-15.868735284446347,-109.3661667686245,17.539104,9.005045,45.179123,25.070963,-20.626709,-2.198262,18.935822,-7.2283745,0.8565852,25.83744,-27.527145,7.712626,-0.38439062,-6.964884,4.4844894,-16.80685,22.997189,-17.015049,66.22376,-25.320503,7.85544,2.824494,-22.31474,-17.88823,32.04254,60.194965,37.7218,12.592969,-3.2104373
863,-141.60072326660156,-116.24081420898438,75.9475326538086,4.579834105116906,-15.708005948671628,-109.75649313831443,17.809351,8.589565,45.525085,24.410503,-20.43953,-2.179641,18.219206,-7.4778395,1.1645052,27.026798,-27.61562,8.219564,-0.35382402,-7.223292,4.5650654,-16.804157,22.974752,-16.884287,66.15721,-24.939411,7.9623575,2.935395,-22.383043,-17.896723,32.079063,60.29065,37.799973,12.571379,-3.1035438
864,-141.5849609375,-116.36642456054688,75.96806335449219,4.742227233817713,-15.566235325182618,-110.12292198443664,18.0831,8.189064,45.849697,23.767416,-20.251478,-2.1731737,17.53781,-7.7372055,1.376478,28.179956,-27.657736,8.851695,-0.2932693,-7.4942856,4.651757,-16.837215,22.971199,-16.868135,66.12964,-24.75402,8.058064,3.001525,-22.41698,-17.898365,32.09207,60.365078,37.84102,12.556465,-3.0269444
865,-141.57472229003906,-116.48370361328125,75.98365783691406,4.921986680416275,-15.448063230197523,-110.47904352408862,18.379099,7.7629576,46.16225,23.103968,-20.04331,-2.179459,16.882608,-8.028954,1.5142459,29.338417,-27.641552,9.68914,-0.23735589,-7.773164,4.7689037,-16.88299,22.971008,-16.874733,66.12203,-24.7795,8.135288,2.98065,-22.476368,-17.89945,32.141026,60.445164,37.846336,12.568854,-2.9874089
866,-141.57614135742188,-116.5962905883789,75.99761199951172,5.095593184727047,-15.348186959297049,-110.81229946871026,18.674965,7.34727,46.44827,22.45602,-19.831936,-2.1945872,16.23609,-8.325369,1.5792472,30.522371,-27.579887,10.687227,-0.1908758,-8.047708,4.9004655,-16.926325,22.980228,-16.924309,66.124825,-24.958887,8.193824,2.9077852,-22.53442,-17.898808,32.212856,60.520775,37.832,12.593446,-2.9762814
867,-141.5830078125,-116.70330810546875,76.01163482666016,5.252673104795366,-15.265138094742989,-111.12040386278464,18.978151,6.9499097,46.7157,21.810497,-19.615356,-2.2156827,15.597418,-8.637927,1.5450057,31.703093,-27.527323,11.697174,-0.14654388,-8.312523,5.0444465,-16.966734,22.995893,-16.992779,66.13266,-25.194857,8.249014,2.8348525,-22.584991,-17.897106,32.2768,60.569546,37.790424,12.605959,-2.9789996
868,-141.59469604492188,-116.81488800048828,76.02692413330078,5.380626820116015,-15.195648646831582,-111.39914860734876,19.291933,6.5842357,46.97053,21.159948,-19.394112,-2.2397873,14.970124,-8.973924,1.3823534,32.837315,-27.526642,12.567512,-0.101038195,-8.56729,5.1844473,-17.005003,23.032322,-17.089886,66.1498,-25.422894,8.315822,2.8126068,-22.621132,-17.891338,32.332134,60.576622,37.747997,12.576372,-2.9863002
869,-141.60487365722656,-116.92059326171875,76.0411605834961,5.485863138339281,-15.142205540374324,-111.65415066768637,19.62498,6.2413173,47.227375,20.492311,-19.165361,-2.2602196,14.346794,-9.335866,1.1137626,33.949238,-27.593315,13.288113,-0.05722905,-8.808656,5.3312063,-17.037813,23.076277,-17.193792,66.16529,-25.615507,8.4138565,2.862567,-22.64194,-17.884708,32.362755,60.53202,37.680183,12.487784,-3.0008626
870,-141.63172912597656,-117.02494812011719,76.05960845947266,5.572743683393549,-15.105184954347102,-111.88608161016522,19.972551,5.9175544,47.47961,19.814482,-18.92966,-2.280184,13.728022,-9.726404,0.7474809,35.049557,-27.697182,13.924779,-0.013521878,-9.039934,5.48428,-17.071177,23.126728,-17.31732,66.187965,-25.816832,8.52991,2.955139,-22.64977,-17.878304,32.38061,60.447826,37.590916,12.358109,-3.0269775
871,-141.66873168945312,-117.13253021240234,76.08360290527344,5.629434162484718,-15.077884792444227,-112.0852745825321,20.317192,5.631049,47.702084,19.14824,-18.694561,-2.3087173,13.132273,-10.163679,0.23649296,36.066708,-27.803898,14.440368,0.028969072,-9.248767,5.6372247,-17.090015,23.176361,-17.426289,66.21335,-25.999453,8.625382,3.0675073,-22.65728,-17.873842,32.379845,60.331345,37.48933,12.220936,-3.049229
872,-141.7059783935547,-117.25106048583984,76.1135482788086,5.644325440528065,-15.05265296307937,-112.24262063194108,20.640781,5.4041367,47.87054,18.519808,-18.469152,-2.3565104,12.581175,-10.663236,-0.4654746,36.925083,-27.876944,14.796808,0.06791653,-9.418125,5.783336,-17.075068,23.214607,-17.479652,66.22973,-26.13057,8.665641,3.1784995,-22.677256,-17.872179,32.35525,60.18959,37.383488,12.110404,-3.0528007
873,-141.75025939941406,-117.36405181884766,76.14987182617188,5.590956972539207,-15.033746586804487,-112.35550000862153,20.930647,5.2857676,47.97646,17.982485,-18.278149,-2.4361997,12.096829,-11.22503,-1.4137925,37.59001,-27.910004,14.969535,0.102787904,-9.528684,5.927587,-17.024984,23.247486,-17.466875,66.25104,-26.188637,8.635518,3.293542,-22.705645,-17.872612,32.285095,59.99963,37.27402,12.03266,-3.02039
874,-141.79771423339844,-117.47349548339844,76.18781280517578,5.523714548362872,-15.023281452239575,-112.4184925220331,21.224354,5.163605,48.02099,17.407269,-18.06263,-2.5279062,11.662595,-11.903794,-2.5813553,38.135506,-27.939869,14.996879,0.12220092,-9.632979,6.070109,-16.942911,23.270365,-17.399384,66.273834,-26.18719,8.555419,3.422653,-22.739136,-17.876432,32.180584,59.76511,37.15469,11.971642,-2.9658911
875,-141.8485107421875,-117.58719635009766,76.23023223876953,5.445426848631863,-15.010785249098353,-112.44691238637127,21.511984,5.0454354,48.030746,16.813053,-17.830315,-2.6210785,11.260165,-12.649609,-3.8589547,38.573784,-27.943876,14.895378,0.14145203,-9.725942,6.199217,-16.834044,23.28298,-17.30139,66.269844,-26.172274,8.446367,3.5421557,-22.787218,-17.883389,32.07978,59.534077,37.029842,11.924487,-2.9154844
876,-141.91259765625,-117.7032470703125,76.27615356445312,5.329911823866188,-14.984692340503646,-112.46738433052867,21.755213,5.0139613,48.04595,16.32037,-17.635996,-2.7172709,10.867241,-13.366874,-5.125511,38.89873,-27.886919,14.669714,0.19730854,-9.778118,6.2918034,-16.724483,23.284399,-17.231295,66.24301,-26.207289,8.324449,3.6309416,-22.851616,-17.887615,32.029686,59.362255,36.918144,11.883221,-2.9017537
877,-141.97357177734375,-117.81440734863281,76.32513427734375,5.1748337611311594,-14.93882506029956,-112.48528973586757,21.952293,5.0708456,48.075005,15.922188,-17.473112,-2.813531,10.470976,-14.066093,-6.413589,39.117035,-27.758512,14.246228,0.2548888,-9.76759,6.3840017,-16.49275,23.291582,-17.036133,66.02486,-26.228458,8.19378,3.6687543,-22.974415,-17.908312,32.01287,59.2273,36.749256,11.876844,-2.9262567
878,-142.04627990722656,-117.92887115478516,76.3758773803711,4.986341584440668,-14.87945111571313,-112.48863772870692,22.111242,5.1983457,48.09955,15.597988,-17.334362,-2.9114466,10.087365,-14.775592,-7.770715,39.229713,-27.584667,13.6457615,0.3344926,-9.721196,6.4410872,-16.238737,23.296192,-16.84955,65.76925,-26.294762,8.037163,3.6754057,-23.115868,-17.930002,32.050026,59.129314,36.588867,11.884747,-2.9885228
879,-142.13211059570312,-118.0439224243164,76.42801666259766,4.789783317166963,-14.817213947154876,-112.4724997989995,22.25763,5.3451624,48.110504,15.290761,-17.198843,-3.0101955,9.73627,-15.476986,-9.105189,39.23147,-27.3909,13.030549,0.42105588,-9.66303,6.4861803,-15.96021,23.298574,-16.642422,65.47348,-26.360645,7.8792434,3.665058,-23.269941,-17.954073,32.115807,59.059326,36.44711,11.891392,-3.054666
880,-142.2192840576172,-118.1568603515625,76.47760772705078,4.608787991756012,-14.762584015879746,-112.43127736367802,22.413853,5.4650254,48.09916,14.955215,-17.04876,-3.1069095,9.432992,-16.144556,-10.322247,39.111813,-27.19328,12.56208,0.49578527,-9.61574,6.5322933,-15.663151,23.299511,-16.404781,65.15494,-26.399231,7.7419457,3.6513746,-23.42295,-17.986794,32.215103,59.003994,36.36041,11.877145,-3.0982487
881,-142.310302734375,-118.2712173461914,76.52252960205078,4.444632480771703,-14.718339128423862,-112.36404873050601,22.591953,5.5435653,48.066185,14.562489,-16.877165,-3.2020555,9.197584,-16.785954,-11.456188,38.82891,-27.003164,12.289272,0.5989559,-9.595604,6.5737634,-15.400614,23.29536,-16.214798,64.86246,-26.442192,7.6171308,3.6303,-23.55231,-18.01551,32.301907,58.980286,36.332344,11.824424,-3.109941
882,-142.40805053710938,-118.39347839355469,76.56981658935547,4.28746981255267,-14.678366191947294,-112.27376358744868,22.777912,5.6074276,48.015045,14.144486,-16.69121,-3.2965512,9.013898,-17.401066,-12.540651,38.39651,-26.802988,12.128827,0.7049753,-9.578491,6.6089067,-15.1243105,23.286385,-16.01198,64.54725,-26.477346,7.4986577,3.594482,-23.683756,-18.049753,32.41597,58.985054,36.353844,11.748937,-3.105525
883,-142.511962890625,-118.51652526855469,76.6146011352539,4.138496791940868,-14.641576675831729,-112.1591228364406,22.95588,5.6698923,47.94115,13.7399845,-16.510084,-3.3884025,8.835437,-17.95319,-13.476019,37.889935,-26.563934,12.040361,0.82024705,-9.572741,6.6449103,-14.862125,23.272738,-15.805805,64.2372,-26.485771,7.404527,3.568928,-23.802631,-18.08567,32.529922,58.994484,36.391636,11.673734,-3.0893428
884,-142.619140625,-118.6294174194336,76.65115356445312,4.001443608499757,-14.60565595902688,-112.0199228560481,23.113787,5.739104,47.840687,13.375062,-16.344044,-3.475849,8.614327,-18.417038,-14.156967,37.384197,-26.257524,11.980512,0.9213673,-9.573562,6.691666,-14.610067,23.247553,-15.546349,63.93683,-26.425049,7.352373,3.573218,-23.910652,-18.136856,32.66015,58.976597,36.429073,11.623616,-3.0666893
885,-142.73892211914062,-118.72300720214844,76.67855072021484,3.87923808997285,-14.570271597779731,-111.86005797353508,23.248495,5.8166094,47.715317,13.060195,-16.198687,-3.5535188,8.333962,-18.78169,-14.538881,36.877777,-25.873459,11.948104,1.0645599,-9.610346,6.747363,-14.441705,23.21691,-15.307821,63.705574,-26.294783,7.3614535,3.6304772,-23.98438,-18.179825,32.735943,58.942528,36.440975,11.603281,-3.026617
886,-142.86256408691406,-118.82518768310547,76.70425415039062,3.7684477274700594,-14.536507474109184,-111.67836628200226,23.366146,5.898938,47.56634,12.781041,-16.06769,-3.624248,8.01546,-19.064629,-14.67821,36.334953,-25.424648,11.960994,1.2158295,-9.66163,6.810187,-14.303596,23.17273,-15.039446,63.49746,-26.095707,7.417401,3.7220473,-24.04548,-18.227505,32.807858,58.898746,36.45283,11.601763,-2.9721808
887,-142.99026489257812,-118.9350357055664,76.73311614990234,3.668130873124069,-14.504319261286517,-111.4661005146601,23.468409,5.9840217,47.38734,12.527049,-15.94577,-3.696289,7.665935,-19.282906,-14.620427,35.784954,-24.922516,12.001227,1.3589836,-9.713588,6.8758125,-14.190039,23.110819,-14.767761,63.32212,-25.877512,7.4835405,3.820575,-24.089159,-18.285654,32.882942,58.844967,36.462563,11.610531,-2.920603
888,-143.12924194335938,-119.04911041259766,76.76060485839844,3.573268488954568,-14.474843529231507,-111.21376256054431,23.55506,6.071811,47.17143,12.2932205,-15.83017,-3.7778947,7.2927966,-19.456684,-14.41046,35.25937,-24.380026,12.051207,1.4930176,-9.768764,6.940068,-14.109956,23.046106,-14.550551,63.196568,-25.70517,7.5250435,3.8981519,-24.105106,-18.343246,32.94263,58.788765,36.458374,11.618709,-2.8871574
889,-143.2720947265625,-119.15694427490234,76.78033447265625,3.4877326720436415,-14.452186116784684,-110.91882234412472,23.639494,6.1544666,46.91711,12.057194,-15.71031,-3.8738906,6.8902926,-19.57606,-14.012079,34.772545,-23.758347,12.109462,1.6122949,-9.835232,7.006716,-14.048869,22.992607,-14.37958,63.109646,-25.578978,7.532502,3.9449224,-24.094513,-18.388296,32.989216,58.73488,36.43041,11.626195,-2.880403
890,-143.4238739013672,-119.26345825195312,76.79548645019531,3.408594510294851,-14.434893667518395,-110.58585474779176,23.719017,6.2335114,46.627796,11.824397,-15.590908,-3.9789555,6.4586678,-19.63687,-13.414945,34.30532,-23.064781,12.184342,1.7203947,-9.918102,7.0757413,-14.004872,22.95451,-14.239964,63.05202,-25.477703,7.526522,3.9749112,-24.065798,-18.417051,33.025833,58.68714,36.385582,11.636147,-2.8898623
891,-143.57373046875,-119.36968231201172,76.8062515258789,3.338227433897785,-14.41260382302293,-110.2184144476965,23.76744,6.324856,46.304005,11.63977,-15.490772,-4.085073,6.013898,-19.667345,-12.704092,33.842163,-22.384092,12.273338,1.8026396,-9.999501,7.140881,-13.968015,22.919357,-14.122462,63.012283,-25.40873,7.5178375,3.9946744,-24.030827,-18.441792,33.06365,58.642326,36.339294,11.645784,-2.9044583
892,-143.739501953125,-119.47317504882812,76.81422424316406,3.2736139739854067,-14.375775386317558,-109.81903820571195,23.758625,6.442941,45.945972,11.542967,-15.429311,-4.1846943,5.5699425,-19.696737,-11.96524,33.36833,-21.80113,12.372612,1.8715882,-10.086506,7.1938,-13.959189,22.904526,-14.077025,62.999676,-25.410341,7.520877,4.0096436,-23.989914,-18.452074,33.07551,58.608585,36.296623,11.648013,-2.9094105
893,-143.9090576171875,-119.57518768310547,76.81983947753906,3.217727117039404,-14.31929222339655,-109.38119731936,23.6823,6.5892982,45.547176,11.541195,-15.409509,-4.273573,5.1209307,-19.72066,-11.185056,32.8845,-21.347511,12.487316,1.8988814,-10.166154,7.233279,-13.95281,22.902357,-14.085325,62.993,-25.497168,7.526713,4.0162497,-23.954525,-18.454718,33.077442,58.586205,36.2624,11.644285,-2.8982568
894,-144.08399963378906,-119.67681884765625,76.8231201171875,3.168690086493936,-14.248954598195548,-108.9053391676958,23.550087,6.7590513,45.108833,11.62021,-15.4249735,-4.356954,4.6648884,-19.72812,-10.330896,32.39537,-20.974527,12.6163845,1.8989654,-10.244086,7.2611012,-13.964927,22.910969,-14.153768,63.01079,-25.65843,7.5319676,4.0138583,-23.909382,-18.45284,33.06629,58.567223,36.23365,11.635589,-2.8790019
895,-144.26019287109375,-119.77490234375,76.82124328613281,3.126364901241391,-14.17171050873611,-108.40641224076573,23.38541,6.93818,44.64501,11.743905,-15.45844,-4.4405055,4.2193327,-19.73591,-9.457993,31.894325,-20.647509,12.747414,1.9071378,-10.331341,7.2833853,-14.014487,22.934166,-14.27816,63.06291,-25.845844,7.5570197,4.010756,-23.845823,-18.444397,33.02694,58.54232,36.20427,11.623677,-2.8629906
896,-144.44241333007812,-119.88042449951172,76.81768798828125,3.0933359285509345,-14.093267453725304,-107.89909016271653,23.208057,7.1175437,44.169426,11.886329,-15.497773,-4.52997,3.8016562,-19.761734,-8.62233,31.372044,-20.330088,12.867268,1.9519533,-10.443239,7.3128037,-14.097091,22.992975,-14.436985,63.12634,-26.0019,7.6272616,4.0122557,-23.759485,-18.419867,32.936043,58.497932,36.15909,11.611695,-2.8585534
897,-144.62435913085938,-119.98363494873047,76.81098937988281,3.065448248342452,-14.013251069811545,-107.37926505102178,23.01025,7.30178,43.677494,12.0605135,-15.548148,-4.626112,3.4123018,-19.803568,-7.812703,30.818748,-20.029663,12.990036,1.9712753,-10.551324,7.345629,-14.148734,23.060614,-14.51555,63.154583,-26.0496,7.7646055,4.0141225,-23.69476,-18.386515,32.87147,58.44533,36.12345,11.600279,-2.8853414
898,-144.81640625,-120.0846939086914,76.80220794677734,3.0443199389448163,-13.928811873553915,-106.84176360747915,22.78245,7.4965158,43.1644,12.2818365,-15.617648,-4.726441,3.042914,-19.854734,-7.008277,30.241375,-19.759735,13.116341,1.9705342,-10.636509,7.3736534,-14.204101,23.09769,-14.550602,63.19604,-26.025282,7.9436827,4.0216336,-23.636211,-18.365088,32.831654,58.383095,36.102592,11.589482,-2.9361997
899,-145.0101776123047,-120.18578338623047,76.79052734375,3.030192004506825,-13.845068269144102,-106.299478465274,22.555332,7.6821833,42.644558,12.49385,-15.680392,-4.831804,2.6966097,-19.923706,-6.250038,29.655779,-19.491955,13.213791,1.9824669,-10.733045,7.406025,-14.257315,23.16052,-14.594506,63.229374,-26.011885,8.132551,4.0352945,-23.585129,-18.326515,32.77833,58.32796,36.06827,11.578499,-2.9799814
900,-145.20993041992188,-120.29045867919922,76.77835845947266,3.0236852455495273,-13.766934249097032,-105.76553602024454,22.354424,7.846309,42.132225,12.654699,-15.717757,-4.9426203,2.3725717,-20.017971,-5.5778513,29.083334,-19.198584,13.250698,1.9982338,-10.823189,7.4437165,-14.276709,23.230776,-14.620057,63.239105,-26.04999,8.286547,4.063832,-23.566185,-18.278948,32.75185,58.29756,36.02249,11.570162,-2.9953585
901,-145.41017150878906,-120.4001693725586,76.76686096191406,3.024652794871021,-13.698227602789181,-105.24379087037589,22.192905,7.9819117,41.632442,12.744452,-15.7214775,-5.05982,2.064106,-20.139221,-4.974446,28.535204,-18.860825,13.193141,2.028182,-10.8941965,7.490404,-14.2733555,23.282995,-14.629113,63.245445,-26.163828,8.386909,4.121591,-23.574362,-18.240324,32.75451,58.285416,35.961838,11.564661,-2.967837
902,-145.60897827148438,-120.5079345703125,76.75240325927734,3.0323235243222846,-13.635500184959314,-104.72724168996699,22.05271,8.099441,41.137047,12.794777,-15.705998,-5.182299,1.7685665,-20.281616,-4.427712,28.004642,-18.498232,13.066589,2.0675209,-10.957715,7.5439444,-14.249875,23.335752,-14.62533,63.241764,-26.325905,8.459878,4.1993136,-23.605364,-18.1982,32.774693,58.28882,35.889233,11.56049,-2.912743
903,-145.8186798095703,-120.61735534667969,76.7378921508789,3.046108707205639,-13.574466160468521,-104.21241431684574,21.92141,8.2082405,40.642555,12.826079,-15.679129,-5.3090124,1.5029836,-20.450644,-3.9870946,27.467728,-18.142693,12.93062,2.1145568,-11.011906,7.59695,-14.2191515,23.38299,-14.617057,63.23468,-26.492723,8.519118,4.2810082,-23.64971,-18.158195,32.8085,58.30221,35.813137,11.561088,-2.8515139
904,-146.03384399414062,-120.73335266113281,76.72505187988281,3.0656899721300204,-13.510286438917001,-103.69611388517275,21.784285,8.318467,40.14467,12.863098,-15.651276,-5.438847,1.2863098,-20.649021,-3.702953,26.896,-17.823643,12.844079,2.1663735,-11.059707,7.641757,-14.190374,23.427181,-14.613724,63.226143,-26.62349,8.579457,4.3491945,-23.702383,-18.120201,32.853138,58.32504,35.74412,11.569125,-2.8056152
905,-146.25563049316406,-120.84671020507812,76.70755004882812,3.097414808125907,-13.441439880253755,-103.1845007938679,21.64869,8.415166,39.649887,12.887169,-15.615304,-5.5690894,1.1261483,-20.890158,-3.592372,26.259403,-17.537474,12.836732,2.2276647,-11.106751,7.6784096,-14.163276,23.472944,-14.623523,63.219414,-26.711584,8.638934,4.397092,-23.767637,-18.08131,32.912262,58.355404,35.681034,11.589207,-2.7800817
906,-146.48243713378906,-120.97044372558594,76.68872833251953,3.1400577901955016,-13.37063683909932,-102.67684355877385,21.520002,8.498067,39.15785,12.891079,-15.567583,-5.701659,1.0130043,-21.167656,-3.6288803,25.578098,-17.27106,12.873936,2.291777,-11.15632,7.708945,-14.120074,23.531303,-14.633848,63.198807,-26.779818,8.694202,4.432585,-23.85716,-18.031513,32.991,58.40645,35.619583,11.616874,-2.7633362
907,-146.70875549316406,-121.0836181640625,76.66863250732422,3.1793686663886978,-13.30020822053159,-102.15950632452049,21.376574,8.602026,38.65485,12.926602,-15.531004,-5.838223,0.9392115,-21.453564,-3.7969315,24.901825,-17.04007,12.918278,2.3590026,-11.192436,7.7353725,-14.08316,23.581978,-14.643285,63.17202,-26.827936,8.752713,4.464883,-23.940216,-17.987646,33.06709,58.457733,35.562256,11.646969,-2.7522645
908,-146.9484405517578,-121.21000671386719,76.64846801757812,3.197177967432911,-13.232731356082258,-101.6179968744526,21.195591,8.761038,38.126255,13.045769,-15.528163,-5.980357,0.89835757,-21.723114,-4.081079,24.279362,-16.860136,12.93198,2.412776,-11.210947,7.756008,-14.043397,23.633808,-14.635803,63.11571,-26.862047,8.827014,4.498534,-24.01007,-17.9407,33.13299,58.514492,35.51191,11.67068,-2.7441504
909,-147.19204711914062,-121.34011840820312,76.62630462646484,3.197133263948372,-13.159484166820123,-101.04872206538832,20.961039,8.976286,37.568253,13.2638035,-15.566576,-6.129603,0.88841116,-21.990936,-4.508193,23.70065,-16.77219,12.90453,2.4581501,-11.211828,7.7617507,-14.008008,23.675081,-14.608669,63.025272,-26.879486,8.926287,4.539911,-24.054369,-17.900993,33.179615,58.57188,35.461628,11.6886,-2.7423162
910,-147.45059204101562,-121.46538543701172,76.60254669189453,3.187086456682682,-13.082542012902532,-100.46005796687759,20.691616,9.227508,36.988888,13.543804,-15.629799,-6.2852216,0.91578466,-22.263231,-5.0771103,23.147173,-16.755604,12.858137,2.5192134,-11.191641,7.7583013,-14.007393,23.687744,-14.592367,62.939617,-26.879454,9.037939,4.588521,-24.059855,-17.888552,33.197212,58.6116,35.410892,11.706588,-2.746323
911,-147.7077178955078,-121.58766174316406,76.58080291748047,3.1494825672732767,-13.016556123705906,-99.85148454124088,20.399212,9.533241,36.386242,13.889793,-15.716764,-6.446389,0.9842655,-22.495008,-5.735693,22.65467,-16.734701,12.800388,2.544204,-11.148691,7.757799,-13.972789,23.72169,-14.542488,62.813942,-26.863588,9.154012,4.62779,-24.084671,-17.855759,33.23611,58.672806,35.380733,11.7175455,-2.7495446
912,-147.98654174804688,-121.712158203125,76.56547546386719,3.0767871960064324,-12.979790578215455,-99.22809743456386,20.124561,9.885356,35.76572,14.2477255,-15.80296,-6.6111546,1.0932659,-22.653006,-6.4208207,22.270176,-16.638454,12.738449,2.5517414,-11.073779,7.7828526,-13.940261,23.767893,-14.495331,62.700962,-26.835365,9.25332,4.6532145,-24.118704,-17.811014,33.280155,58.7403,35.381268,11.7217245,-2.742931
913,-148.2686004638672,-121.8407974243164,76.55599975585938,2.9523745419490424,-12.97818295496473,-98.5840506665547,19.861692,10.309202,35.11796,14.644635,-15.897498,-6.776888,1.2690083,-22.731215,-7.1994886,21.961395,-16.43292,12.70881,2.5596905,-10.945907,7.8432093,-13.9487,23.802164,-14.476441,62.644524,-26.78455,9.325485,4.6654496,-24.140083,-17.779516,33.309856,58.795235,35.42083,11.720303,-2.7188978
914,-148.54457092285156,-121.96637725830078,76.54773712158203,2.7850329454349847,-13.000799128934085,-97.91897695021218,19.599352,10.794341,34.443134,15.080819,-16.001987,-6.9458613,1.5004504,-22.746622,-8.074612,21.724703,-16.16217,12.693245,2.5574431,-10.778059,7.9270267,-13.972758,23.839191,-14.466478,62.608147,-26.715298,9.383573,4.6657214,-24.15645,-17.74816,33.33378,58.84672,35.49122,11.712892,-2.6835592
915,-148.82862854003906,-122.09512329101562,76.54003143310547,2.597519592868397,-13.03779584850685,-97.24264868828493,19.342415,11.305731,33.75528,15.522003,-16.103642,-7.123069,1.7405893,-22.693,-8.897143,21.620975,-15.866737,12.6154785,2.5557454,-10.577306,8.021466,-14.023788,23.856918,-14.476273,62.599815,-26.641926,9.428664,4.665273,-24.15731,-17.736063,33.35032,58.882607,35.57651,11.704074,-2.6480052
916,-149.1214141845703,-122.22491455078125,76.53186798095703,2.414044649920645,-13.08023571984685,-96.56501387046217,19.098234,11.8076105,33.069252,15.933263,-16.190298,-7.313906,1.945319,-22.56543,-9.520486,21.70264,-15.586544,12.399839,2.5477798,-10.373301,8.11112,-14.081291,23.880075,-14.507743,62.59314,-26.594536,9.470322,4.665992,-24.152035,-17.724295,33.37349,58.911716,35.665688,11.692655,-2.6249526
917,-149.42100524902344,-122.35919189453125,76.52336120605469,2.2328084410365103,-13.130904086643548,-95.88646324991981,18.870638,12.305862,32.38943,16.315948,-16.262758,-7.5255327,2.0694475,-22.336035,-9.858951,22.077908,-15.317015,11.950896,2.5377836,-10.165647,8.200914,-14.149732,23.921267,-14.579366,62.586906,-26.579973,9.5121355,4.665375,-24.137686,-17.710577,33.399532,58.92808,35.760944,11.678678,-2.6124814
918,-149.7226104736328,-122.5019302368164,76.51200103759766,2.04205472397164,-13.193049394175748,-95.20256130124388,18.659695,12.81253,31.708445,16.679691,-16.324532,-7.7536073,2.1570277,-22.01648,-10.014184,22.661604,-15.028965,11.338277,2.5148325,-9.926954,8.299068,-14.221711,23.939363,-14.643575,62.58391,-26.552977,9.545554,4.665421,-24.128782,-17.708508,33.431812,58.940937,35.858967,11.665482,-2.6038296
919,-150.0321044921875,-122.64302062988281,76.49036407470703,1.8601381306076816,-13.257738178179205,-94.51635992160246,18.457275,13.302804,31.023397,17.020245,-16.375784,-7.984775,2.2592714,-21.665257,-10.10402,23.287735,-14.74308,10.730722,2.5020573,-9.703218,8.382926,-14.321807,23.972393,-14.762251,62.60674,-26.57874,9.572043,4.669093,-24.089672,-17.710785,33.462032,58.936867,35.969753,11.646583,-2.610966
920,-150.3511962890625,-122.7834701538086,76.45883178710938,1.7076342977955612,-13.318803511734975,-93.83198664351683,18.255869,13.752792,30.332277,17.337082,-16.418856,-8.205599,2.4322524,-21.347616,-10.238488,23.793316,-14.4930105,10.292323,2.4864845,-9.50303,8.455114,-14.398468,24.004002,-14.858958,62.598694,-26.62117,9.589881,4.682527,-24.035196,-17.718359,33.473503,58.92027,36.05102,11.629218,-2.6330695
921,-150.6677703857422,-122.92821502685547,76.4194107055664,1.6056869895594943,-13.372978615381177,-93.15390790636224,18.059942,14.128955,29.637457,17.607273,-16.442684,-8.411347,2.6690736,-21.077875,-10.355805,24.170208,-14.285268,10.047495,2.4596176,-9.340797,8.508833,-14.444288,24.019077,-14.905277,62.56,-26.690786,9.596264,4.696537,-23.987526,-17.723978,33.4879,58.920383,36.096558,11.612788,-2.68154
922,-150.98924255371094,-123.08158874511719,76.37904357910156,1.5396397521948118,-13.423815816403682,-92.47721236966191,17.863142,14.459959,28.936638,17.853579,-16.45637,-8.609261,2.946245,-20.820599,-10.425815,24.499722,-14.107659,9.911927,2.4317074,-9.209876,8.544014,-14.491763,24.035088,-14.954835,62.521347,-26.807018,9.593149,4.710291,-23.919249,-17.732359,33.502407,58.91005,36.12937,11.594442,-2.754999
923,-151.32046508789062,-123.24705505371094,76.3420639038086,1.4693817439514267,-13.479570625932544,-91.79763377830746,17.667336,14.794375,28.231054,18.09622,-16.468884,-8.803447,3.2964602,-20.579414,-10.592344,24.7532,-13.975391,9.884823,2.3997014,-9.075728,8.5661745,-14.527804,24.050789,-15.01316,62.473503,-26.927732,9.580937,4.749127,-23.831478,-17.744398,33.507122,58.88475,36.162464,11.573041,-2.832713
924,-151.66094970703125,-123.41596984863281,76.30979919433594,1.3551175218142146,-13.545633478484344,-91.10861186242549,17.468071,15.186942,27.51743,18.364109,-16.49333,-8.9983635,3.7544196,-20.349081,-11.004224,24.896168,-13.900176,9.964699,2.3520744,-8.89432,8.579629,-14.53457,24.064949,-15.07332,62.40552,-26.997473,9.558385,4.8365865,-23.73298,-17.76293,33.4885,58.84847,36.196735,11.548058,-2.8912234
925,-152.0028839111328,-123.58919525146484,76.27545928955078,1.1880774215611563,-13.62683552895265,-90.4127516734485,17.268158,15.651765,26.795639,18.67499,-16.543137,-9.189448,4.355981,-20.14451,-11.752321,24.89811,-13.890298,10.214801,2.2938063,-8.655766,8.584269,-14.507818,24.070778,-15.147445,62.32044,-27.017305,9.512598,5.01978,-23.60778,-17.791796,33.44348,58.791595,36.230076,11.502732,-2.9338257
926,-152.34034729003906,-123.76696014404297,76.24209594726562,0.9895731361275425,-13.71758044910302,-89.71173742453637,17.070705,16.1579,26.067165,19.003622,-16.604824,-9.37612,5.073876,-19.958803,-12.737809,24.786291,-13.934398,10.615443,2.1953764,-8.375685,8.572526,-14.424445,24.067741,-15.1860695,62.20597,-26.994884,9.447942,5.2705617,-23.504408,-17.800356,33.41786,58.7648,36.266163,11.438953,-2.971629
927,-152.6819610595703,-123.94945526123047,76.21086120605469,0.7579755395168472,-13.80619655481002,-88.99685852180922,16.860092,16.700188,25.326523,19.334259,-16.661377,-9.570638,5.8485785,-19.745234,-13.827731,24.605131,-14.013388,11.040486,2.1074817,-8.065635,8.544959,-14.365457,24.05186,-15.264039,62.114536,-26.94225,9.385769,5.5130596,-23.375631,-17.823097,33.347153,58.720528,36.30653,11.394524,-2.9904473
928,-153.0196533203125,-124.1374282836914,76.18439483642578,0.4934851316718943,-13.882507734534732,-88.259917590806,16.624958,17.270292,24.569628,19.645954,-16.693752,-9.784496,6.618818,-19.45814,-14.887609,24.398014,-14.112862,11.36333,2.0122478,-7.7265964,8.50405,-14.358674,24.018194,-15.346835,62.067265,-26.836857,9.349841,5.6597943,-23.255323,-17.86121,33.24947,58.671185,36.36964,11.403526,-2.9805393
929,-153.35842895507812,-124.32260131835938,76.16416931152344,0.18696333114665903,-13.945561966509937,-87.48210873694354,16.358034,17.877655,23.780363,19.935246,-16.698555,-10.030679,7.3954935,-19.08095,-15.914444,24.146738,-14.238175,11.564703,1.8605525,-7.3562775,8.44497,-14.345539,23.989866,-15.374221,62.008434,-26.636475,9.353494,5.666617,-23.185156,-17.887774,33.150517,58.639137,36.47388,11.4858,-2.9300952
930,-153.70172119140625,-124.509765625,76.14551544189453,-0.15783626251785834,-13.999108196199021,-86.67385651186999,16.068666,18.521725,22.96532,20.207697,-16.683655,-10.299848,8.20048,-18.630457,-16.966776,23.828506,-14.391482,11.707815,1.7133923,-6.947424,8.375377,-14.396204,23.93055,-15.417676,62.002342,-26.359013,9.374891,5.591484,-23.094292,-17.942186,32.988598,58.571682,36.591084,11.625955,-2.8447225
931,-154.0454864501953,-124.69380950927734,76.13221740722656,-0.5208694043203811,-14.038598730803983,-85.86912312067918,15.7618265,19.180758,22.149055,20.468319,-16.65269,-10.57058,8.990323,-18.128126,-18.002193,23.479681,-14.557365,11.791184,1.5721298,-6.511151,8.292244,-14.479889,23.85016,-15.481654,62.031494,-26.084387,9.407814,5.4844465,-23.00193,-18.021595,32.833088,58.505306,36.724243,11.784388,-2.75253
932,-154.3888397216797,-124.87966918945312,76.1244125366211,-0.8788548321841305,-14.061311418326216,-85.10304276578708,15.44407,19.833645,21.357958,20.722084,-16.60878,-10.82118,9.720649,-17.599932,-18.97844,23.145472,-14.724905,11.813139,1.4475864,-6.0727572,8.198582,-14.571506,23.77885,-15.575556,62.07458,-25.891932,9.449609,5.392669,-22.923622,-18.101229,32.725246,58.476627,36.857716,11.921799,-2.678119
933,-154.74197387695312,-125.0615463256836,76.1158218383789,-1.2368241313879105,-14.061309081867963,-84.38073589274242,15.109286,20.49039,20.593975,20.965675,-16.544752,-11.058143,10.380447,-17.03721,-19.890066,22.831455,-14.898642,11.749326,1.3401378,-5.634388,8.085071,-14.6628,23.734865,-15.705253,62.118847,-25.81588,9.510799,5.310945,-22.88157,-18.161507,32.68656,58.526043,36.996555,12.034928,-2.6269422
934,-155.09339904785156,-125.2415542602539,76.10859680175781,-1.602950210583209,-14.042105036552952,-83.68525976719054,14.7567425,21.156784,19.843924,21.196814,-16.46059,-11.288703,10.993202,-16.434872,-20.756805,22.51576,-15.083396,11.608901,1.2375145,-5.191072,7.953573,-14.753365,23.712967,-15.854218,62.16358,-25.809584,9.59187,5.2176127,-22.874899,-18.202478,32.695942,58.63799,37.14428,12.140534,-2.5858788
935,-155.43421936035156,-125.41878509521484,76.09991455078125,-1.956968714296115,-14.015704133039579,-83.01819011715614,14.397828,21.807062,19.111805,21.425186,-16.370508,-11.492849,11.567244,-15.824873,-21.576391,22.206131,-15.269177,11.439638,1.1338695,-4.7558484,7.8211308,-14.833985,23.704304,-16.006548,62.209908,-25.833284,9.674652,5.1369305,-22.886826,-18.229519,32.72492,58.772728,37.27645,12.228993,-2.5511284
936,-155.77151489257812,-125.59468841552734,76.0892333984375,-2.280600983474075,-13.994087598644038,-82.38058119990424,14.042742,22.415808,18.402538,21.663897,-16.29003,-11.649866,12.110987,-15.241042,-22.346884,21.914412,-15.448058,11.289757,1.0100981,-4.341412,7.710013,-14.878422,23.70361,-16.11765,62.24237,-25.834234,9.742114,5.089467,-22.906393,-18.241653,32.74728,58.886726,37.359604,12.292377,-2.518818
937,-156.10240173339844,-125.76243591308594,76.07479095458984,-2.5717075281748687,-13.979548788978612,-81.7744343416178,13.689632,22.980446,17.715622,21.919306,-16.224285,-11.748471,12.624152,-14.688088,-23.067204,21.644585,-15.615978,11.166817,0.9225517,-3.9574144,7.601411,-14.976801,23.70503,-16.325197,62.353546,-25.867718,9.79094,5.1016226,-22.8718,-18.260113,32.73672,58.952946,37.41931,12.31392,-2.485834
938,-156.43234252929688,-125.93144226074219,76.05873107910156,-2.8390023634582224,-13.967587121601253,-81.19845456786356,13.333631,23.51389,17.050003,22.185286,-16.164251,-11.801061,13.106191,-14.152779,-23.740252,21.39127,-15.77861,11.04682,0.81974226,-3.5848136,7.511636,-15.045067,23.711266,-16.498034,62.450417,-25.882263,9.8345,5.1471267,-22.849623,-18.269234,32.72289,59.010292,37.434517,12.309142,-2.4493923
939,-156.75912475585938,-126.09490203857422,76.04006958007812,-3.08256436200834,-13.958518663607661,-80.64887612554459,12.978756,24.015194,16.409763,22.459518,-16.10729,-11.823335,13.55765,-13.6417265,-24.370874,21.165627,-15.949152,10.930901,0.70517707,-3.2280095,7.4340134,-15.086344,23.719746,-16.640114,62.53929,-25.8998,9.858673,5.2063227,-22.83602,-18.270826,32.714428,59.05475,37.418056,12.294293,-2.4272432
940,-157.0810546875,-126.25273132324219,76.02003479003906,-3.299981496171784,-13.953252548364198,-80.12247293223997,12.633417,24.482464,15.801053,22.732506,-16.046854,-11.831289,13.98199,-13.160244,-24.964478,20.97181,-16.137152,10.819359,0.61246127,-2.9058568,7.3579445,-15.153486,23.732252,-16.810446,62.670288,-25.95978,9.847483,5.2591414,-22.799183,-18.26751,32.68113,59.06963,37.373466,12.285017,-2.4353495
941,-157.3911590576172,-126.40927124023438,75.99654388427734,-3.4893570438526624,-13.955197101014138,-79.62121484574438,12.304101,24.913176,15.227097,23.001793,-15.985611,-11.829485,14.374683,-12.714201,-25.515377,20.824764,-16.354424,10.714285,0.522567,-2.6107018,7.2967763,-15.199821,23.744085,-16.948456,62.796005,-26.039062,9.792742,5.304457,-22.762344,-18.259659,32.6344,59.058273,37.283154,12.287714,-2.4850874
942,-157.69393920898438,-126.56014251708984,75.97151947021484,-3.6532036975750746,-13.963722631811201,-79.14535936198541,11.984892,25.311235,14.684969,23.275726,-15.927341,-11.809468,14.736593,-12.300886,-26.02467,20.720402,-16.594267,10.614247,0.4189892,-2.331344,7.2514944,-15.209625,23.751955,-17.035986,62.905334,-26.123396,9.703473,5.351003,-22.734766,-18.250805,32.597862,59.02399,37.158825,12.293817,-2.5672164
943,-158.0055694580078,-126.71186065673828,75.94245147705078,-3.7952255376004604,-13.974493688288662,-78.6898473495091,11.665093,25.683386,14.170885,23.560902,-15.866192,-11.7668295,15.076803,-11.914702,-26.507738,20.638561,-16.840593,10.515491,0.35089335,-2.0903487,7.200887,-15.272867,23.767664,-17.191961,63.076916,-26.252617,9.595116,5.395307,-22.678667,-18.224041,32.506542,58.97607,37.003983,12.298458,-2.6565194
944,-158.3061981201172,-126.85926055908203,75.91388702392578,-3.923598302541264,-13.982484815564888,-78.24825628713882,11.329165,26.038818,13.6778345,23.872757,-15.801408,-11.697839,15.404737,-11.547168,-26.980427,20.556438,-17.07584,10.414013,0.24520952,-1.8496352,7.1530375,-15.292395,23.780767,-17.300753,63.21956,-26.37611,9.487991,5.426611,-22.650196,-18.198349,32.44762,58.929085,36.862,12.306896,-2.734354
945,-158.59437561035156,-127.00174713134766,75.88773345947266,-4.042248444460926,-13.986796318898948,-77.81297431287042,10.9591055,26.376118,13.155815,24.225893,-15.748503,-11.587676,15.720658,-11.196895,-27.454544,20.47727,-17.299204,10.309488,0.1136933,-1.6132054,7.103538,-15.299801,23.794174,-17.406033,63.370853,-26.516495,9.37687,5.4445643,-22.628262,-18.173798,32.395714,58.86727,36.72692,12.317797,-2.796643
946,-158.8885955810547,-127.14599609375,75.86531829833984,-4.148102865749489,-13.990627232786062,-77.38915755335566,10.570844,26.690928,12.626178,24.604576,-15.702518,-11.442992,16.020374,-10.867447,-27.919815,20.40918,-17.517986,10.203218,-0.051462796,-1.376681,7.061775,-15.274976,23.80255,-17.473507,63.51045,-26.65978,9.255281,5.4510965,-22.619595,-18.160711,32.36633,58.78264,36.594963,12.333818,-2.854939
947,-159.1669464111328,-127.28144073486328,75.84412384033203,-4.231143682389598,-13.994328377228017,-76.98997773779043,10.192951,26.990574,12.185882,24.991106,-15.630753,-11.29311,16.30332,-10.560036,-28.360842,20.342993,-17.730446,10.09373,-0.15529892,-1.1942124,7.0035076,-15.321087,23.83393,-17.651077,63.704502,-26.853287,9.139022,5.4532137,-22.578241,-18.111717,32.257004,58.71232,36.442245,12.345603,-2.903035
948,-159.44427490234375,-127.41593170166016,75.83000946044922,-4.287317475344268,-13.999155772554797,-76.628996189663,9.857878,27.285492,11.934524,25.365824,-15.503516,-11.166607,16.574736,-10.272097,-28.76151,20.258455,-17.928837,9.980159,-0.29914942,-1.0007517,6.9598675,-15.285921,23.843643,-17.696777,63.8039,-26.981867,9.041838,5.4416733,-22.568731,-18.097263,32.226543,58.631664,36.328545,12.368225,-2.9500728
949,-159.72348022460938,-127.54877471923828,75.81836700439453,-4.320588860385843,-14.002728656883678,-76.3104502351381,9.583499,27.591688,11.917002,25.70617,-15.300583,-11.105262,16.831978,-9.994937,-29.116665,20.150373,-18.113125,9.861751,-0.38472718,-0.85054266,6.9025316,-15.279237,23.871952,-17.792923,63.890713,-27.123272,8.971863,5.422147,-22.540514,-18.056795,32.141556,58.571636,36.209354,12.390068,-2.984258
950,-159.99749755859375,-127.6728286743164,75.81281280517578,-4.333725599389569,-14.006424840466538,-76.02766162134475,9.349769,27.903692,12.074591,26.034727,-15.044143,-11.0817995,17.075459,-9.731949,-29.43574,20.02669,-18.284706,9.739223,-0.4763282,-0.7079809,6.846616,-15.238455,23.897095,-17.838865,63.92828,-27.242348,8.918939,5.3905935,-22.52676,-18.021887,32.082363,58.513027,36.1101,12.417032,-3.0127497
951,-160.2586669921875,-127.80438995361328,75.8177261352539,-4.312369098755838,-14.0143256146865,-75.77418619951158,9.136202,28.19424,12.353312,26.38416,-14.765217,-11.02096,17.309982,-9.50471,-29.7259,19.899979,-18.447462,9.61363,-0.56474173,-0.5878165,6.795242,-15.191552,23.91116,-17.85564,63.946148,-27.336937,8.875432,5.353194,-22.512348,-18.002548,32.03964,58.453144,36.026848,12.448936,-3.0399303
952,-160.5160369873047,-127.9342041015625,75.83776092529297,-4.242887240605508,-14.03106532612038,-75.54408074780903,8.922652,28.435335,12.699677,26.784466,-14.49313,-10.847593,17.539057,-9.337302,-29.99487,19.786997,-18.607208,9.486022,-0.6304025,-0.53783214,6.75364,-15.162047,23.9523,-17.885275,63.953613,-27.414846,8.841348,5.3114305,-22.501562,-17.947407,31.958326,58.429787,35.924316,12.481964,-3.0647426
953,-160.7703399658203,-128.06027221679688,75.86211395263672,-4.105471016415006,-14.069779520639175,-75.34462807237658,8.722059,28.597683,13.09967,27.239115,-14.225192,-10.532865,17.772137,-9.257616,-30.238373,19.699577,-18.769165,9.360433,-0.68715465,-0.5469012,6.7325077,-15.139124,23.979856,-17.879705,63.95013,-27.455128,8.818872,5.2625203,-22.490088,-17.907425,31.895514,58.420334,35.83292,12.521603,-3.086983
954,-161.02597045898438,-128.1851348876953,75.8963851928711,-3.910403891565679,-14.124739952640002,-75.17626690020913,8.542136,28.70469,13.585029,27.73031,-13.948918,-10.118672,18.00458,-9.247,-30.45602,19.628216,-18.930204,9.235048,-0.7293831,-0.6203786,6.724633,-15.115326,24.021446,-17.858269,63.92116,-27.47292,8.812854,5.2049494,-22.4928,-17.842813,31.821163,58.45234,35.73325,12.563259,-3.1016648
955,-161.27151489257812,-128.29820251464844,75.93392944335938,-3.7023532350428474,-14.171378943974203,-75.02176035041924,8.348111,28.814955,14.168016,28.268671,-13.685514,-9.634437,18.221972,-9.251904,-30.659977,19.547104,-19.077105,9.101848,-0.7748366,-0.7060021,6.7113733,-15.105418,24.055445,-17.833504,63.901287,-27.46743,8.798879,5.152316,-22.491877,-17.785612,31.753233,58.483654,35.646793,12.606814,-3.1282506
956,-161.5098876953125,-128.41204833984375,75.97679138183594,-3.5210577131824783,-14.185114049249682,-74.86465386714296,8.109898,28.985823,14.862015,28.85861,-13.454068,-9.108747,18.411312,-9.218137,-30.862173,19.42627,-19.194633,8.952824,-0.8352261,-0.759007,6.6754317,-15.120623,24.072824,-17.824455,63.91355,-27.440428,8.755825,5.1171923,-22.471088,-17.753992,31.690426,58.480293,35.582294,12.651224,-3.1823885
957,-161.7471160888672,-128.5227508544922,76.02153778076172,-3.3683345902325192,-14.158025557980038,-74.7033361496473,7.8298674,29.223356,15.681384,29.487965,-13.234129,-8.570118,18.564793,-9.1430235,-31.062996,19.262232,-19.278881,8.77971,-0.9043053,-0.8049256,6.6080914,-15.16966,24.105118,-17.856207,63.965908,-27.396456,8.677379,5.1078286,-22.449484,-17.690042,31.59014,58.483273,35.50738,12.697195,-3.2803466
958,-161.9754180908203,-128.6304168701172,76.0684814453125,-3.2239158973601967,-14.103396985398987,-74.54609732830319,7.5239105,29.505484,16.616968,30.163443,-13.031879,-7.9916267,18.69138,-9.04851,-31.256935,19.066353,-19.336529,8.588698,-1.0033636,-0.8184874,6.524031,-15.21888,24.112728,-17.86868,64.030525,-27.32043,8.570163,5.1172347,-22.412842,-17.672321,31.532263,58.44148,35.470596,12.751264,-3.416662
959,-162.20591735839844,-128.7332000732422,76.1108169555664,-3.09958761811906,-14.030323511760685,-74.38994426505096,7.1913137,29.840258,17.64958,30.904583,-12.897675,-7.3184843,18.802765,-8.925804,-31.447054,18.838997,-19.373096,8.394115,-1.0757282,-0.8392755,6.4260154,-15.328161,24.129196,-17.945179,64.1371,-27.242376,8.4549265,5.128807,-22.360949,-17.629114,31.41057,58.411133,35.41874,12.793995,-3.5427032
960,-162.4274444580078,-128.81837463378906,76.14604949951172,-3.006727436693498,-13.946499525104626,-74.23185082934806,6.8274717,30.237612,18.758055,31.733765,-12.883259,-6.4991856,18.911673,-8.762104,-31.636656,18.575565,-19.390919,8.210098,-1.1730037,-0.8261153,6.319276,-15.426645,24.141914,-18.019974,64.22963,-27.169737,8.345258,5.126063,-22.32226,-17.59642,31.340298,58.392868,35.414204,12.8110895,-3.6328173
961,-162.6511993408203,-128.90911865234375,76.17919158935547,-2.9510624344382252,-13.848945157414867,-74.07039902421158,6.412082,30.745337,19.993504,32.71899,-13.021883,-5.4098725,19.020542,-8.54367,-31.826702,18.25886,-19.381592,8.039764,-1.2992717,-0.7697841,6.207114,-15.510179,24.149185,-18.074665,64.29618,-27.08573,8.2500515,5.0957603,-22.30256,-17.584606,31.330772,58.385696,35.46185,12.800668,-3.6619115
962,-162.8613739013672,-128.99745178222656,76.2098159790039,-2.926513459777212,-13.734334231165816,-73.90719524021115,5.9664564,31.344852,21.35146,33.82135,-13.283521,-4.113872,19.125315,-8.278865,-32.015884,17.890528,-19.343382,7.876059,-1.4297063,-0.69234776,6.0806465,-15.617322,24.15896,-18.161654,64.37457,-27.007124,8.1597185,5.050465,-22.27967,-17.575996,31.340563,58.383907,35.545727,12.767606,-3.654242
963,-163.06983947753906,-129.08535766601562,76.23614501953125,-2.917976049390887,-13.611764824824082,-73.74616753177801,5.536657,31.943611,22.721464,34.91199,-13.6201515,-2.8459747,19.22079,-7.9951954,-32.201042,17.512848,-19.299143,7.7182584,-1.5790559,-0.59372324,5.9559402,-15.706514,24.166042,-18.2318,64.431335,-26.923569,8.0636635,5.0059175,-22.264215,-17.575161,31.362331,58.382446,35.64538,12.719185,-3.6388094
964,-163.275146484375,-129.17092895507812,76.2583236694336,-2.912670137748756,-13.490067517380968,-73.5907150970534,5.157558,32.442867,23.989504,35.86405,-13.974296,-1.8444282,19.302227,-7.720707,-32.379795,17.166212,-19.270176,7.565136,-1.7128885,-0.5005409,5.8269024,-15.821801,24.1804,-18.365261,64.51476,-26.8896,7.9499435,4.9800854,-22.212208,-17.581526,31.361624,58.3558,35.760475,12.654006,-3.65094
965,-163.4656982421875,-129.2503662109375,76.27812957763672,-2.9110528012157273,-13.368174467624959,-73.4400466208361,4.8410506,32.86573,25.215895,36.671997,-14.342247,-1.1597445,19.359695,-7.463665,-32.554394,16.873562,-19.267233,7.421189,-1.866055,-0.39672214,5.710629,-15.909762,24.191893,-18.480177,64.57724,-26.873905,7.8089037,4.968892,-22.165628,-17.592566,31.34728,58.32633,35.88662,12.570981,-3.68407
966,-163.65798950195312,-129.33377075195312,76.29113006591797,-2.9181446532598176,-13.24249441936502,-73.29308084257126,4.557569,33.242138,26.426382,37.400234,-14.744788,-0.673495,19.398039,-7.2108393,-32.725136,16.610804,-19.277554,7.285097,-2.028226,-0.28409478,5.596466,-15.996538,24.20306,-18.609085,64.64219,-26.884214,7.648121,4.9663067,-22.112717,-17.60701,31.327736,58.291073,36.034924,12.467877,-3.727509
967,-163.8362579345703,-129.4170684814453,76.29957580566406,-2.9295551947189566,-13.118595648904567,-73.15176785757171,4.2648544,33.484375,27.451118,38.03022,-15.15714,-0.37282845,19.433275,-6.957638,-32.88645,16.352545,-19.290094,7.1465764,-2.1775982,-0.17153253,5.4862294,-16.089882,24.214378,-18.753265,64.70333,-26.893078,7.4860826,4.982623,-22.02939,-17.627726,31.272808,58.22698,36.15575,12.360522,-3.7918937
968,-164.015380859375,-129.49978637695312,76.30139923095703,-2.9445972847731623,-13.001905449686406,-73.01804639811448,3.911764,33.507225,28.116562,38.546524,-15.5518055,-0.24556081,19.483555,-6.696923,-33.033154,16.068644,-19.291258,6.995421,-2.3547845,-0.04510523,5.3858805,-16.129314,24.217691,-18.8111,64.712654,-26.837555,7.3404927,5.0255804,-21.95816,-17.634298,31.229528,58.160572,36.213272,12.26196,-3.8936102
969,-164.186279296875,-129.5785675048828,76.30370330810547,-2.965946678987326,-12.893005923277835,-72.89452107931221,3.46139,33.238617,28.261705,38.898304,-15.924869,-0.39437792,19.547092,-6.4217315,-33.16156,15.76055,-19.282658,6.8316307,-2.4255946,0.056386918,5.2893467,-16.270435,24.218466,-18.997374,64.7706,-26.768353,7.2124925,5.1279864,-21.748734,-17.664663,31.007202,57.977264,36.128204,12.175996,-4.038977
970,-164.34979248046875,-129.65989685058594,76.31134033203125,-2.9943353988981922,-12.789259118300428,-72.77989528288931,2.9345899,32.741253,28.019018,39.114773,-16.296604,-0.7921788,19.617695,-6.1351085,-33.27407,15.4384,-19.267513,6.65944,-2.5290325,0.18193689,5.2022705,-16.353708,24.207235,-19.101568,64.77687,-26.63815,7.0932317,5.271395,-21.552105,-17.684418,30.79715,57.79156,35.975674,12.0909395,-4.22879
971,-164.5060577392578,-129.74659729003906,76.32029724121094,-3.0193944092473637,-12.692003123197278,-72.66955634577569,2.3747902,32.127007,27.655586,39.286507,-16.669544,-1.2310674,19.70571,-5.8493204,-33.378284,15.088454,-19.241024,6.476676,-2.6002908,0.29723713,5.1158304,-16.472094,24.17809,-19.218626,64.80576,-26.490788,6.984625,5.409958,-21.320833,-17.709135,30.540888,57.583443,35.79826,12.020261,-4.4256754
972,-164.65328979492188,-129.83416748046875,76.3351821899414,-3.029020290933054,-12.60138755653653,-72.55803897444038,1.8242092,31.509249,27.43024,39.500507,-17.031792,-1.5051372,19.814486,-5.580555,-33.480007,14.714445,-19.202814,6.2811894,-2.715489,0.4010486,5.030542,-16.527699,24.161888,-19.23678,64.78299,-26.327023,6.895125,5.486567,-21.139257,-17.71609,30.371202,57.416847,35.6931,11.968083,-4.606745
973,-164.7957000732422,-129.92311096191406,76.35731506347656,-3.019252507142227,-12.522243350853028,-72.43721877713845,1.2569994,30.875223,27.293423,39.790085,-17.373419,-1.5304334,19.953474,-5.331788,-33.586613,14.310541,-19.150846,6.0659165,-2.7789824,0.46242124,4.9492917,-16.649029,24.1307,-19.25705,64.79442,-26.142267,6.8306527,5.482817,-20.916815,-17.730135,30.131275,57.234287,35.620155,11.960627,-4.747649
974,-164.9326171875,-130.0139617919922,76.38390350341797,-2.997605501956787,-12.45228798635695,-72.31185065880928,0.66661733,30.179302,27.146734,40.10366,-17.696674,-1.426917,20.120543,-5.0920386,-33.693584,13.869837,-19.084385,5.8350453,-2.8408942,0.50654894,4.870146,-16.769773,24.093826,-19.230911,64.79647,-25.932707,6.7868733,5.4267235,-20.68598,-17.746431,29.898277,57.048496,35.583652,11.982671,-4.875034
975,-165.048095703125,-130.10223388671875,76.41341400146484,-2.966656068884265,-12.384139256185167,-72.19637676906653,0.12641469,29.482237,27.169382,40.388966,-17.99628,-1.294589,20.290773,-4.864736,-33.788948,13.423151,-19.013573,5.6021647,-2.896594,0.5435793,4.789021,-16.88924,24.054348,-19.201584,64.79999,-25.73949,6.7453194,5.3508973,-20.461815,-17.766924,29.690031,56.864628,35.573433,12.003513,-4.997075
976,-165.16213989257812,-130.18914794921875,76.43966674804688,-2.929966652551568,-12.310207511910965,-72.10526734785931,-0.2929985,28.846514,27.537952,40.59215,-18.269464,-1.2328085,20.446049,-4.6502986,-33.861267,12.985285,-18.943048,5.380688,-2.9534023,0.5838748,4.6997538,-16.992022,24.023613,-19.204243,64.80663,-25.608162,6.688486,5.28662,-20.26818,-17.788393,29.547674,56.694542,35.592255,11.990331,-5.1247854
977,-165.2722930908203,-130.2792205810547,76.46932983398438,-2.889688322031739,-12.220850874164913,-72.0361985449493,-0.5924846,28.292627,28.302969,40.716614,-18.51512,-1.2440711,20.572422,-4.4501176,-33.9129,12.561525,-18.873186,5.166823,-2.973937,0.63140994,4.5930624,-17.138346,23.977749,-19.312088,64.86681,-25.56376,6.602328,5.24243,-20.055107,-17.83994,29.424303,56.499638,35.634388,11.936583,-5.2548394
978,-165.3730010986328,-130.36289978027344,76.49612426757812,-2.8430156165059612,-12.122706401368873,-71.98300338784101,-0.7991003,27.78291,29.366653,40.780025,-18.7341,-1.282899,20.682858,-4.264312,-33.949066,12.144223,-18.802425,4.955568,-3.0222929,0.68125063,4.476676,-17.23038,23.9568,-19.417368,64.8905,-25.572083,6.50591,5.1961207,-19.894653,-17.876831,29.385149,56.345474,35.716103,11.851728,-5.387405
979,-165.4651336669922,-130.45556640625,76.52326202392578,-2.7883557090878868,-12.032549560176012,-71.95581143124244,-0.88859296,27.293587,30.680498,40.754604,-18.92862,-1.3771544,20.79479,-4.0919347,-33.959686,11.734558,-18.733213,4.756774,-3.007413,0.7219579,4.3674984,-17.38757,23.917843,-19.595932,64.97235,-25.623528,6.406576,5.1535306,-19.67618,-17.96858,29.327557,56.10523,35.80776,11.761783,-5.51912
980,-165.5542449951172,-130.55226135253906,76.54915618896484,-2.727152767627324,-11.96740312714918,-71.9628433209196,-0.8410187,26.797205,32.193596,40.60989,-19.098644,-1.554509,20.921537,-3.9369934,-33.936626,11.346947,-18.675549,4.5813656,-2.9846919,0.76235956,4.286857,-17.510937,23.876719,-19.719433,65.030495,-25.664833,6.323383,5.1121674,-19.494118,-18.07741,29.315533,55.848633,35.899487,11.6742935,-5.6522207
981,-165.63571166992188,-130.6481475830078,76.57335662841797,-2.6497726149242204,-11.934953741710403,-72.01632831653842,-0.5941808,26.303587,34.043148,40.311337,-19.24683,-1.836254,21.073492,-3.8062282,-33.86881,10.97308,-18.626156,4.4292655,-2.9503999,0.7828337,4.2347326,-17.602217,23.847784,-19.788765,65.07729,-25.699966,6.2667255,5.0704174,-19.383818,-18.158106,29.355185,55.62138,35.97858,11.579605,-5.7881265
982,-165.70753479003906,-130.7448272705078,76.595458984375,-2.560673701464607,-11.924780259030802,-72.10818227364747,-0.18058284,25.802303,36.202324,39.87567,-19.36515,-2.2060034,21.240055,-3.6960666,-33.763855,10.61093,-18.582182,4.2956605,-2.8673167,0.81082124,4.212201,-17.715689,23.788342,-19.858335,65.14412,-25.742079,6.2218127,5.031169,-19.241817,-18.319239,29.412231,55.296318,36.07015,11.488238,-5.9234877
983,-165.7797393798828,-130.84947204589844,76.60987854003906,-2.475821750587414,-11.926279775124105,-72.21685633928091,0.27128288,25.245052,38.37236,39.352577,-19.438456,-2.6340625,21.414158,-3.5902567,-33.64128,10.262322,-18.544952,4.182987,-2.7796314,0.8408742,4.2005997,-17.816547,23.722345,-19.901997,65.208755,-25.783617,6.176761,4.9968486,-19.115662,-18.492722,29.496641,54.95875,36.164024,11.400966,-6.061208
984,-165.84063720703125,-130.95533752441406,76.62091064453125,-2.4097332281187036,-11.929824692020393,-72.32133402759435,0.63260007,24.602577,40.25545,38.796455,-19.456694,-3.088284,21.580515,-3.4766507,-33.519623,9.949905,-18.520777,4.09405,-2.7101233,0.88199025,4.1876206,-17.894657,23.650913,-19.911282,65.26262,-25.81739,6.117193,4.9712276,-19.000803,-18.675152,29.606806,54.621037,36.264202,11.326705,-6.203105
985,-165.89134216308594,-131.06103515625,76.62382507324219,-2.357561683819243,-11.937734146468797,-72.41794867107618,0.9362322,23.869747,41.91808,38.17317,-19.40858,-3.5992239,21.742523,-3.3639953,-33.402443,9.674207,-18.50966,4.036004,-2.6642902,0.9270629,4.1757927,-17.949226,23.573345,-19.871918,65.3083,-25.841206,6.0522823,4.948837,-18.90596,-18.864838,29.759762,54.29165,36.376427,11.274815,-6.3588924
986,-165.9464874267578,-131.17103576660156,76.6195297241211,-2.315719863951843,-11.953546967153432,-72.51750227681396,1.2240065,23.065908,43.46811,37.46654,-19.300053,-4.1703415,21.904177,-3.254951,-33.279762,9.428919,-18.509508,4.00453,-2.6321404,0.97562224,4.169024,-17.982866,23.48955,-19.789764,65.348076,-25.85788,5.9853234,4.9298787,-18.833536,-19.061455,29.95408,53.96624,36.497536,11.23759,-6.5249844
987,-165.99404907226562,-131.28042602539062,76.60816955566406,-2.2992315481141388,-11.969139904404487,-72.62040798659783,1.3884052,22.218733,44.678143,36.764538,-19.154068,-4.725442,22.0625,-3.1214035,-33.14993,9.196892,-18.514719,3.984689,-2.611418,1.044827,4.158691,-17.992092,23.40335,-19.689693,65.372215,-25.870375,5.8933234,4.926417,-18.765303,-19.261375,30.153934,53.634876,36.61617,11.198703,-6.6830688
988,-166.0443878173828,-131.39593505859375,76.58700561523438,-2.3253779337200218,-11.976509258452083,-72.7272821301542,1.329068,21.365263,45.326527,36.161213,-18.999231,-5.1868887,22.214155,-2.936336,-33.011093,8.962495,-18.520678,3.9618206,-2.598695,1.1495662,4.135779,-17.972767,23.320461,-19.597252,65.369774,-25.880896,5.753519,4.950288,-18.68207,-19.459356,30.320509,53.287502,36.71751,11.14213,-6.814388
989,-166.09213256835938,-131.51380920410156,76.5541000366211,-2.410848869264624,-11.964085778498735,-72.82803916908385,0.9753216,20.522442,45.272396,35.72065,-18.85597,-5.4956145,22.356596,-2.6710882,-32.866806,8.697634,-18.516003,3.9325743,-2.6024852,1.303826,4.0912123,-17.916441,23.244802,-19.519527,65.33639,-25.882051,5.5414467,5.022925,-18.582483,-19.651974,30.45024,52.92162,36.804806,11.057369,-6.9042773
990,-166.14268493652344,-131.63577270507812,76.51366424560547,-2.540539805129901,-11.940086622255617,-72.92653245904559,0.41247895,19.677958,44.676125,35.392723,-18.713953,-5.7041025,22.494387,-2.3480818,-32.715954,8.415841,-18.505077,3.9049675,-2.62106,1.4927227,4.0327315,-17.82575,23.176674,-19.443058,65.27529,-25.875195,5.2758965,5.1314554,-18.475916,-19.838165,30.55958,52.544353,36.881866,10.954698,-6.965627
991,-166.18695068359375,-131.76113891601562,76.46481323242188,-2.6881347332148406,-11.925347853175824,-73.0423934123965,-0.22837347,18.828684,43.766552,35.10868,-18.559202,-5.901223,22.631744,-2.0175374,-32.54988,8.170366,-18.510027,3.880787,-2.6371403,1.6886238,3.9767165,-17.714064,23.116646,-19.366232,65.1878,-25.880173,4.9995522,5.236305,-18.362534,-20.016928,30.641907,52.162624,36.936737,10.849537,-7.021748
992,-166.2415771484375,-131.89418029785156,76.4090805053711,-2.8234781137641938,-11.941756168772438,-73.19596135566164,-0.821128,17.974667,42.766624,34.796684,-18.378443,-6.1761794,22.773752,-1.7276454,-32.36099,8.010139,-18.550232,3.8615203,-2.6318743,1.8648314,3.939727,-17.594627,23.064226,-19.286285,65.07476,-25.914612,4.75527,5.2979255,-18.240509,-20.187351,30.688686,51.78101,36.95791,10.757588,-7.0958104
993,-166.2773895263672,-132.035888671875,76.34735107421875,-2.9519595885337684,-11.996966653004254,-73.38093188920918,-1.3830662,17.092552,41.599854,34.44661,-18.154589,-6.5725727,22.921537,-1.480283,-32.15822,7.9565177,-18.632753,3.845432,-2.603789,2.02493,3.9305232,-17.468445,23.019436,-19.205893,64.92549,-25.992157,4.547615,5.2986946,-18.105846,-20.350042,30.68856,51.39022,36.941334,10.689222,-7.2123466
994,-166.31704711914062,-132.18145751953125,76.2860336303711,-3.0857811884233066,-12.07912599471312,-73.58981585965083,-1.954905,16.185743,40.1957,34.097675,-17.90503,-7.0375237,23.0724,-1.2522539,-31.942677,7.9803796,-18.746485,3.8322904,-2.5614307,2.180165,3.9393747,-17.329428,22.982136,-19.12537,64.74274,-26.099983,4.3562136,5.2619324,-17.959003,-20.50497,30.647648,50.98949,36.89317,10.63429,-7.3528323
995,-166.3531494140625,-132.34307861328125,76.22686004638672,-3.205889260799576,-12.179829448999264,-73.84026592340663,-2.4596992,15.304903,38.777245,33.752583,-17.667679,-7.5128365,23.221888,-1.0550777,-31.694893,8.0605955,-18.886995,3.8258743,-2.502344,2.316065,3.9523294,-17.182642,22.951971,-19.04115,64.551575,-26.219707,4.185598,5.20932,-17.81134,-20.650457,30.58742,50.603592,36.81788,10.577039,-7.475984
996,-166.3893280029297,-132.51690673828125,76.16670989990234,-3.29804867855518,-12.289508690442215,-74.14900024982927,-2.829983,14.506177,37.562405,33.413227,-17.477158,-7.939249,23.369926,-0.89764315,-31.395367,8.167477,-19.046188,3.8299344,-2.4238145,2.4191477,3.9568317,-17.032875,22.928333,-18.949339,64.37558,-26.332945,4.0403395,5.1626225,-17.670492,-20.780895,30.52773,50.253334,36.719166,10.501618,-7.540828
997,-166.41641235351562,-132.70008850097656,76.10755920410156,-3.356705177305587,-12.409485520881823,-74.52667328274421,-3.0488904,13.795057,36.592094,33.052834,-17.32454,-8.353953,23.503908,-0.7913833,-31.03535,8.32984,-19.239328,3.8408678,-2.318858,2.4834502,3.9505138,-16.87901,22.911333,-18.841702,64.21649,-26.429934,3.9265428,5.1171846,-17.541128,-20.886812,30.461962,49.957706,36.58372,10.389501,-7.5202737
998,-166.446044921875,-132.89834594726562,76.04773712158203,-3.3896776707054355,-12.542551309320348,-74.96166389717354,-3.1603131,13.14918,35.749554,32.679955,-17.196465,-8.769589,23.628094,-0.7270065,-30.626812,8.551124,-19.465609,3.8577764,-2.1935081,2.5166917,3.938297,-16.718773,22.901457,-18.723475,64.06546,-26.524065,3.8398087,5.065271,-17.424751,-20.965023,30.386335,49.711216,36.41355,10.252414,-7.4423933
999,-166.47308349609375,-133.10482788085938,75.99332427978516,-3.401019155555091,-12.68382394579964,-75.4403728740072,-3.1907256,12.58133,35.014427,32.340454,-17.11235,-9.089477,23.76084,-0.68907243,-30.183243,8.7759495,-19.695213,3.8905663,-2.065166,2.5229928,3.9169827,-16.549702,22.897493,-18.59907,63.925514,-26.620571,3.7698011,5.0237775,-17.328259,-21.025595,30.32844,49.50139,36.237194,10.119804,-7.347521
1000,-166.4920654296875,-133.32489013671875,75.94403076171875,-3.3933429288306414,-12.82832277437196,-75.94883586150463,-3.1682565,12.104122,34.366535,32.08481,-17.091846,-9.217262,23.928894,-0.6588862,-29.716963,8.931947,-19.896053,3.947472,-1.9478428,2.4991252,3.8753233,-16.380964,22.897375,-18.488655,63.81872,-26.730764,3.704667,5.0118012,-17.272343,-21.05468,30.313679,49.347343,36.077965,10.017687,-7.2762113
1001,-166.51141357421875,-133.55532836914062,75.89507293701172,-3.3670482064665284,-12.97434468267882,-76.48974375814412,-3.0998867,11.7187,33.786785,31.91013,-17.140871,-9.144699,24.142933,-0.62742865,-29.225151,8.990552,-20.052265,4.0332327,-1.8619033,2.4582906,3.8218386,-16.174683,22.905518,-18.35364,63.705074,-26.850975,3.6422174,5.044735,-17.256702,-21.089174,30.38488,49.21317,35.959866,9.953472,-7.2488847
1002,-166.52537536621094,-133.79861450195312,75.84912872314453,-3.3204476768317583,-13.12429070888016,-77.0682851663265,-2.9755177,11.419076,33.28791,31.795626,-17.246971,-8.917835,24.389006,-0.60703933,-28.703606,8.992177,-20.184566,4.1418304,-1.7653784,2.3835466,3.7465527,-15.986205,22.913479,-18.252882,63.636467,-26.992733,3.5851626,5.1136017,-17.259472,-21.101336,30.48109,49.119537,35.851974,9.910595,-7.2386026
1003,-166.54087829589844,-134.04957580566406,75.80558776855469,-3.252419706169306,-13.279816763948597,-77.67497535835857,-2.7982986,11.206387,32.898975,31.764097,-17.402952,-8.521702,24.648182,-0.61528504,-28.16212,8.988389,-20.319223,4.266911,-1.6924034,2.289005,3.6689708,-15.773298,22.925943,-18.124903,63.56621,-27.123806,3.5420144,5.1807003,-17.293997,-21.104076,30.610117,49.053257,35.75203,9.895271,-7.221884
1004,-166.54632568359375,-134.3108367919922,75.7618408203125,-3.157742914707677,-13.443009784884199,-78.30044296386708,-2.5690625,11.080981,32.649513,31.834414,-17.600462,-7.941774,24.899624,-0.6693284,-27.610367,9.0333185,-20.483839,4.4017034,-1.6442871,2.172475,3.5980897,-15.543169,22.94439,-17.9641,63.495636,-27.226145,3.5191638,5.211194,-17.354818,-21.09321,30.736895,49.010525,35.64267,9.912277,-7.1714206
1005,-166.5520477294922,-134.5750274658203,75.7217788696289,-3.0343618547961317,-13.61426264888206,-78.94450602764829,-2.2843716,11.074073,32.570694,32.0496,-17.8565,-7.080406,25.150661,-0.7719968,-27.049604,9.117642,-20.67669,4.554698,-1.6024117,2.0217893,3.5297132,-15.322802,22.963377,-17.786142,63.453957,-27.292536,3.5224013,5.1852617,-17.422539,-21.068598,30.82647,48.978764,35.508698,9.972723,-7.0685387
1006,-166.550048828125,-134.85223388671875,75.68354797363281,-2.8819830360705843,-13.79235821697583,-79.61245587549185,-1.9453633,11.174246,32.638847,32.38509,-18.176228,-5.9765,25.409054,-0.9139507,-26.475275,9.217927,-20.885353,4.725796,-1.5857823,1.8407702,3.4611435,-15.082553,22.990475,-17.569935,63.41906,-27.329535,3.5482888,5.1235046,-17.526085,-21.016506,30.92163,48.98444,35.36309,10.068313,-6.9324307
1007,-166.55604553222656,-135.12940979003906,75.64619445800781,-2.710630453677698,-13.975634256376443,-80.30136204547016,-1.5594053,11.319516,32.80104,32.762184,-18.534136,-4.820608,25.655598,-1.0932343,-25.888468,9.36702,-21.121067,4.896151,-1.5406814,1.6402528,3.3958318,-14.895762,23.003056,-17.416603,63.432106,-27.37555,3.580145,5.0642467,-17.598701,-20.979872,30.965528,48.975082,35.209747,10.186133,-6.7826967
1008,-166.55947875976562,-135.4078826904297,75.60791015625,-2.5303401919693087,-14.162082575294352,-81.00824430745419,-1.1332544,11.4443655,33.00452,33.098495,-18.895304,-3.8029015,25.872416,-1.3076426,-25.290508,9.594757,-21.393507,5.0477843,-1.5495561,1.4418589,3.3431866,-14.654585,23.030495,-17.23724,63.39541,-27.42947,3.612063,5.0332723,-17.753077,-20.899517,31.065096,49.05737,35.07098,10.297516,-6.6497636
1009,-166.55224609375,-135.69541931152344,75.5726089477539,-2.3372833450468526,-14.353847114515165,-81.73964743378498,-0.6514585,11.532765,33.234344,33.368053,-19.257996,-2.9767942,26.040586,-1.571302,-24.677147,9.948465,-21.723137,5.1667285,-1.5538208,1.2363672,3.3034523,-14.431567,23.059097,-17.129353,63.36119,-27.524525,3.6371098,5.0548654,-17.915161,-20.811321,31.13997,49.161037,34.930065,10.40919,-6.5257363
1010,-166.5440216064453,-135.9878387451172,75.53662109375,-2.1244346195549557,-14.54960024465471,-82.49620340236686,-0.1134133,11.614626,33.52042,33.611347,-19.633974,-2.240023,26.174799,-1.8793275,-24.048574,10.398106,-22.098412,5.2665343,-1.55819,1.021708,3.275893,-14.218916,23.084732,-17.063084,63.328964,-27.639805,3.6616485,5.1072917,-18.081537,-20.726776,31.196379,49.273438,34.787186,10.530765,-6.4012527
1011,-166.5342254638672,-136.27752685546875,75.49822235107422,-1.9012957330987095,-14.742654722998203,-83.26457632659037,0.44980508,11.696481,33.876015,33.85063,-20.00559,-1.5494794,26.305542,-2.2020233,-23.413363,10.853477,-22.475922,5.369565,-1.5722035,0.795163,3.2518203,-14.015663,23.114529,-17.015688,63.298637,-27.760391,3.6890926,5.161249,-18.271719,-20.624922,31.26651,49.435955,34.66307,10.651796,-6.2925787
1012,-166.5109405517578,-136.57476806640625,75.46044158935547,-1.674887091492481,-14.927537113562945,-84.03096039425641,1.0061595,11.788485,34.313198,34.112614,-20.359087,-0.86239195,26.460892,-2.5123863,-22.780369,11.235062,-22.8197,5.4977555,-1.5827163,0.5616041,3.2287397,-13.846271,23.140574,-16.98476,63.283257,-27.869482,3.721192,5.188643,-18.457787,-20.527575,31.354382,49.63164,34.579197,10.767805,-6.2140074
1013,-166.4889678955078,-136.87632751464844,75.42422485351562,-1.443605712058713,-15.106989057977966,-84.79796052488213,1.5575128,11.8948,34.864883,34.411293,-20.68549,-0.13905773,26.647827,-2.8156228,-22.147377,11.529614,-23.125147,5.663648,-1.5804896,0.31875986,3.2106261,-13.717336,23.157074,-16.97227,63.283466,-27.966719,3.7620966,5.1813436,-18.628603,-20.455694,31.46151,49.84915,34.53514,10.880865,-6.16524
1014,-166.46945190429688,-137.1830596923828,75.39088439941406,-1.2032343297605868,-15.28291575133755,-85.5710655739892,2.1201377,12.0093975,35.514664,34.73015,-20.995687,0.58844566,26.850475,-3.1242087,-21.511702,11.780574,-23.412985,5.853342,-1.5942845,0.06419874,3.1923347,-13.595529,23.176037,-16.95782,63.285156,-28.056194,3.8101585,5.1543674,-18.83538,-20.358038,31.60896,50.145203,34.52024,10.987128,-6.1425548
1015,-166.45535278320312,-137.4851531982422,75.35462188720703,-0.9716339235437732,-15.448345193979131,-86.33741701976722,2.6818607,12.131003,36.199234,35.051155,-21.305147,1.2559487,27.063023,-3.4195547,-20.880869,11.984059,-23.676338,6.048238,-1.6101035,-0.18478335,3.1748538,-13.507866,23.19164,-16.966585,63.304615,-28.137827,3.856488,5.1154113,-19.036528,-20.263632,31.763834,50.461617,34.54948,11.090622,-6.1484013
1016,-166.43067932128906,-137.78854370117188,75.31787872314453,-0.762755449900891,-15.596855981774157,-87.08555836011111,3.2286716,12.260149,36.854485,35.35781,-21.627258,1.7983558,27.279701,-3.6826239,-20.262651,12.138062,-23.910208,6.2295275,-1.6279435,-0.41003484,3.1578457,-13.463606,23.201973,-17.00498,63.347343,-28.206743,3.8928068,5.0715766,-19.209757,-20.183765,31.911213,50.761723,34.639515,11.192415,-6.1870728
1017,-166.3980712890625,-138.0916290283203,75.28101348876953,-0.5900565754749211,-15.72770675883937,-87.79956340494938,3.7432017,12.410351,37.45685,35.67005,-21.965782,2.1969619,27.51662,-3.8932133,-19.667208,12.209759,-24.10099,6.389864,-1.653821,-0.5988834,3.1449544,-13.475733,23.20708,-17.089527,63.4231,-28.28242,3.9076393,5.013789,-19.338757,-20.133183,32.040913,51.021614,34.81109,11.301197,-6.287365
1018,-166.37510681152344,-138.38656616210938,75.24385070800781,-0.4444342813947972,-15.844950611345102,-88.48932059207229,4.23644,12.580134,38.04186,35.991394,-22.311867,2.4866464,27.770792,-4.067597,-19.087885,12.21104,-24.254812,6.5400014,-1.6887747,-0.76284957,3.1356204,-13.530883,23.208937,-17.205393,63.521397,-28.357498,3.9089189,4.9416986,-19.441668,-20.100756,32.165844,51.267513,35.049698,11.412975,-6.4379625
1019,-166.3560333251953,-138.68748474121094,75.20880889892578,-0.3046809821120944,-15.949170359861213,-89.18059517732735,4.7364283,12.744864,38.636425,36.277443,-22.657242,2.6828961,28.003574,-4.242161,-18.505875,12.217508,-24.401869,6.6890497,-1.7145978,-0.91846853,3.1236463,-13.615534,23.206234,-17.334822,63.62889,-28.399473,3.91673,4.875365,-19.530647,-20.075167,32.29665,51.51768,35.32336,11.511835,-6.5829034
1020,-166.3268280029297,-138.9868621826172,75.17354583740234,-0.14993214148976922,-16.039841244986118,-89.89873012806122,5.270572,12.877068,39.26728,36.482994,-22.992453,2.8004372,28.18026,-4.4507513,-17.90262,12.293045,-24.566387,6.84556,-1.711978,-1.0812829,3.1075273,-13.71333,23.195827,-17.452936,63.72466,-28.369856,3.9511783,4.8350153,-19.60763,-20.057486,32.43727,51.771053,35.59515,11.585663,-6.665425
1021,-166.28990173339844,-139.28399658203125,75.137939453125,0.01915596352486574,-16.114355186410627,-90.65075838370166,5.8431907,12.97608,39.945564,36.603897,-23.323915,2.820863,28.292479,-4.6945124,-17.271389,12.450504,-24.752953,7.0147424,-1.673168,-1.2525396,3.0910547,-13.819255,23.181269,-17.548378,63.793743,-28.220324,4.0170746,4.8366575,-19.668062,-20.055382,32.58368,52.017357,35.853268,11.636318,-6.656491
1022,-166.26170349121094,-139.57505798339844,75.10516357421875,0.19429373803056194,-16.172770772972708,-91.42252174046533,6.4381795,13.051348,40.6571,36.66344,-23.651169,2.743269,28.35724,-4.9567833,-16.622015,12.658,-24.950352,7.191062,-1.6132648,-1.4218735,3.0677645,-13.943416,23.157293,-17.639133,63.86059,-27.989302,4.101685,4.8668675,-19.718159,-20.064371,32.75146,52.27054,36.127254,11.666595,-6.5940886
1023,-166.2275390625,-139.863525390625,75.07827758789062,0.3823851441657703,-16.21898302047118,-92.21095162065718,7.056571,13.084839,41.39241,36.64747,-23.951437,2.6087995,28.382032,-5.2439003,-15.961082,12.90611,-25.154861,7.368195,-1.5416111,-1.5826378,3.0385196,-14.084927,23.101164,-17.715067,63.937534,-27.74044,4.202251,4.899762,-19.760775,-20.095661,32.947945,52.525326,36.42717,11.675609,-6.5140686
1024,-166.19068908691406,-140.1507568359375,75.06124877929688,0.5912519043981779,-16.256862325210992,-93.01217702798499,7.6993527,13.057868,42.141144,36.54178,-24.202581,2.4584653,28.375244,-5.563166,-15.295017,13.184135,-25.362309,7.5394115,-1.4541916,-1.7501652,3.0200949,-14.23563,23.027117,-17.768887,64.00196,-27.53641,4.323765,4.9021955,-19.780182,-20.149874,33.12682,52.750202,36.735035,11.667373,-6.4429736
1025,-166.14385986328125,-140.4409637451172,75.05054473876953,0.8326577240441415,-16.29065446384223,-93.84097723879873,8.387466,12.948887,42.915268,36.315186,-24.39199,2.2855783,28.33594,-5.931004,-14.614996,13.503596,-25.57811,7.7070656,-1.3493136,-1.9567171,3.0168853,-14.362441,22.984678,-17.789568,63.99913,-27.41591,4.4871254,4.8563704,-19.794947,-20.190037,33.299763,52.97802,37.07295,11.619373,-6.3877883
1026,-166.10104370117188,-140.725830078125,75.04390716552734,1.0998286885382413,-16.315404521376404,-94.69460696922201,9.111224,12.767956,43.715515,35.979183,-24.531334,2.0746837,28.262678,-6.3370323,-13.919699,13.859348,-25.799177,7.8738475,-1.2393763,-2.166549,3.019628,-14.474734,22.926067,-17.759008,63.96176,-27.324944,4.678958,4.784744,-19.806704,-20.250343,33.50852,53.20016,37.4546,11.538902,-6.3373127
1027,-166.06475830078125,-140.9944305419922,75.03784942626953,1.374012218564807,-16.32258261398917,-95.54304364124494,9.8248825,12.545528,44.512047,35.587658,-24.635763,1.8534782,28.155357,-6.752934,-13.227538,14.235478,-26.019947,8.033011,-1.1333872,-2.3876498,3.0254288,-14.586379,22.87803,-17.731573,63.917168,-27.253899,4.8796186,4.6990557,-19.813387,-20.306187,33.69187,53.40854,37.807056,11.461015,-6.2801723
1028,-166.02850341796875,-141.25576782226562,75.03865051269531,1.63444508685058,-16.304568039654775,-96.35607234339352,10.483916,12.314388,45.2763,35.194843,-24.721113,1.6499153,28.01227,-7.1510196,-12.556872,14.619088,-26.23542,8.178149,-1.057579,-2.605331,3.029032,-14.699031,22.841549,-17.732328,63.89518,-27.182034,5.06495,4.6129274,-19.817871,-20.352911,33.827362,53.58874,38.076065,11.420269,-6.211567
1029,-165.99244689941406,-141.5153350830078,75.04083251953125,1.878586913254247,-16.26141720649189,-97.12887934790177,11.086927,12.075997,46.00528,34.801746,-24.784615,1.4647713,27.844776,-7.5278397,-11.91115,14.984638,-26.439743,8.308384,-1.0185103,-2.8175817,3.0277634,-14.815159,22.816717,-17.774225,63.905468,-27.111422,5.2298985,4.514241,-19.819012,-20.38924,33.903877,53.734913,38.23244,11.43254,-6.123063
1030,-165.9506378173828,-141.7611083984375,75.04454040527344,2.1156798318282983,-16.196930620853607,-97.87619819982469,11.653972,11.816306,46.71245,34.382156,-24.81921,1.2855496,27.647963,-7.897254,-11.280324,15.350365,-26.638704,8.427008,-1.0051237,-3.0329127,3.0242436,-14.926892,22.806868,-17.837902,63.92567,-27.04902,5.3877664,4.400804,-19.823652,-20.409035,33.93574,53.866444,38.307262,11.4760895,-6.019056
1031,-165.903564453125,-141.99642944335938,75.0484619140625,2.3418973033393615,-16.110186823805545,-98.596234970794,12.173858,11.5500965,47.393673,33.95828,-24.838877,1.1181724,27.40134,-8.255355,-10.663318,15.756078,-26.837788,8.534002,-1.0123903,-3.2474184,3.019066,-15.03947,22.804743,-17.907516,63.959362,-26.98502,5.5386877,4.302067,-19.82991,-20.418804,33.943325,53.983345,38.347157,11.530719,-5.917761
1032,-165.86602783203125,-142.22286987304688,75.05445098876953,2.549191419320749,-16.000415851709576,-99.28646795938938,12.636283,11.291577,48.044945,33.54908,-24.85541,0.9690436,27.08172,-8.598008,-10.059263,16.246056,-27.044966,8.630048,-1.0355649,-3.455771,3.0147364,-15.142322,22.805346,-17.962633,63.98982,-26.905571,5.684829,4.248805,-19.841558,-20.42265,33.942432,54.092407,38.394558,11.576584,-5.8337073
1033,-165.83053588867188,-142.43482971191406,75.06080627441406,2.740496065488337,-15.857227514085986,-99.9404906873962,13.021096,11.042461,48.661495,33.167572,-24.874708,0.8430156,26.669344,-8.926636,-9.469276,16.839872,-27.277987,8.704724,-1.030158,-3.6793551,2.9963725,-15.331518,22.806528,-18.107779,64.10504,-26.83874,5.8332357,4.2613244,-19.80956,-20.425943,33.87085,54.16378,38.44348,11.611212,-5.783711
1034,-165.789794921875,-142.63449096679688,75.06735229492188,2.9143499541860085,-15.685285540263367,-100.56021866410111,13.339662,10.800428,49.246067,32.804157,-24.89114,0.73535657,26.186068,-9.238248,-8.894308,17.500433,-27.5211,8.762293,-1.0527834,-3.8936558,2.9753716,-15.511705,22.806557,-18.23205,64.22139,-26.74363,5.982573,4.317803,-19.78401,-20.421835,33.773636,54.218567,38.46945,11.647288,-5.754391
1035,-165.7489776611328,-142.82183837890625,75.07488250732422,3.0751445389282637,-15.504532825223215,-101.1618846759393,13.630865,10.561553,49.812664,32.436527,-24.895943,0.63831687,25.655428,-9.534647,-8.328413,18.219654,-27.748516,8.82749,-1.1019641,-4.0943193,2.9633234,-15.651453,22.806557,-18.306854,64.31139,-26.64168,6.1134853,4.390743,-19.789175,-20.4168,33.719643,54.288273,38.522594,11.676502,-5.720946
1036,-165.7036895751953,-142.99908447265625,75.08887481689453,3.222188973238089,-15.335717901096622,-101.76074629874869,13.933428,10.32141,50.37411,32.041977,-24.880116,0.5441772,25.109001,-9.815933,-7.7681813,18.97441,-27.931614,8.925494,-1.1207874,-4.2989106,2.973171,-15.78195,22.805063,-18.385485,64.39105,-26.57066,6.205534,4.457874,-19.802698,-20.41088,33.686317,54.387543,38.617683,11.693428,-5.6503353
1037,-165.65640258789062,-143.1675567626953,75.1067123413086,3.356465613384358,-15.184537675213768,-102.36296058602031,14.256459,10.080747,50.934772,31.616425,-24.843792,0.4563666,24.543678,-10.080902,-7.210067,19.779865,-28.064583,9.063929,-1.1142899,-4.5031962,3.0148242,-15.874918,22.802433,-18.432274,64.438736,-26.528463,6.236054,4.5177603,-19.834415,-20.409458,33.69691,54.52739,38.77353,11.691575,-5.5198855
1038,-165.61732482910156,-143.3303680419922,75.13153076171875,3.478240778036821,-15.04043400854398,-102.96081159616213,14.5805855,9.838932,51.488476,31.169231,-24.7897,0.3768014,23.950048,-10.32956,-6.658219,20.635494,-28.161552,9.232624,-1.0848871,-4.709486,3.0749474,-15.967991,22.796017,-18.483444,64.49535,-26.51893,6.219625,4.5817165,-19.878754,-20.410007,33.740833,54.697247,38.98614,11.673882,-5.3525286
1039,-165.57925415039062,-143.49087524414062,75.16117858886719,3.587754781064091,-14.900371374223548,-103.54521745032554,14.899377,9.59886,52.02834,30.70493,-24.716394,0.29542273,23.340462,-10.558559,-6.12048,21.518007,-28.226185,9.428887,-1.0541024,-4.9031496,3.1383085,-16.05088,22.775734,-18.53798,64.55022,-26.530268,6.195172,4.647731,-19.939335,-20.414112,33.828194,54.889732,39.229523,11.652101,-5.187538
1040,-165.5437774658203,-143.6407470703125,75.19377136230469,3.685414911315073,-14.76046945781452,-104.10875800911197,15.205919,9.361396,52.548836,30.228756,-24.622763,0.20280132,22.722368,-10.768206,-5.6031046,22.413118,-28.267214,9.6489935,-1.0278466,-5.0887375,3.2096167,-16.12451,22.757776,-18.583448,64.578964,-26.533556,6.2060375,4.7011924,-20.008165,-20.420134,33.909527,55.07334,39.44826,11.645015,-5.0517435
1041,-165.50743103027344,-143.77633666992188,75.22482299804688,3.766961656597246,-14.620684535277164,-104.65352743930917,15.497837,9.137374,53.048912,29.74926,-24.508858,0.08896479,22.095526,-10.950057,-5.097952,23.319212,-28.287205,9.884926,-1.0015067,-5.2641163,3.2918227,-16.189531,22.74885,-18.639412,64.57152,-26.54665,6.2678256,4.7434587,-20.084282,-20.425196,33.977592,55.24443,39.62675,11.653369,-4.956122
1042,-165.4792938232422,-143.90823364257812,75.26063537597656,3.8342992956121877,-14.48305311022192,-105.18226378268048,15.779133,8.924638,53.53126,29.261683,-24.375431,-0.037944574,21.456987,-11.106505,-4.606083,24.24372,-28.282848,10.142478,-0.97023886,-5.430337,3.382712,-16.249395,22.742773,-18.710482,64.54354,-26.57788,6.3566947,4.779784,-20.166573,-20.430315,34.051857,55.413654,39.795483,11.668132,-4.8848825
1043,-165.4412384033203,-144.03404235839844,75.30086517333984,3.8954216013026826,-14.34906613897797,-105.68732333493301,16.052898,8.702792,53.995674,28.752697,-24.22327,-0.16034462,20.806534,-11.25405,-4.1460385,25.193848,-28.256197,10.436335,-0.93001044,-5.597135,3.4568276,-16.338644,22.726273,-18.839508,64.55505,-26.641539,6.4527082,4.813661,-20.247305,-20.441574,34.1643,55.59665,40.004642,11.684159,-4.835993
1044,-165.41714477539062,-144.15542602539062,75.3450698852539,3.959888757233562,-14.2200031801782,-106.15952192407586,16.321894,8.456422,54.440273,28.21215,-24.054298,-0.26146406,20.14766,-11.409168,-3.7371123,26.170727,-28.20639,10.780393,-0.89467824,-5.78376,3.5525954,-16.403326,22.720737,-18.9007,64.51786,-26.625381,6.554043,4.8306327,-20.320917,-20.44751,34.213108,55.75634,40.17507,11.722205,-4.779802
1045,-165.38671875,-144.27418518066406,75.38875579833984,4.035994330673361,-14.091056438569042,-106.60275636805432,16.583841,8.171831,54.875496,27.629381,-23.865376,-0.3333226,19.47037,-11.5785265,-3.3774462,27.194674,-28.125174,11.2056675,-0.85408485,-5.991582,3.635486,-16.48365,22.712742,-18.974844,64.50153,-26.583332,6.650661,4.830261,-20.384272,-20.455921,34.256714,55.913532,40.376953,11.776793,-4.7329044
1046,-165.3596954345703,-144.37794494628906,75.43183135986328,4.11517739292372,-13.963798440103583,-107.01851650678907,16.837845,7.8638883,55.297375,27.014868,-23.658092,-0.3860691,18.773823,-11.751172,-3.0586743,28.265068,-28.018204,11.695606,-0.8177058,-6.21133,3.7242877,-16.547081,22.708113,-19.01564,64.45841,-26.492428,6.753389,4.8124375,-20.445509,-20.462069,34.271835,56.0605,40.56754,11.85074,-4.6921554
1047,-165.3365020751953,-144.4763946533203,75.47622680664062,4.185956870318773,-13.848518474948003,-107.39797983482413,17.09209,7.5465093,55.686012,26.373894,-23.433239,-0.43077636,18.078022,-11.920769,-2.7887425,29.34233,-27.908401,12.192625,-0.7762424,-6.44037,3.8181407,-16.631893,22.702923,-19.066929,64.428635,-26.390339,6.8597293,4.7957997,-20.495264,-20.469563,34.281845,56.203236,40.765186,11.926407,-4.6532845
1048,-165.3211212158203,-144.5728302001953,75.52125549316406,4.238538245308783,-13.75441593079846,-107.73050383312429,17.350464,7.2412424,56.019714,25.72371,-23.197538,-0.4782233,17.401653,-12.077854,-2.5773041,30.385529,-27.814337,12.6366,-0.74232095,-6.668908,3.9267604,-16.715849,22.696962,-19.10437,64.3838,-26.265781,6.9724793,4.7966876,-20.527782,-20.478462,34.292263,56.33426,40.947098,11.992547,-4.607154
1049,-165.3029022216797,-144.6659393310547,75.56916809082031,4.270980596789557,-13.687726597715463,-108.00861191077387,17.616262,6.94203,56.28754,25.05626,-22.948542,-0.5241814,16.7466,-12.221703,-2.4179697,31.409369,-27.740368,13.023596,-0.72292995,-6.9032183,4.0565586,-16.796186,22.693586,-19.116674,64.31086,-26.108692,7.0866303,4.8191023,-20.544786,-20.48406,34.31211,56.463905,41.12006,12.061393,-4.5485597
1050,-165.29434204101562,-144.7553253173828,75.62040710449219,4.293141979232448,-13.642221787396954,-108.2408292886761,17.887806,6.638971,56.50391,24.365852,-22.682335,-0.5653751,16.102577,-12.35934,-2.307413,32.42857,-27.675407,13.379141,-0.714554,-7.1424465,4.200466,-16.886713,22.686758,-19.115538,64.23249,-25.92823,7.202605,4.8538847,-20.554182,-20.494104,34.35229,56.594345,41.300713,12.133023,-4.484329
1051,-165.28927612304688,-144.8472900390625,75.6762924194336,4.2971357470700005,-13.609417424523407,-108.43753404329692,18.160702,6.35195,56.683945,23.668615,-22.405266,-0.6145355,15.468653,-12.49714,-2.259573,33.404114,-27.614824,13.685404,-0.71890736,-7.367668,4.3464403,-16.963045,22.675251,-19.091278,64.14775,-25.734703,7.3304267,4.897744,-20.558376,-20.509993,34.403805,56.70619,41.468925,12.179899,-4.4234304
1052,-165.2862548828125,-144.93804931640625,75.73538208007812,4.273499509086765,-13.580531531117794,-108.60842872634578,18.426037,6.1083565,56.84228,22.998537,-22.127712,-0.68349886,14.84394,-12.640335,-2.288853,34.29789,-27.554434,13.922798,-0.71505636,-7.5746975,4.483776,-17.025848,22.671957,-19.084003,64.067085,-25.562798,7.483522,4.949305,-20.549322,-20.514977,34.420513,56.788967,41.586597,12.171894,-4.3693337
1053,-165.29470825195312,-145.02767944335938,75.7958755493164,4.236285220743969,-13.561847206390567,-108.76524056379877,18.706804,5.876844,56.986732,22.308626,-21.822565,-0.7782078,14.218887,-12.801973,-2.373761,35.13236,-27.4998,14.070925,-0.71224755,-7.76248,4.620656,-17.098886,22.66142,-19.0687,64.01719,-25.394802,7.6936646,5.0037193,-20.532507,-20.531586,34.444862,56.836044,41.683903,12.078627,-4.3254733
1054,-165.30447387695312,-145.1178741455078,75.85821533203125,4.173465110006939,-13.553088667648648,-108.89377503913289,18.985975,5.6827564,57.103436,21.637444,-21.511393,-0.8912182,13.598086,-12.968848,-2.5195632,35.910923,-27.445684,14.139348,-0.7053382,-7.9366407,4.753044,-17.161018,22.656757,-19.066607,63.964336,-25.233435,7.9459386,5.0692153,-20.498116,-20.539808,34.446526,56.86365,41.74461,11.923005,-4.286327
1055,-165.32598876953125,-145.2124786376953,75.92156219482422,4.092168103341836,-13.545151552834138,-108.9932404873071,19.25317,5.520709,57.19721,20.988626,-21.20636,-1.0114202,12.995659,-13.156529,-2.7537806,36.595875,-27.388084,14.164466,-0.69344157,-8.095573,4.8772244,-17.22107,22.651264,-19.06916,63.937363,-25.097988,8.175337,5.137009,-20.460926,-20.550764,34.4314,56.85095,41.770725,11.7565565,-4.2557726
1056,-165.34716796875,-145.30221557617188,75.98379516601562,3.98927633561893,-13.527208780893247,-109.0578493229663,19.489956,5.4022117,57.269596,20.386753,-20.929276,-1.1277194,12.428587,-13.375896,-3.1082947,37.14278,-27.319136,14.1820135,-0.6717733,-8.232586,4.985612,-17.264374,22.64343,-19.082281,63.935688,-25.015205,8.318095,5.2064953,-20.433289,-20.570509,34.38892,56.78581,41.751514,11.631778,-4.2360926
1057,-165.3721160888672,-145.3975372314453,76.0456771850586,3.8527319719524664,-13.495336199829346,-109.08278784740156,19.684437,5.350044,57.320213,19.860605,-20.698929,-1.2371548,11.898592,-13.622802,-3.6058936,37.536667,-27.244585,14.198994,-0.67901796,-8.3353815,5.061275,-17.260376,22.641594,-19.088726,63.973835,-24.999708,8.337226,5.2864304,-20.45808,-20.57614,34.365032,56.688473,41.69163,11.558926,-4.2387276
1058,-165.39932250976562,-145.4965057373047,76.10395050048828,3.699440119773212,-13.457655556272288,-109.07658947947088,19.860924,5.3304925,57.35167,19.361319,-20.487125,-1.3442035,11.399513,-13.907946,-4.2204714,37.80809,-27.168867,14.198828,-0.6755977,-8.422415,5.128726,-17.248674,22.639227,-19.111057,64.05242,-25.031033,8.273923,5.374928,-20.493032,-20.589048,34.29884,56.53266,41.573643,11.517391,-4.252386
1059,-165.43679809570312,-145.5890655517578,76.16255187988281,3.530487249249741,-13.415523641043823,-109.03954753583037,20.015081,5.346265,57.360485,18.906239,-20.296553,-1.451498,10.934577,-14.22224,-4.927426,37.967396,-27.07544,14.174255,-0.62832993,-8.505978,5.1934376,-17.2505,22.636055,-19.160494,64.13493,-25.098143,8.180659,5.4524374,-20.490015,-20.62058,34.17208,56.314724,41.415165,11.4931,-4.266115
1060,-165.4784393310547,-145.6844482421875,76.22050476074219,3.364080586187501,-13.372787012122783,-108.97770514973624,20.158209,5.3660893,57.347324,18.466188,-20.107853,-1.5606756,10.505717,-14.574356,-5.695256,38.03337,-26.951696,14.121841,-0.5815326,-8.583659,5.245845,-17.196035,22.63394,-19.142605,64.13319,-25.168224,8.109419,5.4961104,-20.512255,-20.647158,34.085083,56.133884,41.27423,11.461402,-4.275576
1061,-165.5237274169922,-145.78811645507812,76.27731323242188,3.201012431152295,-13.330404050759903,-108.89420790719261,20.293655,5.3838,57.31786,18.033686,-19.916843,-1.6751049,10.1201725,-14.976712,-6.543909,37.992027,-26.802639,14.038778,-0.5118346,-8.662475,5.2959976,-17.09665,22.634382,-19.057878,64.03178,-25.23977,8.078677,5.4920416,-20.537962,-20.678217,34.008274,55.96279,41.13376,11.425975,-4.282164
1062,-165.5673370361328,-145.8863983154297,76.32999420166016,3.0355719139551876,-13.286039308061783,-108.78580491158866,20.416155,5.4121623,57.270245,17.620508,-19.731867,-1.7924209,9.7770195,-15.420365,-7.483186,37.841877,-26.633894,13.92948,-0.43324396,-8.734179,5.338659,-16.947311,22.638529,-18.91391,63.854965,-25.321302,8.059352,5.45361,-20.579544,-20.710129,33.94659,55.797756,40.987408,11.392754,-4.289145
1063,-165.61172485351562,-145.98471069335938,76.38331604003906,2.8653495736684227,-13.240549815648297,-108.64801753830031,20.523039,5.456035,57.193787,17.234825,-19.555822,-1.908158,9.467421,-15.877148,-8.466689,37.614918,-26.432392,13.799267,-0.3614148,-8.798749,5.3792753,-16.745687,22.650616,-18.711906,63.60709,-25.399992,8.036195,5.39879,-20.627954,-20.751648,33.901993,55.63049,40.84797,11.360658,-4.286141
1064,-165.6654510498047,-146.07583618164062,76.4342269897461,2.6920960738731186,-13.193691520173466,-108.4771047325438,20.611584,5.5197635,57.077938,16.88432,-19.391441,-2.0173328,9.180089,-16.318283,-9.447024,37.343346,-26.18469,13.652603,-0.29302952,-8.8636875,5.415802,-16.519466,22.66684,-18.491901,63.32787,-25.475216,7.991346,5.349775,-20.667631,-20.791191,33.858494,55.472622,40.72409,11.324079,-4.263186
1065,-165.71885681152344,-146.17868041992188,76.48600006103516,2.508902598856234,-13.144153930351498,-108.26975080625307,20.674238,5.6129208,56.91488,16.585371,-19.244818,-2.116954,8.916763,-16.74616,-10.441725,37.019676,-25.865898,13.484773,-0.21331464,-8.932501,5.435137,-16.291739,22.675173,-18.285877,63.046024,-25.570868,7.90417,5.305849,-20.692814,-20.812363,33.792988,55.35169,40.613373,11.275012,-4.207884
1066,-165.7759552001953,-146.2847137451172,76.53709411621094,2.320019117563683,-13.09205415348099,-108.02887983856058,20.714329,5.7316794,56.711903,16.331736,-19.114542,-2.2104409,8.682032,-17.171553,-11.467957,36.6332,-25.491327,13.296005,-0.1657029,-8.988011,5.457903,-15.978657,22.694311,-17.981968,62.6624,-25.646898,7.7954907,5.2484884,-20.72962,-20.845724,33.749195,55.226883,40.5147,11.225315,-4.1278534
1067,-165.83473205566406,-146.37953186035156,76.58512115478516,2.1308698330199376,-13.041293257552935,-107.75887711654943,20.744987,5.8573923,56.480125,16.093645,-18.988684,-2.3017323,8.467016,-17.57877,-12.476438,36.211197,-25.10851,13.097262,-0.10582765,-9.05079,5.477993,-15.67153,22.714142,-17.689793,62.28083,-25.713018,7.68775,5.204373,-20.757748,-20.874596,33.70808,55.111465,40.4271,11.175173,-4.0453644
1068,-165.9053955078125,-146.48260498046875,76.63534545898438,1.9492302665595163,-12.995738172307986,-107.4640690471167,20.780262,5.97164,56.230976,15.8399315,-18.85488,-2.39492,8.263079,-17.955173,-13.41655,35.777798,-24.762178,12.900716,-0.023317158,-9.12686,5.5038934,-15.410113,22.727848,-17.436403,61.94877,-25.741718,7.607027,5.193384,-20.782682,-20.894777,33.67279,55.00849,40.344673,11.13196,-3.979875
1069,-165.9808807373047,-146.57754516601562,76.68215942382812,1.7752230167822494,-12.959249338483525,-107.14560890882494,20.82796,6.070054,55.96897,15.558724,-18.708168,-2.4917276,8.07008,-18.301298,-14.292081,35.336243,-24.478735,12.679049,0.081839494,-9.214168,5.539811,-15.193243,22.7363,-17.216734,61.65657,-25.713926,7.5758677,5.226308,-20.806414,-20.909758,33.654503,54.910152,40.277863,11.092332,-3.9440687
1070,-166.05661010742188,-146.6792755126953,76.73037719726562,1.6062852262563592,-12.92842280349211,-106.80125685166436,20.881834,6.1582346,55.687965,15.257394,-18.553322,-2.5895386,7.8900137,-18.622503,-15.123971,34.873863,-24.229063,12.437337,0.22420517,-9.315875,5.575136,-15.035047,22.73765,-17.061007,61.420124,-25.663572,7.57227,5.2946324,-20.813524,-20.917276,33.635506,54.822445,40.22949,11.051652,-3.925824
1071,-166.132568359375,-146.7781982421875,76.77241516113281,1.4426150039308308,-12.89794618947659,-106.42964401368701,20.925606,6.248814,55.381893,14.972479,-18.402885,-2.6867638,7.716713,-18.910313,-15.8856125,34.39037,-23.97415,12.234068,0.30663803,-9.403112,5.631785,-14.79321,22.743895,-16.774286,61.110985,-25.535408,7.571262,5.364257,-20.86545,-20.936136,33.674503,54.732708,40.172276,11.032329,-3.9041657
1072,-166.2178955078125,-146.88693237304688,76.81654357910156,1.287851838520015,-12.861973730874741,-106.02925088490754,20.944113,6.3494573,55.044712,14.732968,-18.268555,-2.7817547,7.541714,-19.15649,-16.54982,33.887337,-23.674818,12.126714,0.4333415,-9.515721,5.6754994,-14.640308,22.743761,-16.595114,60.92219,-25.449276,7.528276,5.4407983,-20.882608,-20.94403,33.674923,54.667553,40.093094,11.029836,-3.8644278
1073,-166.30638122558594,-146.99087524414062,76.8552017211914,1.1428477033593347,-12.819798360464533,-105.59993036763802,20.941334,6.4548287,54.676003,14.524265,-18.145643,-2.8740597,7.3660145,-19.3614,-17.118866,33.358498,-23.311913,12.128495,0.5510822,-9.635987,5.7195444,-14.492141,22.73867,-16.3999,60.784138,-25.360346,7.4190784,5.499994,-20.902084,-20.947882,33.673565,54.622414,39.971066,11.059938,-3.7925222
1074,-166.4000701904297,-147.09149169921875,76.8874282836914,1.005123852818377,-12.774333804684524,-105.14218648137462,20.919624,6.566246,54.27818,14.348355,-18.032646,-2.9649656,7.1907954,-19.529427,-17.60155,32.803745,-22.906746,12.208639,0.67724276,-9.768789,5.761949,-14.373367,22.72834,-16.222418,60.709373,-25.26984,7.2671905,5.5563483,-20.915487,-20.945993,33.666367,54.596657,39.82244,11.113182,-3.7008739
1075,-166.4998321533203,-147.1950225830078,76.91923522949219,0.8761018717226157,-12.724857773147951,-104.6559406683197,20.875021,6.6838236,53.850502,14.209909,-17.935598,-3.0537822,7.0105395,-19.65839,-17.979687,32.231564,-22.479599,12.357572,0.7883639,-9.902678,5.804271,-14.261392,22.710127,-16.0395,60.65612,-25.162046,7.119096,5.6318464,-20.946838,-20.935654,33.676765,54.59981,39.67134,11.175376,-3.6086187
1076,-166.6003875732422,-147.29750061035156,76.9480972290039,0.7570689850044651,-12.670520453749543,-104.14108777515082,20.803888,6.8072095,53.392593,14.113418,-17.859024,-3.1401112,6.817503,-19.745058,-18.235018,31.652834,-22.05261,12.565413,0.9187282,-10.050586,5.8464713,-14.203421,22.699171,-15.941275,60.63623,-25.070992,7.0210466,5.7538395,-20.960318,-20.926445,33.67449,54.607132,39.546635,11.230775,-3.534591
1077,-166.7075653076172,-147.39987182617188,76.97147369384766,0.6486740048548586,-12.610365569653803,-103.59276378498454,20.701004,6.9393864,52.899677,14.067723,-17.80813,-3.2246523,6.615082,-19.784712,-18.348917,31.053043,-21.61215,12.867009,1.0357054,-10.203274,5.8943224,-14.163215,22.690695,-15.874201,60.609695,-24.955982,6.9932604,5.9494314,-20.984753,-20.916006,33.68244,54.631046,39.45103,11.283019,-3.4849987
1078,-166.8162841796875,-147.50051879882812,76.98995208740234,0.5492023639006741,-12.54553221381518,-103.01208029208706,20.571117,7.07618,52.373436,14.0611105,-17.775122,-3.3072076,6.405779,-19.781126,-18.333477,30.430513,-21.153616,13.253812,1.1153873,-10.353063,5.941715,-14.1102915,22.676317,-15.786296,60.57247,-24.803238,7.008724,6.196881,-21.056398,-20.883928,33.72926,54.70986,39.371784,11.335901,-3.4498563
1079,-166.92401123046875,-147.5995330810547,77.0036849975586,0.46137001082232126,-12.47668208177487,-102.40971116410104,20.41801,7.217004,51.822803,14.094972,-17.761812,-3.3868675,6.1850414,-19.750656,-18.217375,29.81122,-20.710968,13.653885,1.200434,-10.511065,5.98347,-14.084324,22.666542,-15.738266,60.563057,-24.673233,7.0451674,6.4450345,-21.131466,-20.83911,33.78423,54.81031,39.30651,11.38085,-3.422971
1080,-167.03244018554688,-147.70242309570312,77.01768493652344,0.38155152353626165,-12.406142217644266,-101.79501838636939,20.255388,7.349499,51.257515,14.138998,-17.75229,-3.4622712,5.9482517,-19.709515,-18.030296,29.222704,-20.317942,13.994784,1.3001759,-10.670737,6.0279803,-14.072421,22.66324,-15.7063675,60.563858,-24.58261,7.0825615,6.6367774,-21.193613,-20.800827,33.83507,54.89392,39.2441,11.41626,-3.3942678
1081,-167.14523315429688,-147.80352783203125,77.02951049804688,0.3145096628240634,-12.333869560973934,-101.16453114891965,20.081017,7.4712653,50.673428,14.196272,-17.748343,-3.5322127,5.684933,-19.663404,-17.755543,28.68902,-20.003323,14.243967,1.3918453,-10.829663,6.069306,-14.052214,22.664364,-15.661088,60.567417,-24.528458,7.109667,6.7527146,-21.277157,-20.750408,33.913593,55.000645,39.186905,11.430327,-3.3675065
1082,-167.26235961914062,-147.91148376464844,77.03828430175781,0.2585947569499634,-12.259468497094256,-100.51523895564273,19.891996,7.5855837,50.068176,14.272854,-17.753086,-3.597808,5.402315,-19.605772,-17.385584,28.189741,-19.742588,14.443733,1.4803734,-10.991452,6.112174,-14.034228,22.67203,-15.617066,60.574234,-24.500767,7.1402874,6.8235235,-21.363375,-20.696936,34.00709,55.107304,39.136196,11.431158,-3.3465142
1083,-167.37646484375,-148.0236358642578,77.04386138916016,0.20807518249489945,-12.183117776526817,-99.8567125088647,19.690763,7.7000885,49.452114,14.370412,-17.767118,-3.6610785,5.118668,-19.532982,-16.965729,27.69237,-19.493032,14.634291,1.5663866,-11.14875,6.1518865,-14.008186,22.68821,-15.569791,60.57313,-24.49707,7.188307,6.8675156,-21.464287,-20.636127,34.114445,55.225975,39.094467,11.43124,-3.3201082
1084,-167.48806762695312,-148.12864685058594,77.04470825195312,0.16018102177732116,-12.104503760383723,-99.19943238832413,19.482218,7.8203278,48.836082,14.485719,-17.788366,-3.723968,4.852072,-19.442984,-16.540836,27.164963,-19.211433,14.8567915,1.6700363,-11.292089,6.1914506,-13.986963,22.706665,-15.534905,60.56613,-24.51735,7.266889,6.904582,-21.555435,-20.589052,34.209225,55.323673,39.061443,11.447818,-3.2769709
1085,-167.60336303710938,-148.2371368408203,77.04740142822266,0.11276002787965149,-12.022875432306103,-98.55407539489065,19.262838,7.957585,48.229923,14.636611,-17.82575,-3.7881021,4.595861,-19.304562,-16.082382,26.586254,-18.898024,15.000033,1.8174584,-11.412166,6.237155,-13.995155,22.713974,-15.536799,60.57476,-24.562077,7.3953066,6.9442534,-21.61518,-20.577633,34.258247,55.375603,39.022137,11.4996805,-3.1928084
1086,-167.7313232421875,-148.3440704345703,77.04864501953125,0.03644426515314459,-11.930627225919068,-97.93022623115951,18.999567,8.180019,47.643032,14.910739,-17.918795,-3.8622181,4.3403254,-19.067488,-15.564466,25.94319,-18.55149,15.000033,1.9485773,-11.485355,6.253688,-13.954056,22.749727,-15.518763,60.552265,-24.649794,7.5649447,6.9698443,-21.73639,-20.532745,34.385178,55.482285,39.022404,11.55912,-3.090315
1087,-167.86154174804688,-148.45867919921875,77.05081939697266,-0.045913738226194295,-11.835328767110326,-97.29913267846685,18.71704,8.423003,47.04756,15.222169,-18.026855,-3.9381258,4.1121163,-18.814287,-15.061235,25.271824,-18.167389,15.000033,2.0945768,-11.548618,6.273678,-13.912314,22.789854,-15.492333,60.50862,-24.744055,7.736077,6.9760966,-21.844288,-20.490345,34.484802,55.56936,39.01784,11.6159525,-2.9981215
1088,-167.9862823486328,-148.5720977783203,77.0528793334961,-0.14387082457403721,-11.734801732569027,-96.650964127681,18.404581,8.703939,46.435036,15.585795,-18.154272,-4.018258,3.928714,-18.553247,-14.628002,24.570303,-17.71889,15.000033,2.2492077,-11.594308,6.291101,-13.874128,22.821663,-15.442565,60.44361,-24.833845,7.868316,6.957054,-21.930372,-20.459866,34.57178,55.630844,39.025978,11.645571,-2.9588716
1089,-168.1100616455078,-148.691162109375,77.05561065673828,-0.26866760067295925,-11.625445997866278,-95.99435780955811,18.051224,9.048781,45.813896,16.032791,-18.314806,-4.1077204,3.7937784,-18.24773,-14.2460785,23.791975,-17.14973,15.000033,2.4276192,-11.614079,6.303444,-13.841976,22.841213,-15.35616,60.35484,-24.922411,7.946535,6.8932033,-21.986483,-20.440641,34.64398,55.655865,39.054417,11.633571,-3.0050004
1090,-168.24940490722656,-148.81117248535156,77.06088256835938,-0.4134626865818605,-11.508056022994552,-95.3295890589276,17.664337,9.438928,45.18311,16.541187,-18.499367,-4.2039475,3.7002373,-17.905031,-13.899676,22.947166,-16.486956,15.000033,2.5603943,-11.6013775,6.3062563,-13.708885,22.874758,-15.154441,60.149704,-24.999386,8.001536,6.7881866,-22.09228,-20.402927,34.780785,55.700886,39.116673,11.590947,-3.1100209
1091,-168.40052795410156,-148.92283630371094,77.06442260742188,-0.5580370795101416,-11.388220924766669,-94.63864905691577,17.2632,9.825962,44.523033,17.04818,-18.679106,-4.2991686,3.640512,-17.593225,-13.642809,22.128838,-15.83107,15.000033,2.718807,-11.588171,6.3060365,-13.645226,22.8904,-15.007178,59.99898,-25.081146,8.035536,6.6883025,-22.152418,-20.38218,34.86626,55.722218,39.168846,11.543102,-3.2202725
1092,-168.54417419433594,-149.04014587402344,77.06763458251953,-0.687893207620023,-11.271518334944094,-93.90260148413846,16.864021,10.163334,43.814556,17.498817,-18.82802,-4.384714,3.6028934,-17.377684,-13.530327,21.4344,-15.283551,15.000033,2.8256645,-11.583954,6.3016763,-13.588023,22.906559,-14.86983,59.85868,-25.143211,8.068601,6.622917,-22.220833,-20.361328,34.960663,55.762905,39.208725,11.508562,-3.28855
1093,-168.68408203125,-149.16656494140625,77.07209014892578,-0.7974317562918991,-11.154908217086582,-93.11140544401711,16.464718,10.440181,43.047737,17.88051,-18.942963,-4.457333,3.5850534,-17.277279,-13.581756,20.874401,-14.907396,15.000033,2.884119,-11.598663,6.2920585,-13.555357,22.924866,-14.76488,59.7425,-25.187376,8.103386,6.6092033,-22.289482,-20.33887,35.038124,55.82404,39.21057,11.50672,-3.2899396
1094,-168.823486328125,-149.2902069091797,77.07201385498047,-0.8968420518607712,-11.036973645937033,-92.27700462928783,16.056507,10.683522,42.235203,18.22998,-19.037376,-4.5221863,3.5884852,-17.253965,-13.766948,20.408699,-14.639205,15.000033,2.9266531,-11.624065,6.278226,-13.566515,22.937998,-14.703583,59.66223,-25.223974,8.130304,6.6283464,-22.33875,-20.323994,35.082085,55.88695,39.184654,11.522781,-3.253538
1095,-168.96737670898438,-149.41867065429688,77.07439422607422,-0.9861293478166698,-10.925144673584605,-91.41456244720568,15.653862,10.897299,41.393524,18.547314,-19.113863,-4.5829167,3.6023877,-17.284906,-14.065118,20.066442,-14.395653,15.000033,2.937137,-11.651722,6.2648587,-13.573544,22.958832,-14.650079,59.57861,-25.250933,8.151823,6.657082,-22.393732,-20.303558,35.1412,55.96581,39.172855,11.523705,-3.2117872
1096,-169.10519409179688,-149.5523681640625,77.07795715332031,-1.0673782807547798,-10.827345727704014,-90.53908228934374,15.270472,11.086659,40.53934,18.834156,-19.175758,-4.6430593,3.6153176,-17.352234,-14.453055,19.8806,-14.094952,15.000033,2.9504447,-11.679248,6.2588916,-13.610117,22.98002,-14.642704,59.528244,-25.279644,8.163061,6.678341,-22.42626,-20.288025,35.2044,56.041348,39.204063,11.479078,-3.1945996
1097,-169.2473907470703,-149.6908721923828,77.08232116699219,-1.135082845081393,-10.746423007040192,-89.64582723388648,14.920735,11.231993,39.671864,19.058716,-19.210762,-4.6990094,3.622184,-17.50393,-15.001206,19.914858,-13.784671,15.000033,2.9544907,-11.714985,6.2615433,-13.659968,23.01353,-14.682847,59.493984,-25.320873,8.159966,6.6904955,-22.441292,-20.271955,35.2972,56.12399,39.30284,11.362072,-3.221155
1098,-169.38771057128906,-149.82522583007812,77.08321380615234,-1.1899646796826524,-10.678883320324369,-88.72829906667899,14.5933,11.338919,38.78342,19.2381,-19.223858,-4.749471,3.6326907,-17.736864,-15.695002,20.139378,-13.4923315,15.000033,2.9517915,-11.755485,6.272902,-13.737767,23.044306,-14.768001,59.487606,-25.363436,8.143219,6.7039948,-22.433178,-20.264542,35.395855,56.205807,39.440926,11.197269,-3.270033
1099,-169.5260009765625,-149.96481323242188,77.08381652832031,-1.2420052388881044,-10.622904439694619,-87.79950762725701,14.274415,11.439712,37.88136,19.415253,-19.233454,-4.8040695,3.6554124,-17.954773,-16.382484,20.439974,-13.099108,15.000033,2.9443712,-11.794177,6.2896953,-13.828086,23.08627,-14.876939,59.496647,-25.399197,8.127487,6.709557,-22.414715,-20.260399,35.492928,56.278656,39.598564,11.0236845,-3.3160524
1100,-169.67144775390625,-150.1120147705078,77.085205078125,-1.3046494856590531,-10.575927173402702,-86.87326977714271,13.948876,11.566747,36.974976,19.633154,-19.25959,-4.868389,3.6928086,-18.06008,-16.910515,20.703606,-12.480519,15.000033,2.9356973,-11.802187,6.316219,-13.921488,23.103142,-14.944358,59.51815,-25.371637,8.122386,6.701616,-22.405684,-20.260935,35.554176,56.338463,39.725925,10.887842,-3.3287485
1101,-169.8241424560547,-150.25564575195312,77.08455657958984,-1.3929482551475878,-10.527080558693564,-85.95686028253259,13.590175,11.752433,36.066086,19.931814,-19.317738,-4.949965,3.7342827,-17.965454,-17.17853,20.84418,-11.3979225,15.000033,2.9410975,-11.791084,6.322772,-14.049291,23.140884,-15.048624,59.594826,-25.319132,8.133844,6.6718764,-22.390345,-20.265251,35.618202,56.377533,39.871998,10.787251,-3.2970715
1102,-169.98858642578125,-150.40098571777344,77.08177185058594,-1.4984041794788487,-10.481250375916733,-85.04262931326608,13.214028,11.971759,35.150417,20.27651,-19.393408,-5.0438514,3.778329,-17.742697,-17.290796,20.939756,-9.981516,15.000033,2.9417398,-11.748986,6.3341565,-14.173485,23.164787,-15.111366,59.67616,-25.188604,8.155126,6.6241407,-22.388414,-20.270313,35.651,56.40951,39.991768,10.713249,-3.2272172
1103,-170.14547729492188,-150.5516357421875,77.07799530029297,-1.597945835544386,-10.45551327774086,-84.12138440695406,12.865442,12.170394,34.22719,20.597038,-19.458529,-5.1412168,3.838708,-17.5289,-17.398973,21.116547,-8.655431,15.000033,2.9449556,-11.707664,6.3572164,-14.311535,23.200056,-15.202037,59.77009,-25.091734,8.182539,6.5740943,-22.367182,-20.282335,35.67325,56.415565,40.12426,10.65302,-3.1650932
1104,-170.28677368164062,-150.70457458496094,77.06902313232422,-1.6668282763148161,-10.46827356965957,-83.18272466876793,12.588564,12.29519,33.295826,20.831936,-19.489408,-5.2320957,3.9303765,-17.46378,-17.64444,21.503662,-7.8450847,15.000033,2.9267452,-11.66925,6.4119754,-14.4202,23.228907,-15.284489,59.82779,-25.063044,8.210367,6.5360975,-22.351646,-20.29489,35.69566,56.425632,40.25795,10.603176,-3.1416156
1105,-170.42637634277344,-150.85397338867188,77.0613021850586,-1.770501782565894,-10.520465960252919,-82.24023701309945,12.353554,12.457045,32.363674,21.077179,-19.527342,-5.3337927,4.0369806,-17.45987,-18.049086,22.132664,-7.674448,14.578592,2.909577,-11.578241,6.4985337,-14.501064,23.268518,-15.384336,59.836697,-25.16665,8.233357,6.5131307,-22.317978,-20.313602,35.712124,56.41164,40.412056,10.559166,-3.188383
1106,-170.59507751464844,-151.0253143310547,77.09761810302734,-1.9486330340985436,-10.589043355122108,-81.3205159878074,12.106602,12.739198,31.446117,21.42232,-19.610836,-5.462744,4.161264,-17.380293,-18.552023,22.854368,-7.8720503,13.578878,2.890484,-11.379317,6.5898213,-14.544659,23.28181,-15.437456,59.811157,-25.317661,8.251476,6.4993796,-22.312626,-20.318953,35.734444,56.422417,40.56366,10.52529,-3.276669
1107,-170.73922729492188,-151.1884307861328,77.08757019042969,-2.103749353398013,-10.665317885496453,-80.41411863846359,11.884548,12.98375,30.543034,21.738255,-19.685852,-5.5948234,4.3496866,-17.35365,-19.155941,23.57509,-8.298332,12.540947,2.9013314,-11.204167,6.675355,-14.610141,23.330242,-15.57559,59.8007,-25.53564,8.283281,6.492973,-22.268002,-20.339682,35.756477,56.40124,40.73573,10.500229,-3.3691022
1108,-170.87022399902344,-151.3627166748047,77.0482177734375,-2.181459539162252,-10.732755882200895,-79.53605774833834,11.689386,13.117165,29.672338,21.980877,-19.735569,-5.7203417,4.645202,-17.419472,-19.869537,24.147049,-8.780542,11.7461815,2.9045064,-11.075605,6.7476745,-14.652198,23.351871,-15.656033,59.785435,-25.653994,8.33939,6.491317,-22.259531,-20.348957,35.783417,56.41713,40.85781,10.497167,-3.4122877
1109,-171.01426696777344,-151.5353240966797,77.0178451538086,-2.1510747894742077,-10.788307987552548,-78.69378014022784,11.527246,13.099888,28.844437,22.126738,-19.75131,-5.8354383,5.0588155,-17.62878,-20.742085,24.581274,-9.353905,11.269629,2.9446926,-11.049382,6.7919245,-14.71528,23.396227,-15.801372,59.79977,-25.727093,8.439056,6.488908,-22.231665,-20.37008,35.815475,56.422512,40.963463,10.514401,-3.3967361
1110,-171.16336059570312,-151.70404052734375,76.98392486572266,-2.0482012779863994,-10.843416540346187,-77.87856165215983,11.395541,12.982843,28.049704,22.210001,-19.7463,-5.9450884,5.5710616,-17.943048,-21.75127,24.942083,-10.084499,10.967193,2.9919715,-11.073757,6.824468,-14.7650585,23.435392,-15.93498,59.81081,-25.745516,8.569564,6.4873314,-22.21722,-20.39124,35.853813,56.439396,41.04024,10.552608,-3.3436494
1111,-171.3121337890625,-151.88241577148438,76.94195556640625,-1.9167897402445375,-10.901258526148853,-77.08111202449408,11.278926,12.830876,27.274227,22.274832,-19.737291,-6.0538816,6.1751184,-18.273056,-22.806555,25.167103,-10.843541,10.790507,3.0410984,-11.10848,6.849281,-14.816105,23.46588,-16.062721,59.832207,-25.741936,8.700493,6.501437,-22.204456,-20.410082,35.88812,56.46797,41.095,10.603267,-3.272369
1112,-171.45407104492188,-152.0703125,76.90106964111328,-1.8019597516328876,-10.963741181110453,-76.29067019799479,11.16243,12.705308,26.50363,22.36218,-19.739813,-6.166029,6.859354,-18.527393,-23.816822,25.19425,-11.501323,10.687259,3.0854275,-11.114541,6.8755503,-14.875415,23.4857,-16.178114,59.865185,-25.740164,8.803051,6.544944,-22.184765,-20.42592,35.899593,56.507072,41.126495,10.659447,-3.198832
1113,-171.5907440185547,-152.2583770751953,76.86319732666016,-1.7104662120436744,-11.032941469175022,-75.50079330871758,11.041362,12.615379,25.72947,22.485727,-19.760836,-6.2802734,7.6401167,-18.68293,-24.776516,24.977942,-12.035453,10.644705,3.1152515,-11.085092,6.9039984,-14.935135,23.492401,-16.269705,59.90575,-25.75936,8.856224,6.632301,-22.155085,-20.435999,35.87956,56.545647,41.11942,10.730333,-3.1207356
1114,-171.7289276123047,-152.45164489746094,76.82369995117188,-1.6216797715799063,-11.107441880146988,-74.71729864647764,10.924337,12.529989,24.960531,22.62154,-19.790743,-6.395115,8.515173,-18.780245,-25.732067,24.55793,-12.5057535,10.6888685,3.169684,-11.046998,6.9324846,-15.03534,23.486336,-16.399128,59.985615,-25.799614,8.878217,6.7560983,-22.090681,-20.451921,35.800045,56.57303,41.072426,10.816447,-3.0282516
1115,-171.87628173828125,-152.64239501953125,76.78273010253906,-1.533733626534747,-11.184113568891105,-73.95040785683905,10.815563,12.450712,24.207693,22.755148,-19.820326,-6.514899,9.44239,-18.824606,-26.666693,23.999846,-12.907779,10.822517,3.1955864,-10.986286,6.958773,-15.108504,23.474756,-16.47227,60.04813,-25.794485,8.904874,6.885236,-22.054,-20.458761,35.754673,56.63884,41.030483,10.896258,-2.940034
1116,-172.02394104003906,-152.8306884765625,76.73626708984375,-1.4495010129816988,-11.259558589547279,-73.21117448856049,10.721021,12.3773365,23.483564,22.869461,-19.839588,-6.6433725,10.378431,-18.820757,-27.562164,23.368273,-13.235846,11.050463,3.293329,-10.916633,6.98119,-15.316034,23.422375,-16.638569,60.243366,-25.742216,8.956338,7.0086937,-21.963959,-20.476929,35.663647,56.725166,41.005413,10.949499,-2.8679838
1117,-172.15570068359375,-153.01669311523438,76.68859100341797,-1.3580638595258046,-11.331794355198255,-72.501778910177,10.646272,12.294704,22.791227,22.95009,-19.84184,-6.780413,11.342372,-18.775633,-28.41275,22.61545,-13.462353,11.440898,3.3885884,-10.837085,7.0027647,-15.5397415,23.358673,-16.75537,60.458694,-25.587143,9.072784,7.088293,-21.899347,-20.493021,35.6269,56.87211,41.031376,10.9762,-2.814762
1118,-172.3042449951172,-153.2158203125,76.65653991699219,-1.2582172023161098,-11.403236135418897,-71.81747056522553,10.58756,12.207179,22.12473,23.007326,-19.833025,-6.9239397,12.347442,-18.680685,-29.228905,21.717041,-13.58844,11.970232,3.5146623,-10.7398,7.0167394,-15.842191,23.243404,-16.884108,60.764988,-25.360765,9.221573,7.15335,-21.826534,-20.51622,35.595234,57.065968,41.08277,10.985145,-2.7735677
1119,-172.4483184814453,-153.41488647460938,76.6224365234375,-1.1756109074046597,-11.47313241169361,-71.15624131184173,10.53042,12.146482,21.48,23.069427,-19.825428,-7.0751505,13.341359,-18.531254,-30.014803,20.779266,-13.660958,12.508438,3.6295278,-10.614501,7.0230737,-16.143475,23.128738,-17.016148,61.07666,-25.105246,9.3614025,7.2370043,-21.753912,-20.535175,35.588673,57.281963,41.149784,10.9691,-2.7520108
1120,-172.59991455078125,-153.6108856201172,76.5885238647461,-1.1311902397688094,-11.54025690174056,-70.51605926107308,10.460956,12.143498,20.852547,23.161285,-19.829699,-7.2354794,14.261752,-18.33177,-30.769629,19.936487,-13.736163,12.925893,3.7093923,-10.447325,7.020504,-16.392889,23.048607,-17.170101,61.334747,-24.865984,9.450836,7.3796887,-21.675661,-20.544605,35.60786,57.493935,41.217045,10.921029,-2.7568376
1121,-172.74649047851562,-153.80349731445312,76.55511474609375,-1.1344276157074473,-11.61079491367503,-69.90232232928446,10.384971,12.21317,20.24723,23.295547,-19.855808,-7.4092503,15.108079,-18.06995,-31.484158,19.200617,-13.826395,13.18988,3.8185298,-10.203067,6.9953456,-16.721096,22.90642,-17.465014,61.70262,-24.66217,9.446284,7.6302514,-21.556944,-20.558102,35.631462,57.734287,41.276245,10.819774,-2.808216
1122,-172.8902130126953,-153.99488830566406,76.52476501464844,-1.1703619744372242,-11.68182849122171,-69.31418589313132,10.30717,12.335091,19.664106,23.453318,-19.894129,-7.5944877,15.905223,-17.754637,-32.156986,18.51626,-13.907414,13.370168,3.9138315,-9.912819,6.963984,-17.035725,22.777882,-17.804653,62.064995,-24.468176,9.390737,7.9413433,-21.42977,-20.56933,35.689976,57.98745,41.34028,10.67717,-2.8946097
1123,-173.04042053222656,-154.19326782226562,76.50354766845703,-1.2335355658774525,-11.740178727300554,-68.73984547054013,10.210867,12.492624,19.09177,23.621717,-19.931787,-7.7840385,16.639912,-17.40642,-32.803455,17.89217,-13.97609,13.487568,3.9607966,-9.601171,6.920904,-17.278849,22.69188,-18.101847,62.340405,-24.255646,9.32748,8.268743,-21.303085,-20.573383,35.751804,58.218246,41.41079,10.529633,-2.981952
1124,-173.1878204345703,-154.38755798339844,76.4903564453125,-1.31441105015355,-11.774435697720632,-68.16840227646041,10.077768,12.670559,18.517843,23.791569,-19.957378,-7.9705997,17.29842,-17.045996,-33.439053,17.339973,-14.030726,13.56175,3.9850233,-9.276637,6.842168,-17.52337,22.582855,-18.362907,62.611603,-24.00291,9.275916,8.58662,-21.154484,-20.573364,35.740334,58.418934,41.483856,10.409897,-3.037296
1125,-173.34518432617188,-154.5787353515625,76.48112487792969,-1.4326534583442907,-11.772452413232353,-67.59478959331598,9.88007,12.895815,17.933168,23.988611,-19.980032,-8.157962,17.85895,-16.655594,-34.06756,16.87996,-14.067628,13.577606,3.9729552,-8.909995,6.7117267,-17.757275,22.420723,-18.545273,62.873573,-23.66147,9.23068,8.9214735,-20.982609,-20.570608,35.645134,58.589516,41.573757,10.321127,-3.0517726
1126,-173.5064697265625,-154.7543487548828,76.47444915771484,-1.586325602716646,-11.743024270874502,-67.02569479196934,9.634992,13.165721,17.344666,24.206238,-20.000334,-8.348253,18.336002,-16.236084,-34.679993,16.50432,-14.09345,13.528609,3.888749,-8.515936,6.5578113,-17.887716,22.300009,-18.621557,63.010315,-23.261156,9.195553,9.264695,-20.812765,-20.564623,35.53372,58.715546,41.68912,10.248956,-3.0422993
1127,-173.66189575195312,-154.92750549316406,76.47012329101562,-1.7328279222389045,-11.70511572616527,-66.4671841535294,9.389142,13.423832,16.764874,24.394154,-19.997593,-8.531785,18.762436,-15.833013,-35.273376,16.196339,-14.130334,13.446671,3.7991662,-8.1217,6.3871107,-18.053133,22.142565,-18.698362,63.19081,-22.859795,9.16877,9.573905,-20.635414,-20.553347,35.376213,58.837044,41.78293,10.19708,-3.0183382
1128,-173.8170623779297,-155.1005401611328,76.4701156616211,-1.8311944783294345,-11.678349197113398,-65.9248175375136,9.188194,13.614327,16.207031,24.50552,-19.952732,-8.698622,19.169392,-15.494321,-35.84533,15.941504,-14.199837,13.365239,3.6832988,-7.785611,6.2398624,-18.197548,22.035847,-18.767237,63.335857,-22.526768,9.17808,9.773049,-20.477182,-20.539846,35.217896,58.931103,41.833023,10.174421,-2.9866312
1129,-173.9782257080078,-155.2628936767578,76.4709701538086,-1.86603017471825,-11.661670221950327,-65.39141100421823,9.033734,13.714524,15.665695,24.522196,-19.85415,-8.839972,19.54853,-15.245762,-36.400875,15.761443,-14.315285,13.278954,3.5816655,-7.515805,6.0967364,-18.419592,21.91018,-18.88616,63.5549,-22.256754,9.227223,9.842565,-20.312977,-20.515932,34.995384,59.020126,41.80634,10.182436,-2.9377007
1130,-174.15524291992188,-155.42214965820312,76.4721450805664,-1.8643087277599084,-11.646936305571138,-64.86597544705978,8.904775,13.759019,15.136714,24.473103,-19.714813,-8.963245,19.887577,-15.059164,-36.941174,15.661046,-14.466362,13.173549,3.4544904,-7.294084,5.959421,-18.634682,21.813162,-18.993431,63.750763,-22.023722,9.312567,9.809336,-20.154009,-20.485916,34.741714,59.08256,41.73463,10.218634,-2.8709767
1131,-174.32237243652344,-155.5846710205078,76.47321319580078,-1.840820750159436,-11.647669961298309,-64.3653252882828,8.81148,13.78025,14.63582,24.38778,-19.55509,-9.081496,20.21343,-14.902396,-37.45765,15.597068,-14.635554,13.069434,3.2704945,-7.0928335,5.8520455,-18.769285,21.782852,-19.050968,63.864655,-21.852991,9.409237,9.713005,-20.037392,-20.466324,34.559128,59.113304,41.66961,10.278761,-2.811664
1132,-174.49169921875,-155.7460174560547,76.47509002685547,-1.8112938755252181,-11.677493039196174,-63.90641291998661,8.767641,13.808238,14.179552,24.28985,-19.393446,-9.207724,20.55533,-14.741998,-37.941902,15.519691,-14.800837,12.987336,3.1577597,-6.913895,5.7813926,-19.001987,21.743784,-19.243084,64.097145,-21.795172,9.471992,9.624027,-19.919928,-20.426283,34.330467,59.15981,41.575474,10.353417,-2.7718086
1133,-174.66720581054688,-155.90060424804688,76.47471618652344,-1.7707888492533626,-11.748578401473372,-63.491999318824995,8.792742,13.83734,13.774222,24.168554,-19.224865,-9.342648,20.924866,-14.588045,-38.39538,15.433621,-14.965126,12.9383955,3.0291896,-6.734869,5.760775,-19.222307,21.731894,-19.470367,64.35767,-21.873512,9.497829,9.523651,-19.869888,-20.389624,34.21053,59.225494,41.51781,10.457167,-2.7709289
1134,-174.853271484375,-156.05148315429688,76.4710922241211,-1.7135338655312178,-11.851354231767425,-63.113780248770674,8.876145,13.85582,13.41095,24.01494,-19.042294,-9.480183,21.305777,-14.448738,-38.8227,15.355804,-15.134737,12.90874,2.933873,-6.591192,5.7750726,-19.503899,21.741985,-19.80806,64.699234,-22.08717,9.502116,9.39723,-19.842346,-20.328884,34.090714,59.310913,41.449192,10.584981,-2.7900589
1135,-175.0367431640625,-156.1944580078125,76.46047973632812,-1.660005696110929,-11.963943847438275,-62.77133153675368,8.976625,13.890439,13.081189,23.866106,-18.864569,-9.623244,21.67762,-14.298828,-39.215836,15.272055,-15.301048,12.880986,2.8000484,-6.4318547,5.8093705,-19.720589,21.769442,-20.087423,64.9993,-22.318993,9.495963,9.269918,-19.857635,-20.282158,34.045784,59.38641,41.39057,10.712384,-2.8229527
1136,-175.23072814941406,-156.33990478515625,76.45491027832031,-1.6286510542948134,-12.064147539166699,-62.46436032930165,9.055167,13.965309,12.777199,23.756142,-18.709305,-9.774914,22.02214,-14.108998,-39.567684,15.161995,-15.452905,12.838364,2.6566339,-6.2533374,5.8389316,-19.88266,21.801203,-20.316204,65.25935,-22.506628,9.484949,9.178749,-19.876282,-20.23988,34.01457,59.44198,41.318428,10.808097,-2.855917
1137,-175.41197204589844,-156.47833251953125,76.44518280029297,-1.6234250608433884,-12.150090631231578,-62.190603018729696,9.108337,14.0844555,12.495667,23.685421,-18.579096,-9.939408,22.337503,-13.87914,-39.87715,15.028886,-15.592245,12.7781925,2.5152621,-6.067131,5.8576965,-20.011913,21.839533,-20.521236,65.50861,-22.645288,9.4702425,9.138924,-19.89204,-20.18799,33.98926,59.495472,41.22901,10.850646,-2.8818853
1138,-175.60462951660156,-156.61399841308594,76.43195343017578,-1.6338031711820773,-12.232069481310964,-61.950771367296625,9.154966,14.235256,12.241087,23.636871,-18.464148,-10.113844,22.633257,-13.6215,-40.14832,14.878069,-15.722268,12.708589,2.3610485,-5.87392,5.876032,-20.09912,21.887749,-20.695066,65.74272,-22.761204,9.447702,9.131155,-19.93432,-20.119394,33.99516,59.564808,41.129818,10.860196,-2.9106362
1139,-175.79702758789062,-156.75177001953125,76.41747283935547,-1.657901154904336,-12.30583412897517,-61.750209694977215,9.187703,14.416609,12.01834,23.620945,-18.364494,-10.2913265,22.902061,-13.337287,-40.377052,14.708637,-15.841169,12.629888,2.1932466,-5.6621375,5.8891916,-20.134367,21.940899,-20.818638,65.93895,-22.866964,9.416476,9.13705,-20.000862,-20.03925,34.016926,59.63586,41.01476,10.860819,-2.9471116
1140,-175.9855194091797,-156.890380859375,76.40472412109375,-1.695673292650309,-12.366333808930367,-61.5935834748499,9.200833,14.627367,11.832253,23.645615,-18.279106,-10.464866,23.138416,-13.030269,-40.560356,14.519336,-15.946677,12.542587,2.0261946,-5.4305434,5.891864,-20.12159,21.999908,-20.901234,66.083084,-22.984816,9.376698,9.139392,-20.081863,-19.94499,34.01778,59.69736,40.871548,10.876171,-2.9958472
1141,-176.17019653320312,-157.0277099609375,76.39352416992188,-1.7524272132014826,-12.41467886292067,-61.48537627087369,9.19481,14.879633,11.68574,23.714005,-18.214136,-10.636445,23.348303,-12.684341,-40.695644,14.290302,-16.033041,12.443392,1.8730854,-5.1596365,5.8887463,-20.07643,22.045633,-20.949606,66.18677,-23.121904,9.325177,9.143525,-20.150673,-19.868786,33.976524,59.706615,40.697456,10.913297,-3.0613434
1142,-176.3538360595703,-157.15530395507812,76.38204193115234,-1.8266588401222397,-12.452452051178652,-61.422237956314916,9.172977,15.167946,11.576121,23.818739,-18.166512,-10.808135,23.53307,-12.303896,-40.785484,14.0266,-16.101688,12.333361,1.7260063,-4.875563,5.87645,-19.987768,22.107943,-20.9742,66.243675,-23.277113,9.268483,9.155131,-20.23869,-19.758263,33.904324,59.721546,40.48758,10.953999,-3.1385782
1143,-176.5433349609375,-157.2757568359375,76.36753845214844,-1.9037747581632292,-12.476862566639973,-61.397299690979224,9.130158,15.470625,11.49826,23.961536,-18.125746,-10.974263,23.680477,-11.925232,-40.833588,13.7726,-16.167738,12.220125,1.5866702,-4.5788336,5.8557534,-19.869915,22.159567,-20.963926,66.271835,-23.42499,9.200034,9.161165,-20.323593,-19.66047,33.822025,59.71027,40.26209,11.007044,-3.2213352
1144,-176.72879028320312,-157.39015197753906,76.35140228271484,-1.9672036282663599,-12.487517426173058,-61.40468522265216,9.0626745,15.764979,11.447062,24.141842,-18.080345,-11.128866,23.779358,-11.582048,-40.84506,13.568415,-16.244028,12.111002,1.4616002,-4.2876525,5.824605,-19.73717,22.196615,-20.928534,66.28375,-23.553474,9.117376,9.147465,-20.396057,-19.585527,33.73553,59.67151,40.030693,11.076523,-3.301484
1145,-176.91696166992188,-157.50929260253906,76.34085083007812,-2.017098919694684,-12.475419898674557,-61.44492316664849,8.959079,16.054258,11.432408,24.364609,-18.037365,-11.26707,23.81143,-11.279588,-40.816257,13.433625,-16.337955,12.004606,1.3535111,-4.001354,5.7747135,-19.584032,22.218279,-20.867208,66.27539,-23.66192,9.014629,9.10465,-20.451986,-19.536924,33.642136,59.600056,39.787014,11.165416,-3.3778126
1146,-177.0868377685547,-157.6193389892578,76.32852935791016,-2.0613521984407686,-12.444847996135511,-61.52049880868814,8.826072,16.347666,11.452843,24.627563,-17.999113,-11.393015,23.789211,-11.000876,-40.747467,13.344015,-16.441664,11.89828,1.2546706,-3.7193158,5.7088313,-19.397524,22.239214,-20.77349,66.23341,-23.756367,8.897263,9.040576,-20.51321,-19.485695,33.535587,59.523544,39.51949,11.268393,-3.452362
1147,-177.2577362060547,-157.7239227294922,76.3169174194336,-2.094933821151313,-12.41256991434424,-61.626716219641956,8.683346,16.634027,11.485292,24.925,-17.949812,-11.514825,23.746004,-10.745524,-40.64903,13.275616,-16.545692,11.796381,1.166841,-3.4436758,5.642298,-19.201897,22.251017,-20.662,66.17938,-23.838251,8.774306,8.971092,-20.566156,-19.448534,33.432053,59.42502,39.25983,11.382385,-3.5274892
1148,-177.4326629638672,-157.8231964111328,76.31098937988281,-2.1099843159550327,-12.395264371726341,-61.75887860959362,8.551342,16.901464,11.506934,25.249983,-17.873411,-11.6412735,23.715164,-10.513643,-40.531506,13.204122,-16.640575,11.703386,1.0805829,-3.1831982,5.590972,-19.002068,22.2596,-20.526964,66.11475,-23.899328,8.658357,8.91003,-20.631973,-19.411022,33.342205,59.332962,39.01986,11.50108,-3.6008103
1149,-177.60009765625,-157.9276885986328,76.30728149414062,-2.09861759286424,-12.401471541856312,-61.92052687615534,8.444771,17.136543,11.519103,25.596325,-17.759598,-11.777211,23.699799,-10.323594,-40.393333,13.147549,-16.732824,11.624691,1.0200762,-2.9500558,5.554262,-18.824005,22.257772,-20.408712,66.068016,-23.960213,8.5484705,8.863476,-20.675995,-19.3963,33.268593,59.213352,38.82758,11.625438,-3.679023
1150,-177.7622833251953,-158.03001403808594,76.3066177368164,-2.0664313140378314,-12.421311851166848,-62.11243445822845,8.350534,17.34912,11.531713,25.968319,-17.618437,-11.917412,23.684813,-10.168267,-40.230957,13.108882,-16.823416,11.556072,0.9429933,-2.7257886,5.543423,-18.599323,22.24769,-20.18674,65.96937,-23.955208,8.442808,8.8173895,-20.758036,-19.37338,33.201954,59.10622,38.627007,11.762425,-3.7530973
1151,-177.92442321777344,-158.1266632080078,76.31098937988281,-2.0304435653117796,-12.44207941401974,-62.32610747783047,8.244268,17.561575,11.534488,26.379644,-17.467997,-12.055374,23.670778,-10.012943,-40.049904,13.049517,-16.8979,11.488088,0.866106,-2.5029874,5.527311,-18.388412,22.23147,-19.983202,65.884254,-23.95869,8.338564,8.77671,-20.841991,-19.354683,33.16289,59.004356,38.455734,11.899483,-3.82686
1152,-178.08119201660156,-158.22848510742188,76.31761932373047,-2.0071123104462214,-12.4529270742974,-62.55312033953724,8.104279,17.79657,11.517682,26.839071,-17.323057,-12.185143,23.658516,-9.823035,-39.855427,12.932706,-16.943409,11.410816,0.7853494,-2.2661648,5.502439,-18.207151,22.212984,-19.819633,65.816216,-23.976969,8.237185,8.740098,-20.926798,-19.34028,33.132793,58.912052,38.294518,12.0335045,-3.8921058
1153,-178.2490997314453,-158.3207550048828,76.3216552734375,-1.9989208543556822,-12.450809085693884,-62.79675658545207,7.9265223,18.055882,11.479222,27.350672,-17.178196,-12.315068,23.64794,-9.592595,-39.644638,12.746973,-16.954252,11.320293,0.7116627,-2.019873,5.4687877,-18.065546,22.19924,-19.717869,65.76552,-24.01673,8.148158,8.722321,-21.006634,-19.332232,33.09862,58.8222,38.127438,12.174989,-3.9387999
1154,-178.40365600585938,-158.41290283203125,76.33123779296875,-1.9937351931078175,-12.442646870671368,-63.06042906239619,7.723278,18.326511,11.424948,27.906572,-17.027317,-12.446026,23.636356,-9.343275,-39.415672,12.520362,-16.942223,11.22262,0.6500598,-1.7798045,5.4248533,-17.973642,22.193983,-19.68148,65.75021,-24.08611,8.06832,8.716442,-21.071991,-19.33025,33.071865,58.72591,37.97636,12.318991,-3.9762058
1155,-178.56178283691406,-158.5055389404297,76.33952331542969,-2.000206381156283,-12.427265567881298,-63.333196835212,7.494439,18.611893,11.354771,28.502844,-16.887785,-12.560268,23.631727,-9.068256,-39.177296,12.244878,-16.904116,11.122526,0.5742852,-1.5204542,5.38486,-17.866718,22.188835,-19.63802,65.70265,-24.145668,7.982247,8.69548,-21.1478,-19.329277,33.039173,58.642082,37.82836,12.453193,-4.0116024
1156,-178.72067260742188,-158.60035705566406,76.34837341308594,-2.0184967200233093,-12.404561241487379,-63.606585272180666,7.24418,18.90857,11.272511,29.125933,-16.771852,-12.63915,23.63517,-8.772163,-38.936596,11.928331,-16.844574,11.025449,0.4776705,-1.2464073,5.342258,-17.766472,22.181839,-19.590334,65.65931,-24.211178,7.8720737,8.625067,-21.214937,-19.330835,33.01112,58.559387,37.72179,12.553439,-4.0669794
1157,-178.86805725097656,-158.69552612304688,76.35688018798828,-2.0558574888372703,-12.372640871732916,-63.87882020949458,6.9670267,19.229937,11.180857,29.784073,-16.677246,-12.69224,23.648773,-8.440475,-38.692406,11.556964,-16.758427,10.92706,0.3703452,-0.95958465,5.284751,-17.706934,22.181898,-19.594751,65.6592,-24.31784,7.727778,8.482046,-21.255384,-19.332928,33.00351,58.48061,37.703674,12.599821,-4.1630483
1158,-179.0139923095703,-158.77874755859375,76.360107421875,-2.1106964045504935,-12.333089102962632,-64.15390796861928,6.661954,19.57332,11.075902,30.482681,-16.597569,-12.725312,23.679739,-8.06874,-38.443363,11.112563,-16.635256,10.826392,0.2517053,-0.65368354,5.2207165,-17.653322,22.187674,-19.628979,65.6562,-24.4503,7.5616593,8.291955,-21.285952,-19.339018,33.004463,58.411263,37.74085,12.610228,-4.2816887
1159,-179.15557861328125,-158.86221313476562,76.36083984375,-2.163463296660217,-12.287095642751707,-64.4343628968636,6.3438234,19.904896,10.95771,31.193186,-16.54156,-12.714299,23.703241,-7.7098045,-38.19002,10.675532,-16.512598,10.734918,0.1296229,-0.35701254,5.152086,-17.619514,22.202076,-19.690624,65.66299,-24.602665,7.3880377,8.085035,-21.287922,-19.350498,32.998074,58.314743,37.79069,12.606784,-4.4013853
1160,-179.29461669921875,-158.9423065185547,76.36112213134766,-2.197358324026325,-12.23798594267506,-64.71992205069888,6.025955,20.196644,10.822739,31.892586,-16.51937,-12.635147,23.706789,-7.400857,-37.93656,10.298907,-16.414755,10.662986,0.0037463582,-0.08294731,5.087286,-17.589888,22.225311,-19.75537,65.6589,-24.75415,7.221011,7.895054,-21.26586,-19.369097,32.96481,58.176872,37.797874,12.6141205,-4.493981
1161,-179.4220428466797,-159.0230255126953,76.35978698730469,-2.2116836186741273,-12.181446728890094,-65.0068459441588,5.6832347,20.458158,10.677947,32.636177,-16.533663,-12.419349,23.682852,-7.1490173,-37.68871,9.992206,-16.346203,10.6182575,-0.12801369,0.1652712,5.0261536,-17.560678,22.258194,-19.806456,65.632065,-24.892803,7.066638,7.725959,-21.210596,-19.399248,32.889214,57.982048,37.73643,12.64428,-4.537134
1162,-179.5348358154297,-159.10179138183594,76.3607177734375,-2.214137009131283,-12.117888205418025,-65.29583771612722,5.3188157,20.699993,10.5221615,33.414455,-16.577057,-12.100937,23.642195,-6.930795,-37.44375,9.721671,-16.2917,10.592704,-0.26517913,0.3979784,4.970243,-17.532389,22.303507,-19.854063,65.580826,-25.028,6.918686,7.561083,-21.11898,-19.44828,32.78173,57.729603,37.63892,12.684674,-4.549164
1163,-179.64120483398438,-159.1788330078125,76.3625717163086,-2.2067920176073748,-12.056723957882,-65.59376692984605,4.9835978,20.89625,10.33911,34.11441,-16.648159,-11.808821,23.588058,-6.7483006,-37.190887,9.498776,-16.255934,10.574417,-0.40696383,0.6215209,4.923482,-17.50379,22.357029,-19.91715,65.52093,-25.17555,6.7678967,7.403164,-21.005514,-19.51361,32.670704,57.43447,37.540882,12.720202,-4.566685
1164,-179.73223876953125,-159.25888061523438,76.36407470703125,-2.189381595016623,-12.00750804458869,-65.90774248511896,4.726963,21.022266,10.112193,34.627373,-16.74915,-11.671609,23.53149,-6.597557,-36.9204,9.317089,-16.23646,10.551249,-0.55284196,0.84151006,4.8849072,-17.476025,22.408953,-20.015968,65.47272,-25.349802,6.6076355,7.2586064,-20.895386,-19.576231,32.58532,57.13358,37.475117,12.7335,-4.626635
1165,-179.81581115722656,-159.3346405029297,76.36676025390625,-2.165090218174377,-11.97343971056443,-66.24323012680112,4.566627,21.082203,9.846683,34.945408,-16.90536,-11.721507,23.463709,-6.4838076,-36.625324,9.203906,-16.243587,10.520947,-0.6977343,1.0609525,4.8569064,-17.446054,22.458563,-20.146475,65.41739,-25.513443,6.4455147,7.1565776,-20.786768,-19.634298,32.535797,56.82691,37.457726,12.706683,-4.747075
1166,-179.893798828125,-159.40806579589844,76.36573028564453,-2.1326122753913728,-11.94883567614611,-66.59512574762275,4.4735913,21.087914,9.548753,35.123386,-17.111282,-11.888733,23.386557,-6.40294,-36.312733,9.1428,-16.27137,10.489308,-0.8355719,1.2717946,4.844014,-17.414839,22.522552,-20.313623,65.33983,-25.67982,6.2849135,7.0827913,-20.65124,-19.710457,32.492744,56.471878,37.46826,12.655716,-4.9038553
1167,-179.96121215820312,-159.48284912109375,76.37028503417969,-2.0888400170090944,-11.930991244456564,-66.95460729679873,4.42867,21.026796,9.203433,35.14712,-17.325912,-12.147954,23.307228,-6.3524976,-35.99237,9.113844,-16.30932,10.458165,-0.99298406,1.4764117,4.8319683,-17.387205,22.578863,-20.50802,65.30522,-25.913174,6.1041183,6.983556,-20.539038,-19.767529,32.468887,56.13879,37.48449,12.604966,-5.076555
1168,-180.01345825195312,-159.56436157226562,76.37894439697266,-2.026768846045771,-11.91640496900704,-67.31281836785371,4.412269,20.885406,8.795158,35.002426,-17.507725,-12.47357,23.23159,-6.3317614,-35.673454,9.098356,-16.34787,10.429443,-1.1481156,1.6490208,4.832626,-17.374655,22.670353,-20.788937,65.31869,-26.315674,5.8962884,6.794182,-20.397802,-19.839527,32.39729,55.752106,37.477917,12.592525,-5.2361174
1169,-180.0621795654297,-159.64865112304688,76.39191436767578,-1.9460698972095685,-11.907254702534777,-67.6735955244669,4.440781,20.63673,8.289168,34.648033,-17.667707,-12.88967,23.165232,-6.3418174,-35.351536,9.089434,-16.383041,10.401887,-1.3168823,1.7936724,4.8441744,-17.365623,22.79935,-21.16264,65.387474,-26.952583,5.636294,6.4861765,-20.25004,-19.908937,32.29007,55.338287,37.45041,12.620467,-5.3907237
1170,-180.1056671142578,-159.72702026367188,76.4043197631836,-1.8488217660718487,-11.903809223266945,-68.03981150948756,4.5197883,20.30163,7.704037,34.10447,-17.824797,-13.394541,23.103104,-6.381638,-35.023403,9.096285,-16.419823,10.37514,-1.5078305,1.921759,4.858549,-17.360563,22.940481,-21.595797,65.51428,-27.754375,5.33816,6.0956163,-20.122017,-19.956219,32.180054,54.93816,37.414165,12.6694145,-5.5513296
1171,-180.1459197998047,-159.80047607421875,76.41903686523438,-1.7409042197192879,-11.899135607748288,-68.40046197876761,4.6178093,19.935896,7.103407,33.439125,-17.942009,-13.926619,23.03709,-6.4464645,-34.70179,9.123743,-16.46169,10.3520975,-1.7047421,2.0127475,4.8831916,-17.359575,23.122387,-22.069748,65.66166,-28.623137,5.05844,5.6525493,-19.989573,-19.995157,32.043236,54.516243,37.354847,12.744169,-5.6919394
1172,-180.16883850097656,-159.87942504882812,76.43987274169922,-1.627083825247753,-11.887697071320225,-68.74467279926176,4.6986027,19.592846,6.549584,32.72615,-17.982101,-14.428859,22.960522,-6.5310583,-34.39931,9.1749525,-16.511143,10.335878,-1.9285253,2.0793757,4.9102674,-17.357834,23.310875,-22.505093,65.83775,-29.42654,4.838811,5.1970277,-19.887749,-20.016958,31.922865,54.11247,37.271587,12.842574,-5.7946453
1173,-180.18260192871094,-159.95750427246094,76.45874786376953,-1.5068272771925153,-11.865082761090278,-69.06053885372069,4.7549224,19.260601,6.026343,31.944548,-17.932161,-14.906183,22.875103,-6.6375337,-34.12841,9.245785,-16.566004,10.328773,-2.1826499,2.1151252,4.933199,-17.375017,23.502506,-22.908419,66.07378,-30.160488,4.704027,4.694649,-19.813839,-20.020916,31.809996,53.72551,37.157253,12.966181,-5.8401704
1174,-180.1934356689453,-160.03656005859375,76.4822006225586,-1.3263501852724193,-11.835086820468785,-69.32295338534665,4.806815,18.791172,5.4878902,31.022348,-17.780258,-15.000033,22.741007,-6.87849,-33.91711,9.478261,-16.694376,10.351496,-2.493924,2.068755,4.9534464,-17.41141,23.698359,-23.305723,66.37132,-30.880325,4.623411,4.142355,-19.76309,-20.006565,31.699303,53.35193,37.015602,13.113321,-5.8446865
1175,-180.1957550048828,-160.10813903808594,76.50711059570312,-1.130748307186876,-11.804312616703948,-69.58206685427218,4.864859,18.322075,5.0044584,30.04605,-17.548895,-15.000033,22.591722,-7.153746,-33.710808,9.754967,-16.840279,10.381737,-2.8179324,1.9962351,4.978233,-17.440126,23.892479,-23.675882,66.680176,-31.549236,4.561626,3.6292703,-19.74311,-19.97593,31.605186,53.00635,36.85755,13.280888,-5.8383226
1176,-180.19468688964844,-160.1699676513672,76.53156280517578,-0.942071791140275,-11.776608693208727,-69.86578039784476,4.932383,17.921879,4.6361895,29.082514,-17.246603,-15.000033,22.432514,-7.427832,-33.478577,10.045532,-16.989155,10.409541,-3.1321948,1.9241395,5.0148706,-17.436422,24.075878,-23.998745,66.9591,-32.132866,4.4756637,3.2418616,-19.759523,-19.931416,31.54194,52.70156,36.69198,13.465662,-5.851646
1177,-180.18722534179688,-160.23818969726562,76.55426025390625,-0.7573758286777079,-11.75164746857282,-70.16993835700242,5.00325,17.588778,4.388937,28.129295,-16.840094,-15.000033,22.263773,-7.703763,-33.225555,10.352514,-17.143602,10.435949,-3.4457111,1.850431,5.0639334,-17.396803,24.243216,-24.284481,67.219574,-32.62483,4.337083,3.0340278,-19.816807,-19.872768,31.518208,52.431396,36.510185,13.681125,-5.90236
1178,-180.1761474609375,-160.30995178222656,76.57662200927734,-0.5730924891650823,-11.726773615770293,-70.4861403848487,5.0740314,17.299902,4.238529,27.162779,-16.335972,-15.000033,22.086231,-7.9864707,-32.9608,10.674103,-17.30189,10.463068,-3.761588,1.7701249,5.119331,-17.337538,24.393715,-24.539425,67.48539,-33.040836,4.1685853,2.949727,-19.909218,-19.799667,31.523422,52.193695,36.30948,13.9242525,-5.9707713
1179,-180.16171264648438,-160.38096618652344,76.60009002685547,-0.39487019194196077,-11.702764913955132,-70.8280729090048,5.1529536,17.063,4.1962767,26.204908,-15.801332,-15.000033,21.895317,-8.267644,-32.66778,11.010056,-17.46181,10.4878235,-4.055619,1.6934657,5.178371,-17.261887,24.525265,-24.73786,67.73121,-33.380104,4.004444,2.9112098,-20.029924,-19.716974,31.548727,52.006546,36.116085,14.167486,-6.032751
1180,-180.13771057128906,-160.45077514648438,76.62084197998047,-0.2289008093650434,-11.68021748730771,-71.2099828034926,5.243176,16.887491,4.2716126,25.287819,-15.303485,-15.000033,21.687225,-8.538855,-32.330288,11.3572,-17.61966,10.507848,-4.3037276,1.6316853,5.239639,-17.17284,24.63566,-24.85333,67.93025,-33.642635,3.8801692,2.8411002,-20.166918,-19.632267,31.582531,51.881252,35.952408,14.383488,-6.0640726
1181,-180.1043243408203,-160.5159454345703,76.63984680175781,-0.07865188544754795,-11.663447400925447,-71.63874255804875,5.3512564,16.78864,4.5032234,24.418215,-14.8599615,-15.000033,21.462585,-8.79992,-31.940214,11.723806,-17.776525,10.517919,-4.49393,1.5900407,5.310141,-17.070013,24.710217,-24.851473,68.080505,-33.79016,3.8081398,2.725615,-20.306828,-19.559677,31.605965,51.80567,35.817604,14.571702,-6.040413
1182,-180.0719451904297,-160.58358764648438,76.65467834472656,0.06318770036263448,-11.650701806113046,-72.10585160006073,5.4702215,16.753521,4.8756146,23.58416,-14.436285,-15.000033,21.22675,-9.05261,-31.508965,12.096708,-17.929552,10.521716,-4.6404023,1.5591155,5.3894076,-16.949146,24.759272,-24.756622,68.18914,-33.83733,3.7689512,2.6038556,-20.45647,-19.49276,31.629074,51.773666,35.702198,14.744521,-5.9802437
1183,-180.0351104736328,-160.64889526367188,76.6691665649414,0.1943058054366327,-11.631258306750315,-72.60045635491147,5.5840025,16.754395,5.314761,22.790283,-14.026153,-15.000033,20.968395,-9.297725,-31.04598,12.481619,-18.083479,10.528487,-4.743888,1.5414251,5.4659553,-16.836617,24.784382,-24.639925,68.27394,-33.854477,3.7462604,2.4801474,-20.606962,-19.443316,31.671204,51.772808,35.61949,14.898998,-5.9252787
1184,-179.9894256591797,-160.71420288085938,76.67804718017578,0.31430751321405,-11.595610046423298,-73.11222732491937,5.6766295,16.764534,5.7460055,22.040026,-13.622274,-15.000033,20.679777,-9.53425,-30.561295,12.874476,-18.23963,10.54783,-4.8262434,1.5372671,5.528453,-16.728674,24.805311,-24.546106,68.32733,-33.910282,3.7263308,2.3573651,-20.781878,-19.396559,31.776258,51.823727,35.585953,15.028478,-5.918138
1185,-179.9340057373047,-160.78041076660156,76.68305206298828,0.4251215410593603,-11.539008819451178,-73.64800680856823,5.743675,16.789597,6.184857,21.332966,-13.228736,-15.000033,20.34814,-9.765245,-30.047697,13.286874,-18.403296,10.584487,-4.850012,1.5440806,5.5762763,-16.659794,24.817226,-24.523283,68.36266,-34.028065,3.7136595,2.2315762,-20.952856,-19.37617,31.93072,51.90143,35.60969,15.128552,-5.9815326
1186,-179.87838745117188,-160.84596252441406,76.68568420410156,0.5262841502899488,-11.46808282490497,-74.2102702005936,5.7929134,16.83992,6.659604,20.671078,-12.849587,-15.000033,19.981964,-9.989197,-29.503027,13.715962,-18.57227,10.633437,-4.8262477,1.5600916,5.6171484,-16.60668,24.82491,-24.526089,68.363815,-34.170574,3.714702,2.1018765,-21.132498,-19.370903,32.12646,52.016647,35.68014,15.20281,-6.088439
1187,-179.811279296875,-160.89854431152344,76.685791015625,0.614867911852714,-11.3886046343659,-74.78094355527939,5.8269997,16.898739,7.1138587,20.057215,-12.474914,-15.000033,19.605001,-10.19689,-28.945906,14.135047,-18.73483,10.687891,-4.820724,1.5973021,5.6499286,-16.514122,24.834784,-24.494514,68.30848,-34.319805,3.7162156,1.9771101,-21.339771,-19.373037,32.400654,52.16774,35.803715,15.2612,-6.2120824
1188,-179.74392700195312,-160.95474243164062,76.68352508544922,0.6875215548787195,-11.307119064121958,-75.34237990712155,5.8484726,16.950464,7.4904103,19.49476,-12.094947,-15.000033,19.238394,-10.381418,-28.394676,14.525602,-18.883823,10.740599,-4.8046265,1.6363467,5.681765,-16.438435,24.842482,-24.482008,68.23873,-34.468018,3.7052698,1.8681374,-21.511442,-19.383606,32.616226,52.298172,35.90957,15.327576,-6.301784
1189,-179.66700744628906,-161.01736450195312,76.6792984008789,0.7439513412213159,-11.217949950636825,-75.89206713880871,5.852313,16.991259,7.7652364,18.968872,-11.708407,-15.000033,18.875257,-10.541164,-27.851074,14.888372,-19.019442,10.788191,-4.8011775,1.6875855,5.7047424,-16.356018,24.851633,-24.481398,68.134995,-34.645676,3.6727898,1.7697167,-21.665926,-19.401995,32.809937,52.42547,36.002296,15.4116125,-6.356055
1190,-179.5899200439453,-161.0755615234375,76.6697006225586,0.7856153662797799,-11.12109272090072,-76.43853122807789,5.8357496,17.032166,7.9700313,18.488945,-11.321491,-15.000033,18.507622,-10.680425,-27.306332,15.234702,-19.146637,10.834767,-4.7891593,1.7465166,5.7200193,-16.279463,24.861816,-24.502836,68.00173,-34.848568,3.628142,1.6791664,-21.803377,-19.425844,32.981728,52.556213,36.090096,15.502907,-6.3915906
1191,-179.50369262695312,-161.13938903808594,76.66093444824219,0.8148385602353333,-11.031338622658385,-76.98143248005438,5.814319,17.079306,8.133423,18.076317,-10.933455,-15.000033,18.16108,-10.7988205,-26.764807,15.5493965,-19.258701,10.884719,-4.7691026,1.8041389,5.7387505,-16.212776,24.86923,-24.519787,67.8622,-35.01387,3.5836015,1.609719,-21.919823,-19.449987,33.122303,52.67878,36.190594,15.580261,-6.4097733
1192,-179.40994262695312,-161.20111083984375,76.6470947265625,0.8318395894822934,-10.963266299736382,-77.52036048298858,5.7933087,17.140686,8.281484,17.773064,-10.54632,-15.000033,17.86193,-10.896066,-26.230791,15.817185,-19.349703,10.942438,-4.7547817,1.8588451,5.773083,-16.142096,24.87294,-24.48977,67.72482,-35.0801,3.5517032,1.5739299,-22.014025,-19.48118,33.24931,52.77202,36.337086,15.622136,-6.4159107
1193,-179.3064422607422,-161.26402282714844,76.63308715820312,0.8360038051973673,-10.923135461823664,-78.05076680039967,5.77086,17.222334,8.407191,17.591318,-10.145393,-15.000033,17.625618,-10.96824,-25.711893,16.022614,-19.41286,11.012536,-4.7587595,1.9172596,5.8384194,-16.047935,24.864674,-24.353655,67.571106,-34.979687,3.537482,1.5876197,-22.07352,-19.54453,33.368404,52.797546,36.565556,15.616231,-6.403754
1194,-179.2088165283203,-161.33413696289062,76.61689758300781,0.82890307724984,-10.903184718241755,-78.574634295177,5.740706,17.320143,8.49923,17.518602,-9.737947,-15.000033,17.432869,-11.020091,-25.2036,16.186592,-19.458363,11.09098,-4.7357,1.9542707,5.909185,-15.996768,24.847837,-24.223007,67.45657,-34.786964,3.5325735,1.6417819,-22.09973,-19.582335,33.415585,52.821037,36.822567,15.570925,-6.367241
1195,-179.10494995117188,-161.40084838867188,76.60077667236328,0.8111169481084068,-10.89599904965285,-79.1008185310775,5.714359,17.427172,8.580735,17.532269,-9.353788,-15.000033,17.26592,-11.056898,-24.693382,16.323753,-19.490765,11.169851,-4.7355895,2.015249,5.9925237,-15.926136,24.808266,-24.03456,67.33282,-34.543842,3.5282373,1.7084544,-22.123993,-19.647974,33.486256,52.821934,37.09086,15.518722,-6.329925
1196,-178.9918212890625,-161.4745330810547,76.58282470703125,0.7861094174760049,-10.894767043216477,-79.63874575002959,5.7030234,17.533749,8.675656,17.610403,-9.022193,-15.000033,17.098358,-11.089552,-24.16656,16.469376,-19.525541,11.240966,-4.719885,2.083557,6.070354,-15.885211,24.762634,-23.901752,67.238335,-34.359722,3.5196905,1.7595468,-22.14397,-19.715683,33.54135,52.833855,37.298313,15.482067,-6.299902
1197,-178.871337890625,-161.5576629638672,76.56456756591797,0.7482901557278115,-10.899533342172655,-80.18901617476237,5.7182,17.638626,8.781666,17.725773,-8.724443,-15.000033,16.929739,-11.111043,-23.620956,16.624985,-19.563648,11.297613,-4.696988,2.1541572,6.1414056,-15.856875,24.7373,-23.832878,67.15219,-34.25703,3.5096636,1.785801,-22.18406,-19.751764,33.580296,52.89385,37.41751,15.46608,-6.284157
1198,-178.74203491210938,-161.62477111816406,76.53992462158203,0.6977748435424983,-10.913572079926587,-80.74736245622076,5.7526016,17.747034,8.889476,17.893673,-8.451851,-15.000033,16.770155,-11.118472,-23.06324,16.777765,-19.598314,11.345196,-4.687969,2.2496715,6.217418,-15.822674,24.700403,-23.757872,67.06591,-34.171005,3.4966667,1.802709,-22.230291,-19.804455,33.63596,52.95296,37.499565,15.46147,-6.2787766
1199,-178.60324096679688,-161.70123291015625,76.51801300048828,0.6473642356592052,-10.934625584769824,-81.31553589754303,5.7878995,17.858042,9.01098,18.1605,-8.250883,-15.000033,16.617664,-11.127415,-22.49514,16.925045,-19.629736,11.395159,-4.6670694,2.3333414,6.2896976,-15.7993965,24.67602,-23.715267,66.98861,-34.11501,3.485587,1.8175246,-22.278915,-19.839483,33.674595,53.030884,37.547413,15.456336,-6.2684655
1200,-178.46939086914062,-161.78070068359375,76.49320983886719,0.6095577913949837,-10.960020592428481,-81.89604688196391,5.810681,17.972351,9.158651,18.563362,-8.163651,-15.000033,16.469107,-11.15188,-21.91759,17.065472,-19.653292,11.458181,-4.6339717,2.396992,6.3569674,-15.782316,24.659346,-23.688251,66.92045,-34.077366,3.4765956,1.8379813,-22.328938,-19.862957,33.70789,53.11888,37.585796,15.44264,-6.2429295
1201,-178.33157348632812,-161.8590545654297,76.46916198730469,0.5881599742549842,-10.99363010838967,-82.49563296533279,5.7884965,18.094711,9.295539,19.198984,-8.206903,-15.000033,16.33273,-11.1952715,-21.325909,17.187904,-19.663555,11.5363,-4.5912776,2.4416077,6.425406,-15.767619,24.643,-23.66781,66.86116,-34.059254,3.470437,1.8652953,-22.383007,-19.885681,33.749935,53.21244,37.622185,15.421576,-6.1929235
1202,-178.18385314941406,-161.94137573242188,76.45389556884766,0.5761731679714188,-11.034506923598839,-83.11145586136972,5.745576,18.225925,9.426675,20.004189,-8.350667,-15.000033,16.20708,-11.246859,-20.721165,17.295986,-19.663267,11.623894,-4.533637,2.4686315,6.494136,-15.765066,24.6348,-23.67214,66.81407,-34.067387,3.46738,1.895238,-22.436832,-19.898085,33.779385,53.3151,37.636295,15.396692,-6.1248794
1203,-178.02755737304688,-162.03924560546875,76.44273376464844,0.5601452410075592,-11.072462084002382,-83.72999131781117,5.7385306,18.364338,9.625349,20.80749,-8.58337,-15.000033,16.073357,-11.300046,-20.111988,17.41287,-19.664011,11.719266,-4.4738626,2.4989407,6.5521784,-15.759731,24.627201,-23.675694,66.770645,-34.07966,3.4625347,1.9293056,-22.490461,-19.90866,33.81307,53.420616,37.645267,15.365167,-6.0592737
1204,-177.8524932861328,-162.12779235839844,76.41751861572266,0.5319925486743204,-11.098840942775468,-84.33821510671301,5.8259673,18.505823,9.969837,21.43838,-8.896213,-15.000033,15.915766,-11.351981,-19.50733,17.555752,-19.675533,11.8220005,-4.42305,2.5458872,6.5911703,-15.738458,24.612516,-23.652456,66.72276,-34.070946,3.4510133,1.9683639,-22.5431,-19.92283,33.85762,53.522076,37.658268,15.324881,-6.01635
1205,-177.67080688476562,-162.2151336669922,76.38504791259766,0.5357812944847542,-11.099452504940057,-84.90333611360185,6.01382,18.554077,10.506665,21.829905,-9.307127,-14.685252,15.685066,-11.488147,-18.933125,17.827505,-19.747446,11.955239,-4.40023,2.5538778,6.593247,-15.711113,24.596855,-23.610336,66.676445,-34.031723,3.4269574,2.016702,-22.579676,-19.93244,33.88516,53.610485,37.651344,15.273899,-6.009592
1206,-177.47467041015625,-162.29904174804688,76.34972381591797,0.5121731445141171,-11.090089718297188,-85.46379015375771,6.2715306,18.64475,11.182271,22.138613,-9.8506365,-14.462968,15.440753,-11.597457,-18.358969,18.100193,-19.817343,12.092465,-4.3833246,2.5925474,6.578326,-15.67542,24.570995,-23.543806,66.63562,-33.971333,3.3928065,2.0729558,-22.61525,-19.942577,33.91936,53.69712,37.63563,15.214039,-6.0270452
1207,-177.2643280029297,-162.38983154296875,76.31788635253906,0.48725142776895924,-11.083046800123675,-86.03197938958856,6.605531,18.73621,11.938886,22.341362,-10.422435,-14.309361,15.193729,-11.705251,-17.774717,18.371738,-19.882881,12.232697,-4.3437176,2.6250513,6.557083,-15.635972,24.551134,-23.476599,66.5871,-33.90605,3.36546,2.12747,-22.642128,-19.947878,33.935493,53.78138,37.615215,15.148954,-6.038673
1208,-177.05352783203125,-162.47718811035156,76.28624725341797,0.4853629325066443,-11.089332825172727,-86.61836662682798,7.025716,18.777033,12.721625,22.402681,-10.914504,-14.173603,14.955874,-11.840259,-17.17114,18.638357,-19.941614,12.376618,-4.310242,2.6561852,6.545715,-15.561727,24.495106,-23.324835,66.52149,-33.801857,3.3514137,2.1730704,-22.704113,-19.959251,33.989765,53.88807,37.611946,15.084484,-6.0209947
1209,-176.84136962890625,-162.56642150878906,76.25950622558594,0.5149291998607308,-11.109019259268726,-87.22893314342183,7.540746,18.747528,13.533192,22.29773,-11.300481,-14.04936,14.720481,-12.013203,-16.539558,18.91093,-19.996399,12.525157,-4.234853,2.6451375,6.542423,-15.47722,24.445713,-23.161137,66.43017,-33.68219,3.3588483,2.20333,-22.758823,-19.968649,34.01361,53.9929,37.621517,15.011763,-5.9569077
1210,-176.61598205566406,-162.65789794921875,76.23201751708984,0.563391900646774,-11.136859087732743,-87.85739140772469,8.144944,18.671543,14.398651,22.0455,-11.633195,-13.964258,14.485666,-12.20609,-15.886609,19.183893,-20.045666,12.677902,-4.1584196,2.6367512,6.5419955,-15.369593,24.359537,-22.928236,66.33255,-33.519833,3.373341,2.2259593,-22.8351,-19.985392,34.062073,54.112892,37.64863,14.931998,-5.8677597
1211,-176.39036560058594,-162.7549285888672,76.20706939697266,0.6234900164460585,-11.175292693267604,-88.49596005957444,8.825667,18.556555,15.297073,21.671726,-11.920226,-13.914675,14.264669,-12.410745,-15.224312,19.441391,-20.08631,12.832376,-4.0523796,2.6087322,6.5449915,-15.261148,24.277458,-22.702707,66.225296,-33.374504,3.4067376,2.2448616,-22.90767,-20.002825,34.099735,54.2304,37.67084,14.862199,-5.7641225
1212,-176.1595458984375,-162.85731506347656,76.1841812133789,0.688657116000837,-11.226784106111454,-89.13664176802612,9.5680895,18.412548,16.206593,21.206467,-12.170995,-13.8950615,14.071224,-12.617936,-14.565353,19.667225,-20.114641,12.986167,-3.9299126,2.571461,6.552056,-15.152567,24.197947,-22.493984,66.115875,-33.27917,3.4623363,2.2661886,-22.991323,-20.021355,34.15589,54.3555,37.68126,14.818891,-5.662826
1213,-175.92742919921875,-162.96847534179688,76.16173553466797,0.7573771830737334,-11.295943169354242,-89.78820610990067,10.40264,18.239584,17.149672,20.610106,-12.382176,-13.913314,13.917883,-12.822754,-13.906454,19.845707,-20.124983,13.138786,-3.7713988,2.5144792,6.5644255,-15.037805,24.149088,-22.328337,65.98371,-33.267643,3.5489979,2.2890756,-23.074135,-20.034262,34.21105,54.472134,37.66537,14.811363,-5.5682135
1214,-175.69561767578125,-163.07102966308594,76.13935852050781,0.8294249919883384,-11.379969517474603,-90.45130703279462,11.322694,18.028568,18.127785,19.881332,-12.54766,-13.967152,13.795448,-13.028881,-13.243125,19.987963,-20.120436,13.290855,-3.6213148,2.4736035,6.581159,-14.895512,24.072197,-22.118273,65.84441,-33.281277,3.652531,2.3136601,-23.1961,-20.05592,34.332733,54.607716,37.654213,14.8288145,-5.478249
1215,-175.4591522216797,-163.17564392089844,76.12153625488281,0.9156203903410758,-11.470893425171798,-91.10764602321318,12.268362,17.770895,19.090723,19.084305,-12.667866,-14.033696,13.683166,-13.249709,-12.585191,20.123077,-20.11341,13.443025,-3.4351718,2.3945537,6.6038957,-14.774274,24.022947,-21.959108,65.70282,-33.32664,3.7787166,2.3374946,-23.301037,-20.070103,34.417656,54.742657,37.62633,14.858654,-5.3751464
1216,-175.2224578857422,-163.28073120117188,76.10311126708984,1.0205340238381744,-11.56023563893717,-91.7386837593365,13.175464,17.466745,19.986643,18.295473,-12.748878,-14.091764,13.560646,-13.4942255,-11.942616,20.276255,-20.114191,13.595691,-3.2797806,2.3088508,6.635024,-14.651076,23.946152,-21.753077,65.57372,-33.324783,3.912415,2.362736,-23.436628,-20.087402,34.544174,54.918144,37.616043,14.887576,-5.257387
1217,-174.98428344726562,-163.3766632080078,76.08793640136719,1.1452092851385192,-11.650966177332007,-92.3465543057168,14.057512,17.112217,20.810291,17.493694,-12.774389,-14.149105,13.437892,-13.763227,-11.313323,20.431017,-20.116392,13.753508,-3.1072128,2.1815827,6.678143,-14.559389,23.883827,-21.5761,65.453735,-33.31311,4.071555,2.3865535,-23.569073,-20.095127,34.63842,55.125244,37.60062,14.915013,-5.108149
1218,-174.7509307861328,-163.46922302246094,76.07222747802734,1.287620825239529,-11.744847189413495,-92.93853926263188,14.936535,16.711035,21.58412,16.65055,-12.746424,-14.210804,13.319212,-14.050517,-10.693467,20.58282,-20.118034,13.914483,-2.9217694,2.0200486,6.733419,-14.479066,23.840801,-21.41449,65.32601,-33.30207,4.256046,2.4083674,-23.702217,-20.095253,34.71401,55.353313,37.57781,14.946966,-4.935582
1219,-174.52581787109375,-163.5585174560547,76.05681610107422,1.4443956528378792,-11.83202715320526,-93.50414405171719,15.76522,16.275974,22.29895,15.828795,-12.69714,-14.254067,13.1803055,-14.3588,-10.091256,20.765535,-20.1318,14.069344,-2.762454,1.8444124,6.7893,-14.395876,23.787672,-21.230383,65.21048,-33.25637,4.438183,2.4324079,-23.85901,-20.085062,34.81879,55.61452,37.566605,14.97887,-4.761195
1220,-174.3036346435547,-163.6326446533203,76.04108428955078,1.6155939579431466,-11.902414695974128,-94.0316955626569,16.499046,15.819052,22.94678,15.085999,-12.657325,-14.257616,12.995561,-14.691512,-9.514541,21.015003,-20.170841,14.209135,-2.596494,1.6294593,6.8374114,-14.344599,23.75254,-21.099257,65.124725,-33.186493,4.601459,2.4604683,-23.977217,-20.071669,34.882496,55.85154,37.54964,15.009608,-4.5968795
1221,-174.0816650390625,-163.70651245117188,76.02457427978516,1.8117562793660675,-11.952682342257862,-94.51923076078992,17.12407,15.330294,23.519756,14.442994,-12.631573,-14.209394,12.748566,-15.0632715,-8.961926,21.35704,-20.245531,14.3302555,-2.4563358,1.379682,6.8740387,-14.299089,23.715584,-20.972067,65.06849,-33.050316,4.732061,2.4900205,-24.090708,-20.048992,34.95069,56.09564,37.544193,15.042315,-4.4480267
1222,-173.8593292236328,-163.76954650878906,76.00633239746094,2.0290473512810996,-11.987968779473533,-94.97170731130495,17.669958,14.811123,24.02519,13.862543,-12.603714,-14.124064,12.457354,-15.466715,-8.430022,21.761368,-20.342745,14.437836,-2.3264918,1.0947981,6.9031954,-14.270498,23.680454,-20.86429,65.04132,-32.87,4.8438277,2.5213177,-24.193727,-20.017572,35.010143,56.345875,37.544064,15.077371,-4.3059974
1223,-173.64056396484375,-163.82151794433594,75.98771667480469,2.246010400388279,-12.010747329312196,-95.38992756645719,18.127373,14.305798,24.470486,13.387122,-12.603837,-14.020566,12.142194,-15.870442,-7.9233017,22.19214,-20.448366,14.537017,-2.211534,0.8010777,6.9215674,-14.265867,23.637278,-20.770992,65.05244,-32.678654,4.946714,2.5623043,-24.302933,-19.962591,35.07152,56.62279,37.53867,15.101165,-4.1719537
1224,-173.43235778808594,-163.8646240234375,75.96703338623047,2.4415047023714322,-12.024392235411836,-95.77496185895967,18.495699,13.853047,24.866438,13.03908,-12.651195,-13.916135,11.826604,-16.242207,-7.447773,22.60934,-20.54613,14.632599,-2.0846307,0.5096885,6.9411936,-14.300811,23.610542,-20.726664,65.081184,-32.52824,5.059322,2.6167638,-24.371717,-19.920017,35.09666,56.8561,37.51412,15.108439,-4.0435143
1225,-173.227294921875,-163.90171813964844,75.94298553466797,2.6138917660218377,-12.026939433980909,-96.1215523864506,18.748396,13.461782,25.206446,12.862195,-12.765611,-13.803714,11.500188,-16.587702,-7.0071726,23.031305,-20.641088,14.72524,-1.9617397,0.22433224,6.9543285,-14.382272,23.586353,-20.724314,65.14872,-32.42075,5.1872077,2.6939735,-24.419182,-19.873478,35.106438,57.07539,37.462692,15.092957,-3.925676
1226,-173.0303192138672,-163.93324279785156,75.91787719726562,2.777478319608165,-12.019175591876492,-96.43207164057728,18.895817,13.1130705,25.490444,12.837175,-12.935527,-13.675792,11.158516,-16.922924,-6.5972595,23.46782,-20.737612,14.813374,-1.8380495,-0.06782902,6.953453,-14.519757,23.555336,-20.775043,65.27846,-32.34192,5.31857,2.7912338,-24.458668,-19.799942,35.09659,57.31678,37.386253,15.057191,-3.8176746
1227,-172.84701538085938,-163.96034240722656,75.89114379882812,2.9257062351712197,-12.00936434945526,-96.71784287234543,18.983288,12.807717,25.738037,12.907177,-13.139528,-13.549239,10.826352,-17.23213,-6.210414,23.88479,-20.828857,14.897516,-1.7100239,-0.35390174,6.962618,-14.663225,23.534508,-20.829578,65.39917,-32.271385,5.445919,2.8903534,-24.474297,-19.742172,35.0707,57.520023,37.31193,15.010791,-3.7119937
1228,-172.6635284423828,-163.97862243652344,75.86241149902344,3.0505545894514965,-12.005918476159755,-96.98983125560997,19.055649,12.545085,25.968742,13.013322,-13.354374,-13.441247,10.531099,-17.49967,-5.84044,24.242023,-20.904379,14.977318,-1.5748534,-0.62081265,6.987319,-14.78831,23.51787,-20.856325,65.49112,-32.19312,5.554501,2.9785314,-24.486229,-19.695498,35.03677,57.702816,37.256516,14.956081,-3.6021616
1229,-172.4907989501953,-163.9888916015625,75.83314514160156,3.1448076148549284,-12.009178090543875,-97.25293307125614,19.101713,12.342987,26.183079,13.183363,-13.5899315,-13.360282,10.269823,-17.705791,-5.473501,24.536392,-20.965769,15.000033,-1.4282682,-0.8609418,7.0324855,-14.887846,23.504877,-20.843641,65.54653,-32.106003,5.6420984,3.0519092,-24.494274,-19.66128,34.987038,57.86637,37.222248,14.88919,-3.4772594
1230,-172.32669067382812,-164.00128173828125,75.80325317382812,3.2095968213579957,-12.016042336901146,-97.50335795341535,19.10674,12.202579,26.376976,13.433935,-13.855389,-13.297545,10.032643,-17.85993,-5.1169233,24.782225,-21.01358,15.000033,-1.2692316,-1.0780127,7.0851126,-14.990727,23.484222,-20.813974,65.60668,-32.0132,5.7120123,3.1198921,-24.51264,-19.607212,34.915646,58.05183,37.18914,14.805749,-3.3423378
1231,-172.17567443847656,-164.01043701171875,75.77494049072266,3.2587384401995863,-12.028656871388124,-97.73371217491209,19.099203,12.089509,26.553335,13.706392,-14.125777,-13.2408905,9.8284645,-17.99057,-4.7896314,24.985048,-21.048746,15.000033,-1.1156029,-1.2798645,7.1480207,-15.073829,23.470694,-20.764996,65.63625,-31.915733,5.7686734,3.1838102,-24.520203,-19.574295,34.86097,58.19653,37.18021,14.7201395,-3.2225807
1232,-172.02471923828125,-164.0160369873047,75.74837493896484,3.2990501939808548,-12.04887861017054,-97.9404759171789,19.106337,11.983203,26.718893,13.94805,-14.380459,-13.181943,9.66825,-18.111904,-4.5048747,25.141176,-21.06646,15.000033,-0.972756,-1.4697146,7.210545,-15.149886,23.455029,-20.704453,65.656654,-31.802526,5.8100553,3.246258,-24.536922,-19.54269,34.83456,58.32909,37.187737,14.638838,-3.1343086
1233,-171.8799285888672,-164.02391052246094,75.72370147705078,3.32669579782421,-12.082303420255414,-98.11789558766021,19.134348,11.88374,26.872355,14.155948,-14.622179,-13.120417,9.563981,-18.227057,-4.2728395,25.247072,-21.068016,15.000033,-0.85188997,-1.6443225,7.275874,-15.214179,23.436718,-20.62867,65.67068,-31.677917,5.8297367,3.298836,-24.561213,-19.51441,34.855553,58.427937,37.208504,14.568863,-3.1041195
1234,-171.7386016845703,-164.0343017578125,75.70205688476562,3.3417392874873815,-12.126415443207197,-98.26953377289601,19.168667,11.799797,27.011389,14.354634,-14.859144,-13.060187,9.506985,-18.328623,-4.084714,25.305794,-21.05519,15.000033,-0.73999584,-1.8057469,7.347823,-15.27156,23.42148,-20.545492,65.67389,-31.5483,5.8309355,3.342582,-24.58107,-19.499578,34.903645,58.486027,37.24521,14.505216,-3.1134546
1235,-171.59799194335938,-164.04562377929688,75.68355560302734,3.3472147588858463,-12.170470946988956,-98.40494234919731,19.20572,11.724299,27.141356,14.53109,-15.07792,-12.998884,9.476789,-18.418533,-3.9242806,25.324738,-21.024736,15.000033,-0.63921577,-1.9518358,7.413807,-15.305815,23.401903,-20.434946,65.64629,-31.395304,5.8250947,3.3990872,-24.609985,-19.49078,34.97998,58.54659,37.314228,14.436729,-3.1256568
1236,-171.4631805419922,-164.06024169921875,75.66875457763672,3.3509428495552434,-12.203256881318806,-98.53411292421029,19.242079,11.649774,27.268137,14.6737795,-15.266667,-12.934393,9.452417,-18.49727,-3.775126,25.311996,-20.973932,15.000033,-0.4999924,-2.1051567,7.460522,-15.35105,23.38974,-20.364923,65.593414,-31.238039,5.8276954,3.4923697,-24.603727,-19.490921,35.016766,58.610676,37.416744,14.353477,-3.1015644
1237,-171.34097290039062,-164.07667541503906,75.66022491455078,3.3506610804768635,-12.226441422448156,-98.65964683928846,19.285198,11.573919,27.395441,14.772639,-15.419942,-12.863717,9.439892,-18.564198,-3.636605,25.25625,-20.89483,15.000033,-0.41636917,-2.2168245,7.4957166,-15.301018,23.347942,-20.152405,65.436714,-30.991714,5.8330984,3.6341143,-24.662626,-19.499287,35.150433,58.740505,37.6097,14.248853,-3.0337648
1238,-171.2261199951172,-164.092041015625,75.65747833251953,3.3466118660509223,-12.243717666189255,-98.77677215667403,19.335978,11.498213,27.52045,14.830765,-15.542062,-12.788813,9.445025,-18.621214,-3.5152295,25.160027,-20.792503,15.000033,-0.2847101,-2.3393714,7.51449,-15.270728,23.31394,-19.990519,65.256485,-30.743687,5.8420477,3.8152816,-24.683853,-19.511694,35.237404,58.87249,37.83806,14.127766,-2.9348335
1239,-171.11729431152344,-164.10540771484375,75.65674591064453,3.3364468914319048,-12.250286443793545,-98.88144884261501,19.372171,11.434529,27.634796,14.883202,-15.650019,-12.715092,9.454469,-18.665867,-3.4098473,25.042341,-20.679684,15.000033,-0.17084055,-2.4410505,7.5159216,-15.22494,23.263748,-19.805502,65.06963,-30.47341,5.852866,4.006125,-24.713636,-19.53473,35.352024,59.01738,38.090515,14.0054865,-2.8267431
1240,-171.0181121826172,-164.11729431152344,75.6578598022461,3.318238641172454,-12.241335861612455,-98.96964062677324,19.377268,11.389686,27.731272,14.950219,-15.7531185,-12.647626,9.453299,-18.698105,-3.3184047,24.923943,-20.569012,15.000033,-0.057104114,-2.5325034,7.4924083,-15.214488,23.203262,-19.669415,64.944565,-30.218176,5.86931,4.1813726,-24.723219,-19.565111,35.446526,59.156353,38.31606,13.895435,-2.7249722
1241,-170.92861938476562,-164.13397216796875,75.66316986083984,3.2942062518463846,-12.205685472160877,-99.04083812640327,19.331686,11.370058,27.80851,15.050335,-15.85761,-12.586201,9.427109,-18.715641,-3.2385352,24.808681,-20.462,15.000033,0.060955673,-2.623917,7.4316783,-15.240986,23.151167,-19.606077,64.89127,-29.992613,5.883308,4.3394566,-24.707941,-19.59139,35.505623,59.29326,38.506897,13.7936945,-2.6265535
1242,-170.84808349609375,-164.1471405029297,75.6696548461914,3.262397977746274,-12.149644459249386,-99.09665923923906,19.249994,11.370569,27.870468,15.166046,-15.956064,-12.528816,9.388242,-18.719366,-3.172146,24.683794,-20.35083,15.000033,0.1776199,-2.6995463,7.337527,-15.295159,23.07817,-19.5787,64.896324,-29.770672,5.892844,4.4954095,-24.67947,-19.627485,35.55851,59.436657,38.69124,13.69589,-2.526866
1243,-170.786865234375,-164.15524291992188,75.6778564453125,3.226951909992795,-12.092409375829437,-99.13776089320773,19.162828,11.381235,27.917246,15.275639,-16.043028,-12.476994,9.356934,-18.71279,-3.1227746,24.554241,-20.240215,15.000033,0.29238153,-2.7794683,7.2406325,-15.362654,23.022455,-19.581123,64.91319,-29.560026,5.922645,4.632789,-24.642412,-19.654413,35.588753,59.578445,38.850056,13.610991,-2.4321501
1244,-170.73184204101562,-164.15966796875,75.68568420410156,3.1889332243545496,-12.053511992603754,-99.1644377318366,19.099695,11.393938,27.948961,15.359902,-16.114202,-12.4329605,9.3562765,-18.702513,-3.0938969,24.420347,-20.131886,15.000033,0.40040162,-2.8574386,7.165507,-15.447758,22.970432,-19.592073,64.93576,-29.350985,5.9869294,4.7404146,-24.605778,-19.679,35.608013,59.713356,38.980976,13.549181,-2.352361
1245,-170.68283081054688,-164.1615447998047,75.6931381225586,3.147640825973876,-12.038766626353041,-99.17648799825096,19.07003,11.407465,27.9648,15.411045,-16.166466,-12.3982315,9.392083,-18.68425,-3.087496,24.283525,-20.025743,15.000033,0.5105071,-2.9276693,7.1166415,-15.57824,22.901165,-19.613003,64.98997,-29.12248,6.101844,4.815399,-24.563482,-19.711098,35.606186,59.835464,39.066517,13.523644,-2.2940917
1246,-170.63912963867188,-164.1647491455078,75.70183563232422,3.1046728850425493,-12.037529688620943,-99.17396504839425,19.056913,11.426392,27.964811,15.441763,-16.2033,-12.371305,9.453585,-18.65782,-3.1014173,24.140991,-19.919603,15.000033,0.62778777,-2.9881408,7.079959,-15.754952,22.811888,-19.659971,65.08564,-28.885033,6.251875,4.865881,-24.506948,-19.753706,35.576534,59.944878,39.11186,13.526189,-2.2508795
1247,-170.60482788085938,-164.1696319580078,75.71259307861328,3.0588640922157806,-12.044657550283612,-99.15740801314774,19.052307,11.449692,27.95132,15.459111,-16.229403,-12.349746,9.532767,-18.625994,-3.133469,23.995506,-19.817501,15.000033,0.7317277,-3.0523555,7.0553126,-15.923071,22.746696,-19.718428,65.16297,-28.674894,6.414399,4.8929954,-24.45232,-19.787714,35.550705,60.05053,39.158276,13.533127,-2.2140126
1248,-170.57821655273438,-164.1766357421875,75.7225570678711,3.016730690048506,-12.053169904010558,-99.12951413919578,19.048122,11.473605,27.927967,15.467788,-16.24833,-12.330576,9.618937,-18.595448,-3.178851,23.851397,-19.723833,15.000033,0.7905055,-3.1258543,7.0441957,-15.993214,22.740776,-19.735903,65.13028,-28.506002,6.5644546,4.9020066,-24.427696,-19.79167,35.558598,60.167244,39.231354,13.5250225,-2.172939
1249,-170.5570068359375,-164.18006896972656,75.73125457763672,2.965016109903087,-12.070700471281967,-99.08243109533302,19.041985,11.513426,27.887325,15.488474,-16.270607,-12.314446,9.729566,-18.555897,-3.2489562,23.697203,-19.634867,15.000033,0.8879748,-3.1840732,7.021826,-16.189287,22.685316,-19.893906,65.23615,-28.449514,6.674326,4.8945913,-24.340906,-19.830282,35.567368,60.25918,39.38583,13.487884,-2.1290553
1250,-170.54457092285156,-164.18067932128906,75.73912048339844,2.9149862977620966,-12.093460807565062,-99.02184595752016,19.040945,11.557072,27.834454,15.498062,-16.284048,-12.301379,9.853444,-18.514093,-3.3358233,23.543093,-19.553131,15.000033,0.96848077,-3.2344098,7.011613,-16.348476,22.640873,-20.05331,65.297195,-28.438818,6.7699423,4.867784,-24.250624,-19.876152,35.583866,60.33767,39.562202,13.444469,-2.0805273
1251,-170.53585815429688,-164.1796112060547,75.74629974365234,2.8657036622763163,-12.11696633675738,-98.95172206639465,19.038025,11.600585,27.77295,15.501961,-16.291641,-12.292327,9.983105,-18.472078,-3.4336975,23.387272,-19.476686,15.000033,1.024848,-3.290565,7.008288,-16.472603,22.622103,-20.188776,65.32002,-28.435705,6.8637056,4.8350687,-24.173489,-19.90654,35.622746,60.415287,39.749626,13.394814,-2.0397844
1252,-170.5331268310547,-164.17567443847656,75.75269317626953,2.824542405557233,-12.134963217625907,-98.87859110418782,19.029913,11.636589,27.708288,15.494367,-16.29012,-12.287821,10.105909,-18.437716,-3.5331922,23.2334,-19.40558,15.000033,1.09205,-3.3561165,7.004527,-16.60595,22.600658,-20.316975,65.35047,-28.39885,6.9584603,4.820439,-24.077318,-19.948162,35.651188,60.459923,39.925262,13.346393,-2.0169802
1253,-170.53378295898438,-164.1681365966797,75.75777435302734,2.7932416501241315,-12.146514494785638,-98.79958580918036,19.016375,11.659984,27.638489,15.470579,-16.27785,-12.289551,10.222658,-18.413387,-3.6375644,23.079796,-19.341156,15.000033,1.1465566,-3.4352963,7.002721,-16.719992,22.586195,-20.39946,65.362854,-28.295084,7.0610957,4.83229,-23.988804,-19.9791,35.694405,60.49064,40.089245,13.296092,-2.0232058
1254,-170.5396728515625,-164.1614532470703,75.76399993896484,2.76874294775071,-12.154627135633973,-98.71322881393019,18.999165,11.675788,27.561764,15.433681,-16.256573,-12.296648,10.338932,-18.397089,-3.7493398,22.924986,-19.282698,15.000033,1.2013144,-3.5228965,7.0007234,-16.841722,22.569296,-20.475998,65.38492,-28.162582,7.163807,4.860053,-23.886967,-20.015127,35.745247,60.4949,40.25674,13.242173,-2.0519145
1255,-170.54904174804688,-164.15191650390625,75.76995849609375,2.7468672615971474,-12.159410417598842,-98.62631057615913,18.97754,11.6912985,27.48412,15.394291,-16.229908,-12.306021,10.44863,-18.379763,-3.8604774,22.77383,-19.227629,15.000033,1.2483151,-3.6114914,7.001211,-16.93872,22.558214,-20.511896,65.38351,-28.014017,7.2629733,4.8874335,-23.799911,-20.037766,35.78763,60.5069,40.399597,13.189723,-2.0793269
1256,-170.56015014648438,-164.1389617919922,75.77559661865234,2.72495258055684,-12.160243191450487,-98.546620375531,18.95183,11.714143,27.412777,15.358187,-16.199556,-12.314561,10.547016,-18.354113,-3.962339,22.627855,-19.171679,15.000033,1.3024949,-3.6857684,6.9973173,-17.032948,22.533571,-20.522705,65.38911,-27.885088,7.3476343,4.901595,-23.699884,-20.079844,35.81635,60.498253,40.526085,13.146184,-2.0927804
1257,-170.57357788085938,-164.1242218017578,75.78192901611328,2.7018015326036395,-12.155954676194641,-98.47737884770247,18.91735,11.746772,27.350073,15.336161,-16.16998,-12.321131,10.628691,-18.31875,-4.049147,22.490326,-19.115438,15.000033,1.3594719,-3.7540946,6.9936366,-17.090706,22.512407,-20.459343,65.35396,-27.75316,7.4278054,4.8924184,-23.614943,-20.106934,35.802975,60.508266,40.59997,13.113752,-2.0728607
1258,-170.5968017578125,-164.10911560058594,75.78929901123047,2.6788368818985804,-12.147151011389225,-98.41442314912433,18.876192,11.785334,27.292564,15.320677,-16.138592,-12.3276825,10.698811,-18.278036,-4.1266065,22.357256,-19.059624,15.000033,1.4134518,-3.8070598,6.9910045,-17.125263,22.473825,-20.322876,65.299805,-27.601717,7.5005574,4.870588,-23.53391,-20.145903,35.77565,60.51015,40.645866,13.09167,-2.035752
1259,-170.6219024658203,-164.09193420410156,75.79791259765625,2.6556844375777438,-12.13694529504655,-98.35229384304036,18.836514,11.825658,27.235674,15.295831,-16.098232,-12.3348465,10.762727,-18.232906,-4.203293,22.230759,-19.005222,15.000033,1.4633992,-3.8587742,6.9855847,-17.150928,22.445574,-20.19642,65.25103,-27.483326,7.556648,4.8460083,-23.467703,-20.166883,35.740856,60.52942,40.670216,13.068859,-1.9979476
1260,-170.6549072265625,-164.07408142089844,75.80889129638672,2.6313698721109002,-12.128210301505215,-98.28587922378777,18.805641,11.8639555,27.175127,15.248579,-16.044134,-12.343036,10.826957,-18.187784,-4.2870574,22.112291,-18.952946,15.000033,1.4998119,-3.905005,6.9786367,-17.176495,22.430395,-20.127686,65.23008,-27.426136,7.5846534,4.829604,-23.42131,-20.17498,35.722893,60.564533,40.689583,13.039686,-1.9769268
1261,-170.68934631347656,-164.05499267578125,75.82040405273438,2.607494529684677,-12.116965729948463,-98.2180125779394,18.781553,11.899058,27.114353,15.175703,-15.975031,-12.352714,10.880802,-18.142027,-4.3742566,22.011482,-18.90584,15.000033,1.51944,-3.9378848,6.969319,-17.191263,22.425638,-20.115324,65.237175,-27.443073,7.565568,4.8218136,-23.399775,-20.176561,35.723324,60.611935,40.695747,13.005438,-1.9818271
1262,-170.7252197265625,-164.03555297851562,75.83367156982422,2.580152556974762,-12.106655261672632,-98.1435727966573,18.760105,11.936847,27.046915,15.091312,-15.897001,-12.363316,10.936463,-18.093834,-4.471116,21.915543,-18.859365,15.000033,1.5174199,-3.9568722,6.9609094,-17.210135,22.41821,-20.125381,65.2816,-27.503374,7.5111604,4.8157353,-23.389095,-20.17598,35.734535,60.658188,40.683582,12.967132,-2.0039349
1263,-170.76080322265625,-164.01495361328125,75.84705352783203,2.552153436549274,-12.100668750659434,-98.06688854120448,18.74974,11.972681,26.977571,14.986633,-15.8059435,-12.374772,10.996652,-18.04405,-4.572348,21.82145,-18.813128,15.000033,1.5092586,-3.9704976,6.9580636,-17.23053,22.414951,-20.16494,65.33996,-27.588165,7.448918,4.814832,-23.397,-20.17226,35.754776,60.715706,40.66997,12.928729,-2.0253372
1264,-170.80282592773438,-163.99493408203125,75.86038208007812,2.5242443653245497,-12.107216988360161,-97.98235823323517,18.758192,12.006522,26.900084,14.859233,-15.700429,-12.387087,11.080687,-17.989899,-4.6860275,21.712694,-18.761925,15.000033,1.5019165,-3.9875295,6.962389,-17.27914,22.415142,-20.259619,65.42847,-27.689026,7.4044213,4.822219,-23.418797,-20.162434,35.7923,60.7925,40.680817,12.887611,-2.034139
1265,-170.8534393310547,-163.97195434570312,75.87615966796875,2.494839845940675,-12.132355971173753,-97.89161623797898,18.797737,12.037905,26.816969,14.697778,-15.574823,-12.401584,11.199924,-17.930708,-4.812988,21.58022,-18.70129,15.000033,1.4898897,-4.0062585,6.9889245,-17.345001,22.422733,-20.38745,65.52694,-27.778608,7.392343,4.8401656,-23.464409,-20.147417,35.845783,60.88392,40.708378,12.843839,-2.02381
1266,-170.903076171875,-163.947265625,75.8946304321289,2.4645979642200513,-12.170262167691106,-97.795907360718,18.859798,12.067238,26.728954,14.508419,-15.431989,-12.417746,11.3422365,-17.86549,-4.950583,21.433634,-18.634615,15.000033,1.4718107,-4.025111,7.029449,-17.433622,22.438269,-20.555906,65.65244,-27.880398,7.3949914,4.8637695,-23.529625,-20.129803,35.918407,60.987335,40.751907,12.796379,-2.0020766
1267,-170.95481872558594,-163.92071533203125,75.91145324707031,2.4345733844814466,-12.213055604450865,-97.69033614143682,18.922626,12.096533,26.630026,14.315374,-15.284233,-12.433383,11.493657,-17.800663,-5.0983806,21.285769,-18.56984,15.000033,1.4378603,-4.0425096,7.082159,-17.51252,22.45759,-20.716114,65.7665,-27.976067,7.3991156,4.8852477,-23.606712,-20.11409,35.992325,61.08828,40.79329,12.7564535,-1.9714373
1268,-171.01382446289062,-163.88661193847656,75.92814636230469,2.4081569999722645,-12.251302996115983,-97.57092851834707,18.964447,12.125803,26.514591,14.140626,-15.142334,-12.445106,11.640038,-17.741953,-5.256272,21.145678,-18.512367,15.000033,1.3993657,-4.085691,7.127315,-17.582329,22.508995,-20.9036,65.86678,-28.1048,7.392359,4.8942657,-23.68166,-20.068995,36.045753,61.203438,40.830273,12.723781,-1.9350617
1269,-171.06996154785156,-163.85440063476562,75.94317626953125,2.3884901794266034,-12.285012776325406,-97.43378954230616,18.984055,12.15055,26.378435,13.981959,-15.005428,-12.450552,11.77904,-17.692717,-5.425592,21.020052,-18.465975,15.000033,1.3231609,-4.1300135,7.1820674,-17.610909,22.55973,-21.012693,65.92417,-28.200373,7.3698344,4.8840365,-23.769892,-20.025986,36.091103,61.313667,40.85521,12.713408,-1.8804679
1270,-171.12554931640625,-163.81979370117188,75.95854187011719,2.3716417413425575,-12.318024725325364,-97.28226436270478,18.991581,12.171747,26.225676,13.829444,-14.868489,-12.451651,11.91852,-17.650368,-5.6060596,20.900425,-18.42566,15.000033,1.2272705,-4.178781,7.241544,-17.626442,22.611616,-21.099148,65.96899,-28.28822,7.3377438,4.862908,-23.864891,-19.984047,36.13111,61.424496,40.878647,12.717003,-1.8113238
1271,-171.18927001953125,-163.7808074951172,75.97366333007812,2.3545013606563505,-12.348208310650229,-97.1223106965279,18.980658,12.201904,26.062113,13.700333,-14.739859,-12.453106,12.056023,-17.604048,-5.7948003,20.782564,-18.38928,15.000033,1.1127886,-4.233994,7.3022857,-17.618797,22.688541,-21.179228,65.98831,-28.393911,7.299597,4.8337936,-23.970755,-19.921635,36.171555,61.538567,40.891537,12.723835,-1.7495296
1272,-171.25965881347656,-163.73928833007812,75.9870376586914,2.3264920162065845,-12.37390765360779,-96.95960012773037,18.943405,12.256298,25.893724,13.615635,-14.629389,-12.459651,12.18892,-17.544495,-5.9884815,20.660961,-18.353971,15.000033,0.9919036,-4.2713585,7.3597093,-17.614376,22.758144,-21.269268,66.01739,-28.527966,7.2494736,4.805366,-24.066284,-19.867668,36.219315,61.62382,40.891285,12.729171,-1.7186033
1273,-171.33274841308594,-163.69517517089844,76.0006103515625,2.287637153697721,-12.395182449783789,-96.79308484352582,18.881128,12.33859,25.719383,13.573245,-14.5369215,-12.472738,12.323157,-17.467592,-6.1921334,20.527407,-18.317251,15.000033,0.8559643,-4.303686,7.4137907,-17.591383,22.858698,-21.387281,66.03039,-28.72649,7.187217,4.7693934,-24.165325,-19.792343,36.279186,61.6952,40.871098,12.729407,-1.7320158
1274,-171.407470703125,-163.6476593017578,76.01185607910156,2.2396834815377984,-12.412891902807518,-96.62007107051637,18.793076,12.443541,25.53588,13.573862,-14.460343,-12.489792,12.457825,-17.378838,-6.4054794,20.387402,-18.281813,15.000033,0.70709944,-4.32547,7.4658585,-17.563265,22.965792,-21.52115,66.043625,-28.966967,7.1109624,4.727363,-24.262264,-19.716133,36.348656,61.747326,40.838737,12.730652,-1.7757616
1275,-171.48260498046875,-163.6044921875,76.02273559570312,2.1883328615869955,-12.425134948511834,-96.44608542177969,18.679838,12.564042,25.347752,13.612824,-14.400405,-12.50955,12.581029,-17.282574,-6.6178117,20.253677,-18.249859,15.000033,0.5576379,-4.337815,7.5164948,-17.53601,23.064734,-21.643576,66.05541,-29.198421,7.0333357,4.6914554,-24.347042,-19.64731,36.409973,61.7766,40.79529,12.731089,-1.8277318
1276,-171.55531311035156,-163.55877685546875,76.03254699707031,2.1349928190644514,-12.430456772742819,-96.27577682661284,18.548782,12.688906,25.160723,13.671246,-14.348857,-12.530452,12.68202,-17.184914,-6.8186626,20.138702,-18.224148,15.000033,0.40660363,-4.3557386,7.5678554,-17.490147,23.173567,-21.71708,66.03855,-29.375118,6.96772,4.6680565,-24.433973,-19.567085,36.455574,61.805737,40.741432,12.725346,-1.8645225
1277,-171.6348876953125,-163.50035095214844,76.04158782958984,2.080153585170433,-12.429700037793005,-96.10835914516977,18.394083,12.822352,24.972698,13.761562,-14.311935,-12.553319,12.7592745,-17.082481,-7.0069675,20.04518,-18.20587,15.000033,0.25476488,-4.3708615,7.6210794,-17.438187,23.271383,-21.732813,66.00931,-29.47571,6.9162197,4.6702585,-24.520973,-19.486149,36.489307,61.83018,40.67239,12.715894,-1.8809373
1278,-171.71270751953125,-163.44161987304688,76.04866790771484,2.0226625719199953,-12.423266467222163,-95.94167815250277,18.216286,12.967304,24.781694,13.883134,-14.2882595,-12.579006,12.818495,-16.97425,-7.1878123,19.966434,-18.193365,15.000033,0.1013616,-4.380651,7.6741176,-17.384783,23.35863,-21.71212,65.97679,-29.529383,6.8712797,4.6904697,-24.604973,-19.404135,36.51178,61.84714,40.586185,12.703494,-1.8889222
1279,-171.78326416015625,-163.38735961914062,76.05491638183594,1.9648433526171194,-12.40878939344427,-95.7800913093507,18.023968,13.114422,24.593725,14.018687,-14.27084,-12.6047945,12.858779,-16.865675,-7.360332,19.899372,-18.183842,15.000033,-0.034012564,-4.3780217,7.7207303,-17.351135,23.412388,-21.672937,65.96259,-29.54844,6.8247914,4.71536,-24.662807,-19.347872,36.51307,61.83639,40.508442,12.687281,-1.8937578
1280,-171.8593292236328,-163.33541870117188,76.06172180175781,1.9119232023908355,-12.383760761135017,-95.62758700380301,17.82425,13.25444,24.414278,14.152393,-14.252201,-12.628204,12.876754,-16.76352,-7.5231276,19.846571,-18.177914,15.000033,-0.1688592,-4.3809166,7.7556443,-17.286045,23.478594,-21.593729,65.91145,-29.550962,6.780788,4.723707,-24.727499,-19.27148,36.50491,61.841778,40.452805,12.658756,-1.899557
1281,-171.93252563476562,-163.2812957763672,76.06695556640625,1.8650831374971941,-12.34596152818528,-95.48331591194317,17.613419,13.38684,24.242418,14.28631,-14.232105,-12.649371,12.870138,-16.67082,-7.6779337,19.80864,-18.175827,15.000033,-0.28955108,-4.3816667,7.7767444,-17.208738,23.5307,-21.470543,65.84269,-29.521538,6.7378407,4.7134585,-24.77408,-19.201063,36.47062,61.837326,40.436584,12.615397,-1.9112401
1282,-172.00946044921875,-163.2218780517578,76.07145690917969,1.8203770514641644,-12.29745379316743,-95.34593281363493,17.391254,13.514795,24.076708,14.422871,-14.214554,-12.669254,12.84054,-16.582,-7.824839,19.785906,-18.178274,15.000033,-0.3814092,-4.3738375,7.787805,-17.151552,23.551138,-21.333595,65.78716,-29.46455,6.6933064,4.6956797,-24.778269,-19.164553,36.40033,61.79252,40.448624,12.5637245,-1.9259534
1283,-172.08387756347656,-163.1653594970703,76.07881927490234,1.778666497185061,-12.241864269882589,-95.2183879962777,17.168295,13.637529,23.92071,14.552181,-14.1928625,-12.686996,12.794481,-16.49703,-7.960312,19.771843,-18.181414,15.000033,-0.47126842,-4.36101,7.7923856,-17.079596,23.569885,-21.173735,65.714935,-29.39766,6.6459074,4.67091,-24.78842,-19.124979,36.332047,61.75346,40.464844,12.509266,-1.934067
1284,-172.14385986328125,-163.11447143554688,76.08836364746094,1.7399170539072046,-12.18286172481748,-95.10402088173832,16.954355,13.754067,23.778564,14.665411,-14.162616,-12.701227,12.737166,-16.413036,-8.080512,19.762552,-18.182837,15.000033,-0.5552985,-4.3405075,7.789854,-17.01011,23.588259,-21.037088,65.64877,-29.357327,6.587462,4.6440144,-24.805758,-19.084574,36.28354,61.722065,40.468784,12.460455,-1.9290686
1285,-172.21534729003906,-163.05807495117188,76.09729766845703,1.7016980075939867,-12.117281869965618,-95.00640535976302,16.742579,13.868975,23.652008,14.772918,-14.127083,-12.710671,12.661009,-16.32693,-8.180889,19.761747,-18.183212,15.000033,-0.622208,-4.308746,7.7783403,-16.957949,23.60271,-20.949766,65.60321,-29.36737,6.5077343,4.612613,-24.817951,-19.055777,36.24473,61.683285,40.44652,12.420632,-1.8977541
1286,-172.278564453125,-163.00918579101562,76.10748291015625,1.6664309657218976,-12.044672965291568,-94.92302168548778,16.530521,13.981272,23.538885,14.875173,-14.087173,-12.716163,12.565698,-16.241335,-8.264565,19.770828,-18.18356,15.000033,-0.6743451,-4.2685866,7.7587905,-16.914526,23.613808,-20.888908,65.566055,-29.406872,6.4135423,4.5751123,-24.821829,-19.036474,36.20821,61.63401,40.41091,12.385168,-1.847985
1287,-172.34568786621094,-162.95724487304688,76.11888885498047,1.6341356778046072,-11.972341528287194,-94.84730823307302,16.335287,14.082259,23.436253,14.951338,-14.036227,-12.719935,12.470322,-16.159311,-8.340361,19.777275,-18.180876,15.000033,-0.7157038,-4.226549,7.736162,-16.877077,23.623281,-20.841011,65.53045,-29.44503,6.3225493,4.53977,-24.82481,-19.02254,36.18357,61.58677,40.38498,12.352448,-1.802403
1288,-172.40792846679688,-162.9091796875,76.13105773925781,1.6080102635470093,-11.907805762140677,-94.77270299133778,16.173016,14.162982,23.341452,14.98045,-13.967292,-12.724009,12.392076,-16.087557,-8.416016,19.77216,-18.173336,15.000033,-0.7442884,-4.189133,7.713573,-16.853344,23.627615,-20.806639,65.49928,-29.456179,6.2512264,4.5154176,-24.827084,-19.016731,36.17926,61.547684,40.396603,12.320828,-1.7842722
1289,-172.46116638183594,-162.86648559570312,76.1438217163086,1.5917454906398403,-11.852602467394416,-94.69887073122044,16.052021,14.218239,23.255758,14.949458,-13.875683,-12.728391,12.33648,-16.02782,-8.493109,19.750526,-18.158632,15.000033,-0.7698423,-4.1579447,7.6938305,-16.829079,23.63165,-20.761236,65.45674,-29.419136,6.204599,4.5049715,-24.839779,-19.01298,36.21417,61.523914,40.467438,12.287676,-1.8088647
1290,-172.5199737548828,-162.82786560058594,76.15693664550781,1.5769114098507129,-11.802578435997873,-94.63044281806033,15.958574,14.26218,23.181503,14.881137,-13.770285,-12.733788,12.294414,-15.967945,-8.565932,19.712856,-18.135244,15.000033,-0.8035563,-4.1172476,7.6710296,-16.788803,23.632782,-20.698013,65.39754,-29.352898,6.1731124,4.5034795,-24.869907,-19.014942,36.311424,61.514935,40.59637,12.252916,-1.8638574
1291,-172.57675170898438,-162.79190063476562,76.1705551147461,1.5649221653753211,-11.757014937821337,-94.56558341216234,15.885993,14.295523,23.114405,14.78601,-13.656241,-12.739854,12.26212,-15.913554,-8.63556,19.667778,-18.10865,15.000033,-0.8205915,-4.0788927,7.647776,-16.768557,23.629244,-20.653782,65.353355,-29.2773,6.1536527,4.506236,-24.892313,-19.021824,36.39917,61.50868,40.717957,12.224199,-1.9228677
1292,-172.62957763671875,-162.7563018798828,76.1849136352539,1.5530800707360408,-11.71515899292281,-94.50367346049154,15.823483,14.325609,23.051094,14.68432,-13.538405,-12.747118,12.236291,-15.859124,-8.701728,19.617544,-18.080135,14.98758,-0.8358158,-4.037001,7.6261783,-16.756073,23.622122,-20.607372,65.32026,-29.199333,6.14383,4.505265,-24.910967,-19.031137,36.470753,61.500896,40.795128,12.2081175,-1.9647967
1293,-172.680908203125,-162.7220458984375,76.19954681396484,1.5425188478290695,-11.676925292099702,-94.44639028845567,15.774102,14.3527775,22.992704,14.569568,-13.413655,-12.756207,12.217065,-15.801062,-8.761787,19.559792,-18.049105,14.95603,-0.8594929,-3.9837363,7.60919,-16.738758,23.60553,-20.531937,65.28365,-29.10619,6.15321,4.5012107,-24.931599,-19.04712,36.524784,61.490334,40.800995,12.21238,-1.9819387
1294,-172.7293243408203,-162.6912078857422,76.21482849121094,1.535257443143934,-11.642784023802653,-94.39327892011309,15.742184,14.371561,22.940607,14.43368,-13.279306,-12.766041,12.203704,-15.74755,-8.817355,19.499218,-18.015524,14.926263,-0.85771364,-3.9427474,7.59247,-16.750347,23.596724,-20.49268,65.26444,-29.018774,6.181781,4.4975524,-24.93753,-19.053507,36.52884,61.484417,40.75011,12.228984,-1.9837799
1295,-172.77850341796875,-162.66000366210938,76.22905731201172,1.528968215229023,-11.612667460549268,-94.34080210759014,15.719864,14.3859005,22.890995,14.292332,-13.145128,-12.776894,12.200173,-15.697878,-8.874556,19.431997,-17.981787,14.898992,-0.8594366,-3.8979213,7.5775795,-16.76307,23.582954,-20.444757,65.25729,-28.92408,6.2068887,4.4896674,-24.94777,-19.062174,36.538143,61.48282,40.69233,12.249726,-1.9817502
1296,-172.82568359375,-162.63536071777344,76.24259948730469,1.5239868493982005,-11.586264386390082,-94.28553659659282,15.697881,14.399371,22.840078,14.163418,-13.022091,-12.788555,12.202802,-15.653143,-8.937404,19.369078,-17.952114,14.874621,-0.86174095,-3.8529162,7.558063,-16.782455,23.565762,-20.412878,65.28233,-28.84146,6.207313,4.475521,-24.959759,-19.073008,36.572773,61.488735,40.672943,12.262233,-1.9866084
1297,-172.87088012695312,-162.61427307128906,76.25481414794922,1.5199168002473022,-11.562158281851064,-94.22647403223374,15.673968,14.4109745,22.787922,14.048887,-12.912405,-12.800954,12.211293,-15.614734,-9.008193,19.308462,-17.925913,14.855671,-0.87136686,-3.8004477,7.526782,-16.810574,23.535757,-20.399609,65.361595,-28.772501,6.1676817,4.4487195,-24.973549,-19.092615,36.66143,61.50266,40.713467,12.259118,-2.0114086
1298,-172.91236877441406,-162.59359741210938,76.26461029052734,1.5156806041684976,-11.54058892620558,-94.16525708940523,15.651205,14.420952,22.735731,13.943079,-12.811533,-12.814302,12.225652,-15.583509,-9.0838175,19.249565,-17.90252,14.841322,-0.8799246,-3.7371178,7.483994,-16.862175,23.479776,-20.408777,65.50316,-28.71203,6.0982647,4.41405,-24.979486,-19.129293,36.786022,61.516144,40.793636,12.248822,-2.0495615
1299,-172.9462890625,-162.57542419433594,76.27378845214844,1.511362254779445,-11.524891234750148,-94.10258630941769,15.633889,14.430768,22.682833,13.843365,-12.717068,-12.828558,12.247982,-15.553203,-9.161733,19.192867,-17.881401,14.825823,-0.8770537,-3.679745,7.4431148,-16.925484,23.43109,-20.442154,65.655174,-28.669903,6.026451,4.3839064,-24.980148,-19.163631,36.90255,61.53177,40.886772,12.239469,-2.0768716
1300,-172.9783477783203,-162.5596466064453,76.28147888183594,1.5048405818157498,-11.517856826576905,-94.0393454748524,15.623789,14.444755,22.628145,13.752607,-12.629061,-12.844352,12.280278,-15.52191,-9.238648,19.139297,-17.862095,14.804308,-0.872094,-3.6169765,7.406901,-16.99161,23.377285,-20.471462,65.797775,-28.639257,5.969074,4.373552,-24.98554,-19.204521,37.025677,61.55013,41.00099,12.240354,-2.0770285
1301,-173.01235961914062,-162.5453643798828,76.2893295288086,1.493127248759681,-11.520812227595531,-93.97620895200608,15.622848,14.465513,22.5725,13.670349,-12.547026,-12.863594,12.322374,-15.485831,-9.31291,19.091202,-17.845053,14.771006,-0.8662844,-3.5526216,7.3799286,-17.050138,23.333786,-20.493484,65.90913,-28.638681,5.931496,4.392061,-24.999557,-19.24058,37.13825,61.575203,41.126884,12.258154,-2.0297384
1302,-173.04283142089844,-162.53196716308594,76.29692840576172,1.477010017279292,-11.53187610753198,-93.91289481215975,15.631176,14.489817,22.516918,13.592199,-12.468936,-12.885269,12.374506,-15.44626,-9.386759,19.044743,-17.828836,14.730119,-0.86077195,-3.4785824,7.3568816,-17.110804,23.280834,-20.508953,66.01752,-28.6559,5.9007134,4.431222,-25.017515,-19.28763,37.261486,61.600544,41.277893,12.287476,-1.9513837
1303,-173.07191467285156,-162.51947021484375,76.30316925048828,1.4606800515435119,-11.549689411310474,-93.84674073677417,15.640019,14.51557,22.456896,13.530321,-12.401927,-12.905938,12.436452,-15.409442,-9.462714,18.998562,-17.814224,14.690946,-0.85466385,-3.4142015,7.338485,-17.166388,23.246288,-20.530401,66.11133,-28.67316,5.881656,4.470316,-25.043177,-19.322308,37.39123,61.63477,41.442802,12.316016,-1.8721563
1304,-173.1006622314453,-162.51272583007812,76.30872344970703,1.4457805826561216,-11.572869240943609,-93.77571730285129,15.651434,14.536983,22.39087,13.475383,-12.341317,-12.921924,12.512267,-15.376971,-9.54458,18.94307,-17.797398,14.662083,-0.8553303,-3.350211,7.320616,-17.218191,23.209532,-20.54979,66.20261,-28.657146,5.874844,4.496022,-25.071066,-19.362238,37.560986,61.6644,41.633957,12.333993,-1.8276019
1305,-173.12777709960938,-162.5060272216797,76.3138656616211,1.4331722120987411,-11.603163838132941,-93.69636236549862,15.664328,14.555334,22.31492,13.431543,-12.288948,-12.932359,12.609438,-15.347961,-9.636388,18.870367,-17.775408,14.64708,-0.85785484,-3.2940125,7.3060465,-17.275522,23.179817,-20.577229,66.294815,-28.58924,5.8927817,4.4942684,-25.100767,-19.399473,37.768044,61.69317,41.851376,12.335566,-1.8297882
1306,-173.15048217773438,-162.49945068359375,76.31782531738281,1.4205468012107278,-11.640528923636287,-93.6109775442045,15.678261,14.573251,22.23114,13.401235,-12.24607,-12.939186,12.725137,-15.320614,-9.735422,18.784243,-17.749283,14.640728,-0.87450045,-3.2292674,7.29326,-17.327211,23.140797,-20.590967,66.38555,-28.48225,5.9277034,4.478128,-25.133614,-19.452755,38.03403,61.711372,42.108955,12.327908,-1.8631856
1307,-173.16738891601562,-162.49566650390625,76.321044921875,1.4097507140707894,-11.680938690309425,-93.52520401480295,15.694409,14.585598,22.146687,13.375516,-12.20849,-12.942804,12.843842,-15.2998905,-9.834488,18.701178,-17.72552,14.6395035,-0.8845765,-3.1744087,7.281345,-17.377426,23.110792,-20.617748,66.47024,-28.379293,5.959332,4.4651437,-25.16734,-19.50049,38.297043,61.73104,42.370323,12.317836,-1.9060905
1308,-173.1853790283203,-162.49195861816406,76.32392120361328,1.404913780707687,-11.719763289162012,-93.44539082682161,15.712402,14.588667,22.068651,13.348296,-12.172984,-12.9436035,12.951484,-15.289707,-9.926436,18.63504,-17.710049,14.639643,-0.8981105,-3.1174717,7.2653847,-17.40653,23.078058,-20.63865,66.54145,-28.310408,5.962196,4.4749465,-25.205149,-19.555841,38.566727,61.744934,42.637287,12.313234,-1.9449238
1309,-173.1976318359375,-162.48855590820312,76.32473754882812,1.407928824364592,-11.754105532252753,-93.37182188370767,15.722013,14.582584,21.995382,13.333484,-12.147308,-12.940235,13.041154,-15.294128,-10.010678,18.59335,-17.706743,14.641517,-0.9038086,-3.0694125,7.2409077,-17.426796,23.05073,-20.68459,66.61069,-28.29729,5.9230046,4.517633,-25.250479,-19.60739,38.833935,61.76751,42.914616,12.317174,-1.9772865
1310,-173.2088623046875,-162.4851531982422,76.32485961914062,1.4157374925916013,-11.786968541109218,-93.30184420674512,15.730576,14.56756,21.92539,13.321627,-12.125778,-12.932987,13.122845,-15.309042,-10.091075,18.564827,-17.71044,14.646461,-0.90762204,-3.0256517,7.2107754,-17.43628,23.025522,-20.741962,66.67528,-28.314749,5.8566713,4.5812283,-25.302292,-19.658484,39.112427,61.793564,43.208015,12.325252,-2.011876
1311,-173.21726989746094,-162.48374938964844,76.32450103759766,1.4280763163138541,-11.822646000069,-93.23658875821872,15.747164,14.545973,21.860807,13.304596,-12.104645,-12.924763,13.202849,-15.32985,-10.165898,18.544193,-17.717913,14.652874,-0.9048584,-2.990815,7.1825037,-17.435556,23.008614,-20.798296,66.72494,-28.34988,5.784758,4.651751,-25.353832,-19.695284,39.35314,61.824238,43.468315,12.331236,-2.0409482
1312,-173.2222137451172,-162.4842071533203,76.32344055175781,1.4409861285254946,-11.865286604708096,-93.17698976276624,15.780168,14.520367,21.80389,13.276829,-12.081802,-12.918051,13.287746,-15.35356,-10.233239,18.52544,-17.72511,14.659696,-0.91297877,-2.9479377,7.161137,-17.404331,22.98775,-20.810143,66.741936,-28.38337,5.725537,4.717019,-25.397495,-19.735065,39.564457,61.835392,43.682716,12.330567,-2.0642202
1313,-173.22525024414062,-162.4845428466797,76.322265625,1.454989606758678,-11.91803013863153,-93.12449822702635,15.836648,14.490604,21.75655,13.232408,-12.055108,-12.914269,13.382039,-15.376638,-10.29215,18.505812,-17.730658,14.665938,-0.9239842,-2.898902,7.153785,-17.35043,22.963966,-20.784458,66.72904,-28.416891,5.6856003,4.7788215,-25.424574,-19.775211,39.711346,61.821724,43.821392,12.319397,-2.076072
1314,-173.2283172607422,-162.4849853515625,76.32066345214844,1.4711210377237602,-11.978318366260918,-93.07769697217317,15.910627,14.455128,21.71699,13.175684,-12.026252,-12.911822,13.480241,-15.403987,-10.343245,18.491533,-17.737946,14.672747,-0.9184182,-2.864232,7.1539955,-17.293802,22.95418,-20.764963,66.70054,-28.468548,5.6566277,4.8418574,-25.438124,-19.789566,39.773724,61.80857,43.886658,12.299324,-2.0759428
1315,-173.23052978515625,-162.4868927001953,76.31990051269531,1.4904527800682505,-12.040443428856449,-93.03570237121498,15.991743,14.415327,21.682543,13.113976,-11.996839,-12.908808,13.579162,-15.43379,-10.389939,18.477596,-17.744497,14.680509,-0.932174,-2.8191576,7.1552563,-17.199518,22.935432,-20.685957,66.6373,-28.507881,5.628971,4.8979135,-25.459269,-19.811161,39.843376,61.78769,43.937164,12.28001,-2.0749297
1316,-173.2275390625,-162.49066162109375,76.31863403320312,1.5113296987488267,-12.099729286025687,-92.99650156858745,16.077703,14.368468,21.652163,13.037288,-11.958997,-12.903392,13.674533,-15.468057,-10.434726,18.463463,-17.749792,14.689913,-0.92904973,-2.7892194,7.153378,-17.109028,22.919924,-20.59279,66.5622,-28.536142,5.599847,4.9373436,-25.477318,-19.82394,39.868713,61.774025,43.959812,12.2689,-2.06925
1317,-173.22470092773438,-162.49517822265625,76.31822967529297,1.537747256130994,-12.15774800139972,-92.9619284946667,16.16606,14.314877,21.625809,12.955976,-11.918592,-12.894774,13.769298,-15.508971,-10.477363,18.445913,-17.75395,14.701915,-0.92618287,-2.764302,7.151085,-16.997171,22.89725,-20.431833,66.45285,-28.535137,5.565936,4.9559546,-25.506897,-19.836023,39.879078,61.769196,43.970985,12.267149,-2.064414
1318,-173.22276306152344,-162.49819946289062,76.31851196289062,1.5678945925964738,-12.216241337602636,-92.93208779058448,16.264008,14.253299,21.605291,12.8596525,-11.870603,-12.884115,13.861118,-15.554996,-10.515842,18.43382,-17.758207,14.715717,-0.9211726,-2.7433496,7.1489906,-16.869675,22.867704,-20.221645,66.318306,-28.516733,5.529914,4.9598794,-25.541412,-19.844078,39.863743,61.770313,43.958984,12.270734,-2.058433
1319,-173.21929931640625,-162.49850463867188,76.31908416748047,1.5972039494389665,-12.27001154701213,-92.90347208659215,16.359692,14.1887245,21.586264,12.758156,-11.819939,-12.872214,13.948404,-15.603428,-10.553139,18.418999,-17.759981,14.729963,-0.8986744,-2.736664,7.138356,-16.751863,22.845919,-20.034908,66.18391,-28.502163,5.4971423,4.9549766,-25.563614,-19.845238,39.81065,61.770588,43.921124,12.279886,-2.044686
1320,-173.21055603027344,-162.5050506591797,76.3215103149414,1.6264152976343775,-12.313994181967194,-92.87319438101328,16.440432,14.12714,21.56464,12.6640625,-11.77265,-12.859823,14.027785,-15.648114,-10.5919285,18.397902,-17.757893,14.743093,-0.89242125,-2.7243903,7.122584,-16.622305,22.819433,-19.83632,66.04784,-28.460302,5.4659276,4.9435124,-25.59675,-19.842674,39.760742,61.770096,43.859135,12.300489,-2.0184848
1321,-173.20407104492188,-162.50978088378906,76.3240737915039,1.65160143404164,-12.343730972503332,-92.8397391205251,16.50064,14.068317,21.538982,12.577867,-11.727986,-12.847095,14.095223,-15.691409,-10.632413,18.369328,-17.751684,14.755073,-0.87822586,-2.7207956,7.086281,-16.50553,22.79938,-19.692896,65.929115,-28.418087,5.436796,4.9260178,-25.61257,-19.837486,39.69365,61.75856,43.78101,12.330227,-1.9705758
1322,-173.19602966308594,-162.51673889160156,76.32677459716797,1.6766144406542158,-12.36334759057226,-92.80522682791785,16.547506,14.010259,21.511402,12.495512,-11.684388,-12.833284,14.154547,-15.733194,-10.67384,18.334412,-17.741524,14.766394,-0.8783257,-2.712656,7.047232,-16.370647,22.773111,-19.52021,65.79434,-28.329746,5.4081655,4.8982882,-25.643366,-19.826427,39.609367,61.75143,43.663506,12.373721,-1.9020022
1323,-173.18565368652344,-162.52175903320312,76.32935333251953,1.699510328994972,-12.37928337292465,-92.77063663229993,16.58903,13.953894,21.48392,12.415711,-11.642703,-12.819166,14.210833,-15.773555,-10.715232,18.29602,-17.728508,14.777285,-0.8723218,-2.707986,7.0010943,-16.251078,22.745968,-19.376978,65.68167,-28.253885,5.3840537,4.869658,-25.669806,-19.809383,39.52039,61.746204,43.53053,12.42162,-1.8376124
1324,-173.17739868164062,-162.5249786376953,76.33195495605469,1.7209087175059907,-12.398341062457453,-92.73722173727393,16.634363,13.899275,21.45862,12.336012,-11.603464,-12.804805,14.269466,-15.810992,-10.755981,18.257843,-17.714125,14.787651,-0.855542,-2.7080567,6.9589586,-16.155142,22.727283,-19.273342,65.59686,-28.212801,5.369747,4.8452277,-25.688448,-19.79452,39.434036,61.733746,43.38542,12.47193,-1.7977315
1325,-173.1661834716797,-162.529541015625,76.33348083496094,1.7381813176506808,-12.421916574967975,-92.70742294955136,16.685295,13.84872,21.438538,12.258521,-11.568723,-12.789424,14.332293,-15.846133,-10.7940855,18.218044,-17.697083,14.797355,-0.83071876,-2.7068942,6.923802,-16.07902,22.713985,-19.19557,65.53834,-28.202879,5.3718314,4.8260384,-25.706709,-19.781973,39.35718,61.716385,43.2161,12.532657,-1.792402
1326,-173.1538543701172,-162.5331268310547,76.33619689941406,1.7539921834268013,-12.446370061671514,-92.68024675874868,16.73857,13.800842,21.42207,12.180196,-11.535447,-12.7734165,14.395705,-15.876876,-10.830701,18.17581,-17.677092,14.806023,-0.802512,-2.7044437,6.894675,-16.016773,22.697336,-19.124151,65.49934,-28.200275,5.385557,4.8102517,-25.7301,-19.762148,39.272984,61.700687,43.011585,12.604879,-1.8091584
1327,-173.1417236328125,-162.53599548339844,76.33855438232422,1.7692973055379926,-12.47209264503162,-92.65068620158789,16.790281,13.753407,21.402952,12.104891,-11.504564,-12.757912,14.460731,-15.908491,-10.869167,18.133812,-17.656353,14.815124,-0.7752497,-2.7042005,6.86747,-15.967207,22.684818,-19.076468,65.47966,-28.216427,5.3985667,4.793781,-25.754568,-19.744354,39.198967,61.688038,42.810345,12.669721,-1.829853
1328,-173.1299591064453,-162.53701782226562,76.34025573730469,1.7842175336068167,-12.499410314701542,-92.61406088008077,16.838903,13.702905,21.375517,12.031321,-11.4740925,-12.743784,14.52773,-15.943996,-10.912929,18.09484,-17.636782,14.825963,-0.75323004,-2.710273,6.8461504,-15.930922,22.668415,-19.039356,65.478745,-28.23314,5.3973937,4.777313,-25.78536,-19.716385,39.11629,61.6923,42.616104,12.712739,-1.8382599
1329,-173.1121063232422,-162.53713989257812,76.34195709228516,1.8021584591763218,-12.529003405692126,-92.56822568876599,16.883673,13.647952,21.336927,11.959631,-11.444008,-12.733497,14.59837,-15.984614,-10.96443,18.058672,-17.618439,14.839801,-0.74374634,-2.7227583,6.8304095,-15.902297,22.653408,-19.024088,65.49339,-28.263754,5.379697,4.764086,-25.821295,-19.686348,39.045574,61.703995,42.45079,12.725828,-1.8326968
1330,-173.0970916748047,-162.53622436523438,76.3438720703125,1.8204483035069983,-12.560474985127971,-92.51575336699901,16.926006,13.590482,21.29057,11.889665,-11.415011,-12.725752,14.67087,-16.027546,-11.021239,18.025887,-17.601175,14.855379,-0.7429701,-2.7393792,6.822248,-15.88037,22.641665,-19.025545,65.51909,-28.306313,5.3526278,4.7526774,-25.859234,-19.658833,38.981804,61.714527,42.299473,12.719828,-1.8210063
1331,-173.08226013183594,-162.53463745117188,76.34651184082031,1.8382356716537804,-12.592318167592648,-92.45986158959312,16.96776,13.53213,21.24082,11.817629,-11.384111,-12.716548,14.746024,-16.071249,-11.080785,17.990206,-17.58216,14.870774,-0.74666446,-2.7590036,6.8175836,-15.85976,22.63302,-19.02923,65.54783,-28.355137,5.3184743,4.7351165,-25.88982,-19.63599,38.922607,61.717827,42.162716,12.703544,-1.8088164
1332,-173.06716918945312,-162.53236389160156,76.3475341796875,1.854045337268399,-12.622472379893562,-92.40334700045068,16.99814,13.479213,21.18896,11.765336,-11.361897,-12.701854,14.819455,-16.112947,-11.139622,17.953402,-17.562805,14.883476,-0.7528813,-2.778156,6.809811,-15.837112,22.627834,-19.022177,65.57675,-28.408474,5.279075,4.7009945,-25.905127,-19.622225,38.87337,61.710693,42.04521,12.684142,-1.7997936
1333,-173.05386352539062,-162.53103637695312,76.34896850585938,1.8707560592715744,-12.651771210884663,-92.34521134269306,17.02704,13.427739,21.136147,11.71384,-11.337794,-12.678667,14.895465,-16.152376,-11.198957,17.910963,-17.541924,14.893432,-0.7421018,-2.807275,6.7986717,-15.835805,22.614628,-19.010653,65.63048,-28.450186,5.224861,4.6501203,-25.908382,-19.583488,38.770386,61.72723,41.896442,12.658827,-1.7916868
1334,-173.035888671875,-162.52980041503906,76.3522720336914,1.8859936597729323,-12.680214187965522,-92.2840624193594,17.049236,13.378951,21.079794,11.671957,-11.316963,-12.649932,14.973457,-16.191021,-11.259871,17.864452,-17.519768,14.901546,-0.74710363,-2.8329275,6.7860985,-15.815014,22.607212,-18.97915,65.67177,-28.50022,5.1601768,4.5835433,-25.894352,-19.561598,38.694893,61.71719,41.776524,12.625512,-1.7924249
1335,-173.0200958251953,-162.52798461914062,76.35447692871094,1.9003255881396888,-12.707320906243663,-92.22400250931003,17.07087,13.331447,21.024923,11.628121,-11.29425,-12.620113,15.049681,-16.228275,-11.319593,17.81601,-17.495283,14.9076605,-0.7501775,-2.858465,6.773712,-15.79879,22.602062,-18.948944,65.71274,-28.5539,5.1003237,4.5098596,-25.874594,-19.546251,38.633366,61.706623,41.681213,12.592753,-1.7904147
1336,-173.00379943847656,-162.5224609375,76.35633087158203,1.9120510843092033,-12.732304052113221,-92.16942878839522,17.092558,13.285752,20.975168,11.581555,-11.2703085,-12.594207,15.122291,-16.261608,-11.376434,17.762993,-17.464804,14.911571,-0.7426561,-2.8842967,6.764485,-15.798088,22.597223,-18.927479,65.753235,-28.604046,5.0610356,4.4370866,-25.862482,-19.530966,38.588066,61.71324,41.61666,12.569219,-1.7764573
1337,-172.9861297607422,-162.51791381835938,76.3595962524414,1.9189452841824428,-12.755359852921552,-92.11996283082328,17.11196,13.245339,20.92979,11.538683,-11.249508,-12.575649,15.190669,-16.288713,-11.431264,17.707228,-17.429163,14.911704,-0.72458756,-2.9095352,6.751905,-15.820186,22.590078,-18.925732,65.80533,-28.665598,5.051696,4.364783,-25.872,-19.504025,38.5817,61.764217,41.603596,12.556836,-1.7466377
1338,-172.96722412109375,-162.5135498046875,76.3639144897461,1.9238103166577638,-12.776856846454368,-92.07410519619143,17.132717,13.207581,20.888134,11.490374,-11.225838,-12.56093,15.258094,-16.31221,-11.484985,17.645166,-17.387209,14.909017,-0.70357424,-2.9315417,6.73768,-15.850285,22.585833,-18.934202,65.856995,-28.739908,5.062811,4.2884474,-25.888538,-19.484783,38.620636,61.829533,41.645237,12.551351,-1.7074184
1339,-172.9495391845703,-162.5070037841797,76.3696517944336,1.9282419053952622,-12.795717087694893,-92.0329620339327,17.152096,13.168871,20.850943,11.440597,-11.200915,-12.545244,15.318454,-16.334072,-11.533837,17.584501,-17.343445,14.905377,-0.6755596,-2.9536989,6.729605,-15.883116,22.584595,-18.941925,65.894966,-28.799082,5.0796113,4.214361,-25.89353,-19.478006,38.65216,61.879757,41.691685,12.550281,-1.6647813
1340,-172.93130493164062,-162.49778747558594,76.37500762939453,1.9364509159965446,-12.810348260690418,-91.9978668744558,17.1665,13.126227,20.819033,11.393213,-11.176072,-12.523743,15.365611,-16.362343,-11.573048,17.533102,-17.302654,14.903517,-0.64943665,-2.974504,6.721165,-15.909629,22.583418,-18.946783,65.91985,-28.83224,5.085014,4.151005,-25.891064,-19.472912,38.676044,61.920216,41.726448,12.543293,-1.6296188
1341,-172.9123077392578,-162.486328125,76.38080596923828,1.9496703551612682,-12.82548600620196,-91.96779037075713,17.185654,13.073939,20.792017,11.335521,-11.144637,-12.493811,15.406215,-16.39852,-11.604526,17.488647,-17.264086,14.904552,-0.63078904,-2.9962296,6.714546,-15.943935,22.580442,-18.948437,65.95267,-28.826244,5.072596,4.0991764,-25.882658,-19.465176,38.69357,61.95247,41.74397,12.531568,-1.602297
1342,-172.8926544189453,-162.4766082763672,76.38607788085938,1.965261780469736,-12.836162647594755,-91.94295024326865,17.197147,13.020606,20.769192,11.285349,-11.115994,-12.459097,15.433894,-16.436981,-11.627996,17.452385,-17.22748,14.906308,-0.6101862,-3.0142617,6.7107406,-15.966521,22.577627,-18.94665,65.95871,-28.78805,5.0545444,4.0624447,-25.868721,-19.459904,38.69478,61.975834,41.744312,12.521882,-1.5782024
1343,-172.8675537109375,-162.46266174316406,76.39193725585938,1.9865762230750803,-12.844753874659464,-91.9248582608676,17.213425,12.959813,20.7532,11.22153,-11.079675,-12.421346,15.452696,-16.480623,-11.643206,17.421635,-17.191923,14.90892,-0.5840427,-3.0397425,6.7063756,-16.015686,22.570915,-18.943905,65.99343,-28.737005,5.0288215,4.0204096,-25.846035,-19.45115,38.680187,62.002834,41.739582,12.500451,-1.5562409
1344,-172.84103393554688,-162.44866943359375,76.39929962158203,2.0052735852487467,-12.84222248218107,-91.91663241204455,17.214558,12.904316,20.74524,11.172177,-11.049609,-12.384048,15.448829,-16.522385,-11.64494,17.400476,-17.157578,14.910257,-0.5479662,-3.0611112,6.69386,-16.055788,22.560804,-18.94265,66.01351,-28.708323,5.0020075,3.974827,-25.82343,-19.441223,38.658157,62.043823,41.74803,12.4627495,-1.5405439
1345,-172.8193359375,-162.4318084716797,76.40594482421875,2.022685468341996,-12.82820756012204,-91.9192614899209,17.19966,12.856048,20.745447,11.138407,-11.025916,-12.347417,15.424168,-16.558748,-11.632825,17.383244,-17.120913,14.907749,-0.5085652,-3.0766435,6.671843,-16.078184,22.55396,-18.934778,66.011665,-28.715149,4.974019,3.9202466,-25.799646,-19.435755,38.63985,62.09716,41.7865,12.40138,-1.5379853
1346,-172.7956085205078,-162.41720581054688,76.412353515625,2.0426378523454,-12.804641081782988,-91.93319407262747,17.17889,12.804817,20.756542,11.101877,-10.999522,-12.30934,15.376206,-16.597776,-11.60514,17.37887,-17.08695,14.903779,-0.46187407,-3.0953653,6.640354,-16.1067,22.549765,-18.924578,66.01794,-28.736202,4.9409165,3.8518376,-25.769913,-19.43293,38.6219,62.16039,41.84383,12.317549,-1.540009
1347,-172.77249145507812,-162.40061950683594,76.41897583007812,2.065908547561312,-12.774652228973746,-91.954970641404,17.15391,12.750899,20.77446,11.062951,-10.971811,-12.270977,15.3116865,-16.640324,-11.567852,17.385365,-17.056824,14.901945,-0.40604928,-3.1176605,6.609806,-16.144772,22.539507,-18.90772,66.02736,-28.74971,4.9076467,3.7837453,-25.733627,-19.42728,38.581913,62.22148,41.88906,12.228202,-1.5439653
1348,-172.7469024658203,-162.3842010498047,76.42491912841797,2.0875532086074706,-12.743662221043918,-91.97816016643152,17.124243,12.699014,20.792759,11.031731,-10.949295,-12.234009,15.244314,-16.68271,-11.53031,17.391376,-17.027035,14.906146,-0.35549873,-3.1360455,6.581778,-16.174334,22.52782,-18.897177,66.02686,-28.762775,4.8758206,3.7240438,-25.707035,-19.42227,38.55364,62.28393,41.92638,12.146388,-1.5414718
1349,-172.72360229492188,-162.3640899658203,76.43083953857422,2.110301431386255,-12.709838438911413,-92.0053447744399,17.08849,12.645524,20.812868,11.006396,-10.932012,-12.198169,15.169477,-16.727327,-11.492057,17.401386,-17.001392,14.92052,-0.30016464,-3.1549296,6.554931,-16.220074,22.50749,-18.896118,66.04254,-28.761652,4.8423305,3.6708367,-25.685503,-19.415913,38.526436,62.34953,41.939823,12.074364,-1.5310967
1350,-172.69480895996094,-162.34188842773438,76.4361572265625,2.1340549481663142,-12.671937265748118,-92.03659659261365,17.046997,12.591522,20.8358,10.985007,-10.917909,-12.162915,15.085628,-16.774734,-11.450953,17.41456,-16.977692,14.942185,-0.252119,-3.1734035,6.5293484,-16.246138,22.494932,-18.89568,66.03242,-28.76637,4.8109727,3.6206973,-25.668957,-19.41344,38.52068,62.40798,41.9574,12.005399,-1.5199212
1351,-172.66580200195312,-162.32208251953125,76.44082641601562,2.1568451921475735,-12.632768148414204,-92.0706239194773,17.001997,12.538574,20.861023,10.968384,-10.906136,-12.128938,14.994481,-16.822258,-11.404291,17.434196,-16.955753,14.963571,-0.20519893,-3.188083,6.5036173,-16.278526,22.475128,-18.89501,66.03379,-28.765203,4.780429,3.5773692,-25.654638,-19.411253,38.514347,62.46858,41.97024,11.936215,-1.5039003
1352,-172.63743591308594,-162.3007354736328,76.4455795288086,2.179352464520596,-12.59449620036488,-92.10595301617391,16.955652,12.4876995,20.887863,10.956805,-10.895475,-12.096551,14.897955,-16.868061,-11.349946,17.463514,-16.935276,14.977045,-0.16430523,-3.2008383,6.4818006,-16.303299,22.459692,-18.889708,66.03057,-28.763018,4.756668,3.5429327,-25.640047,-19.41066,38.50353,62.522278,41.98599,11.864083,-1.4812738
1353,-172.6082000732422,-162.27845764160156,76.45036315917969,2.2011402255884813,-12.557915218272276,-92.14432745398545,16.903852,12.442336,20.917778,10.961105,-10.890193,-12.067799,14.78933,-16.913513,-11.279387,17.514061,-16.91893,14.976112,-0.12143307,-3.204428,6.4624667,-16.356255,22.424671,-18.884586,66.07294,-28.745426,4.737991,3.5265706,-25.62298,-19.411188,38.46662,62.577187,41.9947,11.786403,-1.4429415
